1 30 678 36 3 43 1129 202 94 149 2084 28 646 54 737 147 300 151 605 16 1420 214 1142 68 2253 238 1541 245 1413 8 221 7 1939 137 1284 165 1174 183 500 122 1525 23 1003 136 221 200 1755 127 741 173 80 165 2339 130 834 33 75 213 1676 43 1428 137 875
2 30 1736 151 2444 160 1975 42 2341 15 2081 208 174 89 733 164 1851 41 2193 133 586 50 1686 86 744 214 1373 236 1571 239 2388 54 1468 216 1337 209 496 54 2377 107 1479 17 863 18 675 163 1584 177 1751 62 215 241 1193 152 1857 114 1954 188 1727 77 1769 204 115
3 30 933 186 380 35 1356 174 1950 117 2167 181 1346 83 495 155 875 227 789 44 1920 27 824 35 1178 143 761 171 2045 185 253 238 1665 12 804 246 948 199 547 25 1606 98 652 234 1256 79 2319 232 1290 110 1680 160 2359 242 518 51 1437 201 1923 194 1826 17 2098
4 30 3473 155 1210 26 1940 194 344 222 1931 227 240 217 1597 103 1382 46 650 103 401 157 405 189 670 96 2217 198 1990 152 161 25 1190 47 2260 140 1958 159 1729 119 2178 100 1922 33 1833 193 1465 16 958 237 663 32 1593 114 659 199 707 109 1688 11 2224 162 1320
5 30 3028 58 1586 162 2192 81 140 165 426 144 1441 203 1643 61 857 29 1496 126 2157 245 1877 161 2132 147 771 175 2064 118 937 108 852 71 2123 42 1446 234 485 248 1761 67 1293 100 1257 243 2449 115 2480 47 2277 219 1382 106 461 58 564 75 1158 56 1084 236 545
6 30 1653 102 611 236 186 228 796 166 2292 215 414 20 751 97 1751 25 458 178 1277 71 2062 95 1577 135 2102 115 2312 89 25 17 2017 26 1397 83 901 134 557 112 1577 40 736 133 507 246 719 113 1973 21 309 197 417 123 2001 206 176 120 129 203 2053 101 1168
7 30 2233 215 2111 30 2475 178 1006 204 1536 111 640 60 914 75 1014 61 2317 223 2367 168 1245 78 432 16 562 96 375 30 1271 202 2173 82 1244 106 1971 110 1751 201 961 180 220 69 298 111 2474 75 1431 28 657 151 1002 59 2197 95 2350 97 2403 156 1153 125 105
8 30 2713 2 2320 61 671 83 869 170 2275 74 644 249 850 80 244 1 2362 142 1605 80 2331 43 355 71 1450 230 2128 14 721 205 231 15 84 64 2438 79 979 150 37 69 478 187 2001 224 2500 81 13 197 1073 225 946 65 523 158 244 241 890 165 17 83 1071
9 30 338 79 809 246 2137 1 517 232 1341 123 177 38 1331 177 1952 210 1392 87 166 241 1505 30 1933 140 377 158 2239 219 1180 97 694 209 1179 126 553 81 1912 183 483 36 1614 217 2431 148 2204 44 1478 112 376 221 1632 226 1182 76 2388 94 2498 149 1586 121 1645
10 30 10 169 1916 148 410 240 469 57 621 131 430 124 2401 119 382 105 412 110 298 127 1485 73 525 97 2279 108 1051 192 299 204 904 195 2301 175 1582 224 1998 43 2245 13 2126 198 1037 102 250 94 1736 110 2244 181 982 38 1840 207 1340 220 406 240 289 226 1993
11 30 532 188 1993 104 2162 233 188 229 795 60 1776 14 1031 235 2336 210 1487 10 500 84 2048 79 1719 217 26 215 9 94 582 75 741 41 1946 50 2257 197 420 50 1641 113 1955 232 412 99 587 103 229 103 743 15 1974 103 1037 239 480 141 40 200 2446 70 1884
12 30 2125 34 1075 69 1565 218 1983 228 1283 117 1877 75 1844 90 1358 242 871 154 81 115 2158 79 2151 144 91 34 1414 234 1001 215 2176 172 1154 224 1541 51 455 113 48 179 1316 158 1234 169 1127 23 1548 131 1027 69 2311 133 295 192 602 9 1810 27 1311 47 1947
13 30 1586 11 2442 142 1278 227 2386 36 1553 36 1261 92 1279 233 791 19 1481 44 322 188 889 71 539 132 335 10 2171 118 2122 166 2313 205 1141 185 2083 229 354 196 1735 127 652 58 799 115 767 129 2207 226 90 132 2283 91 575 17 1891 143 2365 203 1800 59 655
14 30 2144 33 1662 93 2264 57 1393 15 952 1 1178 11 2188 94 910 127 1161 152 1071 47 1926 126 667 5 398 165 2197 213 166 62 291 210 2432 66 1047 217 2039 237 1429 225 1529 31 307 116 613 135 1211 83 142 169 771 42 699 143 2489 172 591 40 2182 186 2473
15 30 2397 238 1498 20 1630 133 1733 39 1070 124 1834 18 2115 65 1786 229 2028 221 929 74 2418 58 2412 133 2248 149 1153 21 860 163 1718 20 1689 14 1593 1 806 108 1377 6 638 130 1892 90 49 194 47 205 1733 142 1769 160 2418 2 1631 243 621 30 670 152 234
16 30 3255 248 205 92 1433 248 937 235 1620 124 21 129 250 225 720 184 1141 232 186 8 1550 121 2358 71 1838 218 1784 123 1909 6 1021 181 1467 75 1019 145 2229 192 334 133 786 179 2447 33 1940 28 1575 156 965 158 2326 169 1852 34 1171 219 2267 132 304 124 814
17 30 1855 33 2036 244 1342 124 337 102 1486 10 248 187 778 199 296 215 592 98 1326 80 2309 207 1883 171 1378 107 2331 75 418 242 993 93 501 250 34 96 2097 113 821 120 1402 136 2421 135 1378 72 350 5 1349 217 1979 61 2480 34 759 112 2164 243 287 210 202
18 30 1815 161 840 21 2050 128 2271 98 2333 39 2497 207 1959 198 2208 245 1126 91 924 23 2160 191 307 112 974 4 1995 55 92 236 1915 218 413 64 395 233 1141 6 1336 125 1682 189 43 99 721 159 966 180 1148 87 995 54 2142 4 1913 246 1026 115 2249 248 1450
19 30 3356 45 1960 179 2310 36 2273 41 1642 209 157 212 843 223 1685 55 1049 74 390 124 492 126 1975 180 811 75 1644 160 224 225 209 88 851 102 1097 108 202 177 2128 33 1695 238 140 14 2285 117 1843 50 2271 121 293 237 1325 218 195 232 1635 76 2290 224 277
20 30 3427 96 1005 210 2124 167 1135 35 1268 209 2299 242 312 89 433 130 16 169 1443 26 553 184 754 216 208 240 1332 35 2283 176 1130 87 391 56 1203 107 187 38 1070 114 2301 32 1256 84 1928 137 893 131 1509 144 745 135 1737 79 1764 157 2370 248 974 233 268
21 30 0 115 1819 68 1255 122 1204 127 913 197 185 244 291 170 1606 46 1838 201 1249 139 1459 96 897 118 1597 119 2420 75 1055 150 1876 47 51 175 834 237 1536 29 2479 98 2100 36 683 214 563 29 289 181 275 202 1614 207 928 249 1097 169 1289 141 1885 152 77
22 30 3098 40 1481 9 1387 198 2065 165 1736 87 804 145 1491 250 1916 2 954 232 1878 146 1950 56 130 101 28 159 386 177 2298 63 1957 156 2238 135 541 61 1583 230 1464 123 61 162 1620 47 2278 31 448 189 1080 12 756 137 2439 168 239 129 248 245 992 42 225
23 30 2108 68 1960 62 656 50 1898 183 1762 202 1871 156 453 45 635 93 1208 242 979 249 2494 117 786 220 1476 140 552 28 381 47 94 171 2236 129 127 88 1816 227 863 136 1714 118 1800 213 1199 119 1287 21 490 190 1508 238 1823 79 132 193 2200 79 986 20 1275
24 30 889 199 20 115 922 150 914 167 863 209 1065 32 641 248 1417 181 1156 45 1989 178 210 53 614 245 1688 14 466 133 610 160 312 99 1292 206 909 144 100 137 9 112 1608 65 1461 77 616 200 163 189 1782 139 813 170 1978 245 2422 41 2294 229 364 90 1167
25 30 581 52 695 185 2434 6 938 168 1446 237 944 93 1138 47 1117 20 492 116 1589 236 2056 55 1760 75 331 132 1570 162 1851 93 599 27 639 137 1843 4 1509 164 136 123 611 96 574 219 1645 176 1233 43 1871 47 2264 117 2363 233 2104 142 1330 220 1514 5 757
26 30 1161 226 2489 200 408 104 256 3 888 244 436 244 2395 154 388 241 1756 123 2029 93 172 235 39 158 1871 138 579 135 2031 106 134 212 1604 220 1026 201 815 157 2402 88 103 37 688 240 1802 158 673 161 2281 107 1363 238 914 10 146 103 1948 131 999 76 729
27 30 169 30 1765 45 919 217 83 11 1232 52 391 149 2122 61 2179 220 1163 173 916 57 2348 98 1048 230 1276 136 1249 198 2099 10 456 166 992 122 1841 22 491 103 841 221 870 69 2332 230 1 139 1209 82 127 160 1815 6 1369 203 376 102 1381 114 532 33 481
28 30 383 65 806 169 449 143 1295 154 2290 246 2215 94 379 158 1720 55 2001 109 2458 35 1999 95 1085 160 344 125 1776 84 1559 158 1832 35 526 180 1907 246 1142 202 141 201 1801 166 636 163 573 63 1036 3 1392 100 775 4 664 155 2199 238 2033 51 1590 172 759
29 30 1314 222 2447 94 963 140 1707 54 503 58 1422 152 2315 137 708 107 384 236 1862 250 1156 241 1937 5 921 217 1016 13 1226 189 946 146 2060 3 954 182 111 119 80 29 1009 125 1453 229 1860 120 1122 186 529 88 1271 234 855 156 446 112 930 204 2266 141 2352
30 30 3851 211 541 175 1926 176 80 225 985 190 1540 214 206 135 1223 149 1654 33 502 100 449 210 1024 97 1173 245 154 192 377 18 1792 135 631 231 1128 193 830 231 2346 54 58 200 640 36 2493 177 1921 219 2069 40 917 50 108 216 405 108 828 117 1503 152 12
31 30 2750 201 2319 150 1618 13 125 107 2209 191 475 213 1063 101 918 83 680 2 1633 12 852 18 1464 206 1512 163 786 129 849 73 803 159 2040 3 1118 99 1186 200 1348 62 1472 151 934 71 647 70 994 225 309 6 941 198 1264 153 1600 109 1236 227 386 93 243
32 30 1746 179 655 195 2061 10 813 111 1546 85 813 25 2428 105 2060 166 924 17 1383 154 1751 182 2259 31 1867 207 967 67 2161 116 154 241 2112 2 698 141 2259 126 1277 25 2317 186 800 12 233 248 1090 53 1593 29 2237 145 674 13 1537 40 1445 175 2429 49 2098
33 30 222 54 2107 48 1819 3 861 167 1570 40 374 248 1628 190 932 33 2403 74 1752 46 268 54 2110 166 1913 24 2395 86 1351 3 1183 218 1266 224 1493 131 465 92 1948 21 202 114 804 157 347 113 446 2 1289 44 1787 229 1580 76 1393 228 1321 107 455 119 1783
34 30 1028 180 1158 55 1334 109 126 172 1117 201 1335 163 1375 3 1360 41 1262 102 1658 102 1776 14 29 37 711 216 1071 187 2200 62 146 32 2122 19 867 42 1741 200 975 223 2013 246 1343 19 2397 162 1632 169 497 8 2163 203 734 53 2480 55 1617 147 897 191 2027
35 30 2481 24 641 100 1839 234 1858 241 1844 235 299 65 1517 10 2099 23 1774 26 1719 177 1514 157 178 168 1036 201 861 102 1749 239 1406 119 2082 203 1222 59 839 211 605 104 1204 213 1605 74 195 202 1994 57 2325 50 264 50 1598 90 1390 184 991 86 696 44 1155
36 30 578 167 2059 211 699 111 1670 167 1075 147 1441 65 7 234 2452 223 822 211 2039 142 1920 9 1410 216 901 31 1372 208 25 114 891 145 955 142 1876 146 301 136 2183 220 1399 234 1777 210 2036 3 505 36 1363 80 1936 147 1005 79 1065 97 2032 5 2500 169 1743
37 30 932 52 1423 41 1772 78 1927 220 1809 69 1856 168 1701 117 371 126 897 204 967 53 1865 99 1763 199 295 1 2143 137 1295 189 1232 236 1196 72 375 33 1493 180 1739 88 141 223 316 10 1690 102 219 183 1363 237 1320 35 442 140 1288 155 976 138 2379 165 2160
38 30 0 143 48 91 843 94 1056 83 1559 215 1493 174 1721 32 121 199 778 38 1795 47 841 221 157 244 627 222 233 40 1545 37 263 74 616 129 2461 212 966 51 8 247 231 28 161 79 445 163 1011 215 821 77 1554 100 1860 44 431 111 2191 39 1278 72 835
39 30 716 167 1674 120 1263 112 2381 38 850 126 690 121 966 124 900 38 901 134 2144 84 549 249 972 207 1321 186 1232 90 2295 5 1117 203 91 211 1908 163 940 178 1738 147 1784 143 542 75 944 1 388 199 909 143 2133 178 2136 95 454 230 909 70 1356 244 1784
40 30 3353 162 1102 227 2338 235 1246 35 209 56 1140 108 856 31 309 80 2490 156 1787 105 1529 73 1568 168 1242 222 626 188 1448 213 407 81 1179 169 2239 124 252 31 1035 226 2232 249 2477 75 1301 6 623 90 578 87 612 116 595 130 1933 211 753 164 1195 91 2256
41 30 3112 151 538 191 1984 108 174 206 769 224 512 40 1217 36 1090 241 1083 54 1851 175 2045 118 1172 62 458 78 1461 222 182 150 17 109 1591 76 1625 136 2219 101 840 180 622 227 1594 60 801 231 2457 107 721 134 98 76 1610 190 691 1 222 64 2065 246 1843
42 30 635 40 1075 14 446 244 1886 173 1921 95 1777 120 1065 206 2145 66 990 184 1606 164 935 67 1428 215 406 88 2364 99 578 21 1950 8 2326 89 2223 8 303 32 304 90 863 237 719 248 2017 59 1111 250 2269 60 1340 182 1770 161 43 20 1661 28 104 240 407
43 30 581 131 578 220 1468 167 2128 71 2485 245 574 216 1903 163 642 205 1056 45 554 91 613 94 333 112 26 143 1396 119 664 105 1209 162 1513 29 1401 129 2336 69 68 223 1576 145 1930 5 669 122 1854 98 1054 174 823 227 1647 194 1625 96 1379 46 1541 184 459
44 30 3197 112 1688 127 2310 226 778 171 889 116 972 239 312 115 1492 50 1356 90 2194 195 560 118 1109 224 1336 232 1476 174 30 137 549 40 1186 145 1362 85 457 73 304 19 383 148 841 26 900 190 306 208 779 58 1255 25 832 109 534 39 764 114 2024 212 1712
45 30 2623 57 2125 122 2060 31 245 103 1081 13 1957 166 1571 69 1057 155 85 169 335 229 2255 38 898 183 210 205 2357 198 1601 204 2319 18 1076 37 691 221 74 95 238 31 1479 59 1691 47 2335 201 954 244 2295 185 410 93 1575 199 1585 115 2285 158 22 187 1930
46 30 626 17 2494 162 1914 113 2059 169 1484 44 663 215 248 35 1891 123 2358 248 935 36 1002 125 877 25 2089 154 208 118 2485 201 2249 120 882 83 978 181 1803 39 1771 14 2361 190 2078 196 1255 59 252 201 184 33 2428 109 736 107 1488 84 2161 66 507 240 1209
47 30 2881 68 1189 89 2268 121 145 156 1022 241 413 79 247 202 2036 38 1549 26 1994 75 1994 3 1890 139 2488 16 2164 34 736 219 227 111 661 53 1589 250 2271 238 165 15 256 207 2190 23 2124 128 2376 231 2441 21 171 225 796 191 926 187 285 12 1651 140 2389
48 30 1179 47 666 7 637 223 1562 167 489 140 716 135 1301 159 11 180 366 122 856 223 149 191 879 82 1027 99 2049 60 1725 34 1615 12 969 234 849 27 578 63 1738 167 2157 85 1458 94 2162 87 1439 106 2447 201 125 186 1252 243 2401 208 1757 103 1341 50 1280
49 30 313 34 137 70 583 71 1853 2 2427 151 1977 239 1920 106 749 70 1796 168 2131 209 1641 222 386 95 1393 238 1675 146 365 73 405 127 2265 71 1592 19 339 114 96 193 2357 219 1620 194 2411 214 1251 113 1212 138 1490 92 44 134 1926 244 260 245 2351 148 1676
50 30 3690 165 985 61 1908 54 2034 241 1175 47 602 99 78 69 371 18 99 71 525 29 1367 178 394 150 2411 216 1603 126 605 2 1012 122 326 245 1884 174 2141 59 587 197 2025 198 522 53 844 204 33 135 531 74 1131 219 1299 234 239 223 919 155 2336 105 335
51 30 3439 177 2258 10 1490 47 1770 157 2281 45 953 101 361 194 1970 39 335 206 737 154 1997 135 1341 122 318 10 332 143 1222 227 818 177 985 46 166 88 1409 226 1549 31 1744 47 1542 72 389 237 1619 175 2490 169 1570 202 1514 145 1898 120 2221 24 908 174 1808
52 30 136 115 2022 142 1480 210 1045 20 1571 112 898 143 2209 160 1946 103 1961 154 2024 142 1727 31 2263 52 1278 204 2271 102 1992 33 2257 137 1751 62 1299 142 1079 4 1265 87 1793 239 1317 6 1106 223 1965 30 1837 85 1953 243 1207 70 1375 90 1775 131 747 75 409
53 30 2150 233 953 235 1262 203 1922 243 7 140 1658 42 251 174 370 190 1076 197 565 11 366 96 518 111 197 162 306 221 1814 4 996 101 2039 140 1363 78 2203 101 244 65 1163 141 1193 154 1950 34 1146 97 582 78 1143 151 1631 100 576 175 1075 29 492 153 1059
54 30 2467 68 1147 140 2059 39 2113 89 2387 1 1555 240 1127 20 206 219 644 147 167 227 1003 169 1423 201 1152 32 1975 71 753 101 238 35 2376 6 208 162 476 130 1726 226 2164 192 1806 81 791 40 281 228 79 115 1742 218 1823 55 854 123 1022 161 577 70 1657
55 30 1396 119 1586 171 1776 187 430 82 1061 164 628 122 957 89 2390 62 694 240 713 118 796 197 1599 18 988 201 1186 186 1734 62 6 150 1900 31 1963 127 773 154 577 238 1820 133 919 30 1671 153 474 245 2433 217 101 210 1428 227 2477 174 712 194 1986 200 2277
56 30 983 36 1171 166 322 185 1590 14 354 199 1898 183 282 45 1979 22 2498 21 283 66 106 77 898 208 684 15 1644 168 1517 239 1942 2 1235 45 596 247 1972 103 559 115 917 29 595 88 6 32 110 187 66 65 91 16 1959 151 2347 145 707 250 123 100 2162
57 30 3420 145 1083 167 1213 107 1482 60 1915 241 1774 77 120 31 718 200 2013 232 1744 152 1694 206 1868 39 2024 195 798 55 592 130 1375 41 511 126 110 163 1725 63 1375 68 620 9 1426 51 408 195 788 189 1000 238 2490 110 2437 174 221 229 1912 82 960 215 2289
58 30 471 183 482 13 1650 239 693 80 2095 50 24 192 857 20 509 142 1820 206 1119 142 768 129 878 190 1899 48 1554 93 1534 84 439 195 1014 226 2255 175 2433 73 2050 190 1814 112 1783 246 233 233 589 132 2004 150 507 210 1681 83 2296 196 1588 228 275 37 1698
59 30 2399 117 2020 71 2415 200 142 179 2183 131 2037 146 2199 242 1740 240 1586 26 1137 169 536 215 187 40 2232 82 211 246 2300 19 2342 109 1754 150 206 165 1594 161 1343 127 273 128 2153 180 1245 219 1078 27 1426 217 1266 217 2359 148 726 95 1322 205 1337 45 1906
60 30 1262 145 1826 201 1137 184 387 15 1914 201 616 128 9 171 1917 43 1692 12 77 208 2273 238 638 12 419 2 2067 21 1153 105 1564 185 394 210 65 187 2247 147 498 65 1609 70 1140 106 192 134 925 26 1800 213 519 64 1035 101 937 51 1187 136 1613 188 1560
61 30 3088 51 414 79 2012 155 343 109 169 122 2281 66 280 208 597 127 131 14 2400 60 597 40 1667 81 2369 24 1181 46 1765 55 2251 53 338 152 2117 75 948 227 2070 237 1506 73 369 215 383 201 1155 75 2247 150 1654 27 2034 207 1781 226 1777 83 148 58 1579
62 30 15 174 911 200 385 197 2237 219 1333 22 1495 121 1963 211 365 142 1875 164 1077 111 2208 51 2403 103 465 38 1996 218 1146 212 1832 149 1179 169 1870 243 200 111 1062 48 1425 35 552 236 1018 137 983 153 2319 72 1746 74 1763 244 2209 69 2177 108 2179 233 23
63 30 1897 235 996 81 1537 238 2404 212 586 158 1553 48 1667 193 2024 186 2431 37 985 95 2490 95 1797 50 1275 228 642 69 972 166 161 17 1655 245 1423 29 2286 245 1784 6 1827 188 463 201 2115 59 550 239 1995 3 1332 225 378 153 679 203 1291 175 593 93 1118
64 30 3331 201 1630 221 50 236 2249 141 1997 16 1533 41 795 46 118 39 2175 234 1519 82 1276 173 757 13 660 34 713 229 214 81 1466 150 1868 116 2351 68 1997 128 1111 159 562 45 1552 177 2089 122 1178 150 1661 13 1922 19 2395 210 1488 58 418 168 1052 79 395
65 30 1019 106 1083 250 1327 103 83 66 583 25 704 196 1930 55 1891 115 1443 250 756 87 1951 234 2041 93 1233 147 677 224 44 220 2012 204 1001 233 1515 184 430 22 1313 95 2260 140 1709 221 1335 120 2296 26 1915 175 1951 12 1495 199 454 69 1928 66 695 130 1866
66 30 2668 226 220 153 2221 101 1778 90 1754 20 883 31 2036 136 2470 75 187 86 1710 185 130 172 2111 15 2153 26 1532 26 1337 64 745 219 1984 116 1184 162 2042 112 1668 27 1586 20 1582 244 567 64 317 20 1190 62 2265 156 2055 164 1731 90 2120 239 1155 207 1771
67 30 493 101 2463 14 1359 180 2199 224 1651 165 1827 42 1052 58 2027 126 1576 153 1374 11 311 238 5 48 327 218 1832 201 726 6 2277 213 733 154 947 39 988 155 30 125 1085 153 927 188 1092 181 456 157 2367 205 666 143 2436 174 626 250 931 134 1138 12 2310
68 30 711 126 451 25 1234 87 134 202 1951 206 296 215 1120 41 1610 192 1546 245 999 182 688 118 1700 155 2086 98 2344 59 575 37 935 82 986 122 118 139 1349 201 929 190 82 230 197 20 276 224 792 209 1321 17 2181 25 2256 190 445 207 1709 218 2413 83 761
69 30 2726 142 793 26 2320 235 54 13 2207 91 1829 160 1628 67 1220 240 384 19 1256 74 420 208 358 92 568 213 446 62 1640 75 922 224 710 49 750 125 468 146 1976 212 1422 162 2032 47 201 42 492 99 2276 72 914 140 801 230 289 154 1386 22 1527 25 1242
70 30 1855 86 1715 211 883 111 326 214 237 17 692 177 1920 32 2258 218 645 113 221 130 853 72 1061 75 1020 81 2099 93 1227 29 826 165 1734 12 889 193 993 33 169 194 2250 232 2257 35 165 42 1539 214 350 140 1262 90 1554 30 1412 230 2150 163 912 190 2000
71 30 3418 91 2217 21 2444 238 541 13 1856 18 273 24 1381 237 279 72 893 102 2346 162 634 206 590 19 1997 236 1881 145 1371 179 543 135 1376 195 117 96 2413 156 911 90 1575 98 2357 159 937 143 448 67 1095 118 1915 163 2216 85 279 33 1378 159 1894 205 1441
72 30 3060 3 215 160 1122 134 223 23 739 24 512 38 1078 141 2089 164 2488 189 1309 173 443 211 212 53 168 48 871 54 1192 215 360 213 400 230 320 40 2125 44 1310 65 363 30 2035 54 443 107 683 22 2015 95 1018 60 964 64 1585 230 192 75 1965 177 1389
73 30 2226 145 660 208 353 171 291 203 1538 23 941 179 1957 249 946 115 1400 16 1058 51 643 54 1451 203 2160 226 1188 151 467 195 776 196 1930 161 200 142 1554 23 1081 2 159 20 1182 42 306 201 1507 112 2218 17 2164 53 75 107 1513 159 425 220 1546 191 258
74 30 2087 130 1315 237 1724 3 173 52 863 54 2070 86 175 90 1626 205 590 149 1427 144 1814 235 574 161 478 233 2254 133 2145 47 1324 59 211 204 2391 173 1862 210 546 10 1050 144 1185 88 1452 34 525 233 937 116 2497 66 2094 69 2463 23 193 183 2408 214 1912
75 30 925 153 1121 154 1053 69 2012 98 303 116 1656 232 1609 97 865 161 2235 205 1619 173 1688 53 1745 137 252 85 1760 63 656 246 519 116 238 83 1194 34 999 34 934 146 1885 91 1961 162 2333 77 2156 171 915 99 2418 243 1446 127 324 19 2137 242 1127 158 284
76 30 2249 70 13 45 2128 212 653 172 2296 35 1168 73 245 231 1867 13 2356 25 334 24 1317 247 1628 164 92 45 811 90 207 86 1008 229 1980 78 2445 232 962 4 1200 102 882 182 279 21 826 2 426 27 718 139 978 75 411 153 1923 168 1190 117 1484 240 736
77 30 1882 59 862 30 781 72 2496 29 1469 222 532 197 1955 26 2076 183 1134 67 925 47 1427 220 1349 135 2112 106 2115 153 1383 112 859 74 587 90 645 179 960 237 817 189 1020 55 1276 165 1664 8 2283 9 1415 234 2467 46 1241 110 1072 44 1895 246 2235 63 1216
78 30 2148 45 2431 11 1030 61 165 187 658 81 2102 62 1304 243 1274 82 1975 219 952 248 1288 204 423 247 256 134 522 176 1017 183 1137 33 1006 248 2474 220 1042 157 2038 111 1084 38 1742 153 2356 51 757 237 2457 245 1294 37 150 4 421 47 2431 51 1330 222 810
79 30 1164 193 1434 79 1680 191 1172 87 2049 13 114 171 1189 155 670 137 977 35 1156 146 34 229 1725 98 1608 36 702 7 14 79 90 200 1917 173 2196 202 1903 238 209 37 796 145 1414 228 1578 18 1994 19 1348 36 2445 163 426 127 996 6 1980 211 47 201 1448
80 30 1674 70 836 71 1211 181 2228 196 736 21 2330 122 1451 240 336 30 373 179 1904 10 2412 110 1665 172 2182 25 564 124 81 167 253 85 1580 139 1542 144 1553 200 585 183 2361 200 644 150 1893 123 94 7 2092 203 134 77 1145 88 876 100 993 76 1639 179 73
81 30 2757 129 236 176 1992 13 277 143 2290 131 150 51 2465 133 1482 238 941 170 680 198 630 21 1634 230 786 50 2442 171 1542 109 27 218 2165 181 99 60 1127 131 1187 29 2436 214 1709 99 1674 24 2021 214 128 51 1934 201 913 62 1830 44 170 60 1478 80 1359
82 30 2430 214 1546 35 1376 184 2411 167 276 81 1460 162 945 27 400 231 529 181 1547 188 288 138 612 228 1616 67 485 123 116 178 2144 118 2085 107 2245 22 1524 37 2085 223 2427 177 722 102 1320 45 1289 57 206 241 1049 16 2222 165 1631 242 2306 52 2080 228 242
83 30 1945 55 1036 17 2402 240 1875 230 710 153 1211 150 2392 111 1762 208 1229 34 156 129 709 148 2082 248 2482 32 807 81 242 240 1116 204 2175 210 596 121 2165 55 2103 120 1706 131 1378 190 59 189 1176 77 109 55 1139 51 1201 23 1534 144 889 100 2150 112 1699
84 30 832 161 2253 125 1488 229 1165 110 328 140 1726 81 1632 126 1291 238 2376 217 2383 190 2482 71 2326 241 2472 49 155 41 1655 13 1275 101 75 101 88 232 1515 221 2486 36 1669 53 1022 19 382 27 1857 37 335 12 107 239 1919 12 2459 75 1614 56 407 120 515
85 30 1519 65 2337 216 1542 33 1859 101 260 19 200 230 2463 40 738 147 804 28 186 231 1577 14 714 22 574 250 455 151 2226 16 1050 223 1688 116 2406 60 2021 136 1244 234 1718 192 1797 206 723 229 2296 12 2412 128 1238 212 817 196 2230 98 665 92 2027 36 1933
86 30 3011 90 1262 68 44 164 237 96 1894 90 2150 141 2412 123 401 186 1193 24 1124 122 31 5 1651 11 2467 130 590 100 1361 213 2355 70 1529 200 1624 79 672 240 1224 30 853 40 2215 232 1354 171 383 226 1372 157 1757 22 760 208 1698 121 1058 245 928 133 673
87 30 1489 238 881 227 271 192 129 108 754 139 66 39 1766 193 991 123 2052 185 2481 28 141 174 130 3 971 22 831 193 1550 157 2273 173 398 149 2088 12 2419 6 57 161 1308 79 1449 184 1705 60 506 242 359 91 2238 190 1350 227 693 29 1437 74 2128 10 802
88 30 3362 67 410 46 1190 93 269 58 2152 238 655 85 1767 1 2343 3 1284 70 1961 136 304 19 1373 47 659 237 1310 51 1740 226 1996 235 369 21 1727 244 961 211 2425 121 1573 209 385 244 506 40 729 97 2050 104 75 82 276 180 442 69 1909 112 976 46 572
89 30 2122 96 1326 181 618 226 1005 169 2339 61 1272 145 597 233 121 117 1648 12 1411 224 54 133 943 101 1881 178 1609 133 1039 204 1724 117 2392 28 112 36 1971 37 1131 92 1884 224 1058 157 548 117 1477 211 1910 66 989 180 383 194 1932 126 679 161 425 199 1555
90 30 1248 82 1818 211 2008 242 1658 8 464 20 1329 139 1472 50 512 93 361 219 1706 28 430 237 1247 206 2476 171 301 158 1777 43 253 74 2255 103 174 155 274 133 1857 186 2207 99 1481 69 439 192 2131 192 2476 35 1937 155 76 84 1288 140 1305 13 397 243 448
91 30 165 59 810 84 1333 238 281 95 54 21 356 128 951 73 1822 38 359 177 1129 230 171 123 263 156 1220 38 923 148 1914 171 268 245 903 165 1313 20 2306 141 602 206 986 209 1331 80 322 214 2487 163 1319 76 941 125 1104 215 593 147 1271 228 1567 51 87
92 30 895 192 1553 162 214 188 1174 1 284 189 2058 250 1226 249 1872 2 1331 217 348 36 900 45 448 97 321 89 1446 208 2322 149 2298 123 1694 63 2480 243 1424 203 572 145 1211 189 391 132 1485 181 1998 85 343 163 2271 108 2058 221 2377 201 657 123 184 76 500
93 30 519 145 2091 12 1312 152 2218 93 2223 159 2193 36 478 183 447 196 159 129 676 212 171 4 141 46 1684 189 907 94 970 123 1250 154 1252 96 1310 68 2448 73 553 99 2408 93 619 207 2347 124 2176 34 1157 240 815 104 485 182 2201 130 1139 90 542 154 1798
94 30 1426 47 831 110 1714 39 1124 98 717 223 1287 191 1095 78 577 229 153 5 633 239 1936 64 1087 242 1441 11 2239 71 406 209 1615 147 1245 155 1378 168 1074 63 2485 63 1932 120 867 202 499 60 591 172 189 35 973 47 918 130 365 7 1589 44 1942 141 727
95 30 1981 86 1244 123 2268 26 418 212 592 59 1369 57 333 149 1400 28 510 84 1132 106 1655 34 176 246 2196 117 911 148 819 176 614 82 1844 64 1571 88 1852 218 521 176 2393 200 1986 168 416 101 1354 21 1828 20 1791 124 887 115 1953 13 2497 30 1101 33 229
96 30 1920 210 689 135 2398 177 2438 14 1815 236 40 159 1957 171 2431 143 232 161 2300 95 1396 46 2078 151 1943 172 423 41 251 89 463 15 1752 201 2110 150 2412 207 763 193 1633 217 2108 71 1249 193 781 152 1082 101 2352 180 2019 7 634 117 1593 74 1356 78 778
97 30 3241 56 2010 232 2110 248 810 213 1321 13 1833 31 1633 141 2068 139 54 78 551 52 2305 16 1494 5 81 144 2498 80 1022 116 2059 43 1166 232 2417 145 957 46 854 17 1680 70 1124 23 1093 222 298 157 392 86 37 188 2316 77 401 155 655 157 1235 230 1267
98 30 2733 68 1411 237 1368 244 1015 207 421 212 344 87 2086 57 1148 98 1133 127 2170 179 1325 134 2365 122 792 74 1098 25 1998 24 506 143 660 82 1746 68 401 150 934 203 2334 140 11 8 1485 10 1479 173 2473 28 1829 165 733 247 1420 125 1181 40 1768 245 808
99 30 2300 39 697 14 1665 145 1423 150 1239 6 345 14 1337 224 1373 95 943 177 1348 22 2042 162 450 196 877 238 297 92 225 42 1714 19 432 232 1791 48 2319 42 1533 36 534 117 1124 79 2497 189 1332 43 173 16 2326 205 712 13 204 144 1421 59 1069 14 809
100 30 2726 250 658 92 98 31 1707 121 86 147 844 146 6 60 1910 119 300 246 169 16 660 26 1481 53 1850 39 2169 125 735 191 2360 195 2171 197 1008 114 1512 123 1049 240 1980 29 351 171 1047 7 1432 145 975 18 1647 158 1731 129 704 162 2354 89 1547 75 1208
101 30 513 125 620 25 2134 97 116 51 2144 218 366 155 951 203 105 181 1675 39 232 10 1974 25 444 64 2367 67 1196 90 462 236 2439 76 442 193 2069 66 1773 53 234 202 2227 210 1446 184 226 205 287 57 1090 101 1054 223 2371 81 963 223 175 51 1890 120 1244
102 30 1762 67 1600 57 1144 113 832 224 1641 10 1911 142 1057 238 96 164 2185 14 1335 130 1148 60 2032 11 1928 229 2258 52 1352 199 1661 228 1295 56 1877 21 1037 234 1734 223 1622 104 200 19 1893 243 136 212 1253 218 1155 225 1420 137 1527 211 1265 159 431 88 1398
103 30 1058 145 500 41 11 101 1087 165 2198 54 37 98 1203 209 2463 49 1290 125 2009 95 520 113 1305 28 1242 74 192 174 1670 41 673 160 346 226 1222 31 1444 175 2298 88 597 169 670 108 1885 143 103 115 453 1 1716 34 384 51 1248 143 255 158 1255 182 1908
104 30 124 207 2405 168 465 190 2458 32 91 159 2330 136 1095 43 1778 248 609 209 2019 25 1584 60 579 241 1137 65 1574 101 1652 41 440 201 548 9 1122 223 1821 136 859 68 1194 210 55 97 393 81 2005 150 699 33 1617 30 3 112 1923 220 1363 70 2499 4 1388
105 30 555 42 722 130 940 220 156 225 1428 151 2290 141 1503 93 905 21 155 178 473 111 1662 22 2171 63 1989 124 1792 112 2359 61 1861 128 1297 233 19 87 1137 173 1905 170 77 214 1464 139 2481 94 856 43 2162 10 109 15 254 1 2230 123 447 161 28 224 529
106 30 446 129 1252 49 1507 55 1390 39 1095 18 1438 60 893 243 2414 174 1976 86 2432 76 1737 208 375 4 870 130 903 159 561 43 2037 209 2397 167 122 214 22 8 2349 71 443 236 1098 123 242 85 293 190 1148 137 496 87 105 119 255 68 189 57 2439 75 1220
107 30 1050 79 1548 244 2154 108 1440 245 98 185 2378 71 931 57 74 44 1491 67 2238 19 1944 70 1024 50 1521 205 697 242 436 104 26 211 1390 121 1225 153 2245 93 2208 89 2187 120 1312 33 168 187 797 166 2056 203 1315 17 2483 236 687 249 77 226 1537 217 495
108 30 2771 131 435 217 2360 126 1625 117 1952 115 1707 142 2167 36 913 77 1153 57 2427 65 1232 1 1869 197 888 225 348 191 814 170 617 191 927 135 388 212 332 39 1319 220 2052 159 383 66 2242 95 872 242 1787 127 1194 142 893 121 1306 105 1805 226 1887 9 2442
109 30 1411 76 354 67 277 95 2308 177 1775 225 1335 152 1034 38 73 103 1157 206 1979 141 1252 78 1657 224 2110 120 590 140 2240 51 1014 149 982 242 1767 191 2182 129 242 211 1953 26 630 208 2299 172 1976 84 1889 22 146 117 2342 241 1958 147 1949 51 2326 59 2220
110 30 132 183 1419 250 946 49 2110 49 348 204 1717 202 2124 34 32 69 1161 126 1568 221 528 131 1434 34 1075 68 91 249 1230 178 2328 233 1918 100 1630 20 241 108 259 58 118 61 1750 172 1530 71 1585 180 295 145 1763 143 52 30 774 244 860 211 1999 23 1163
111 30 2812 118 1869 198 664 89 1786 250 2003 37 479 52 1332 56 299 99 2039 69 3 20 2048 240 1590 166 807 230 1971 84 11 58 677 77 2143 14 948 59 1013 199 1837 55 1434 199 2354 38 35 119 866 50 495 15 663 6 1644 176 2307 33 350 58 1912 6 2410
112 30 3272 161 338 111 742 113 2026 173 148 127 1776 204 695 2 1032 132 247 213 1675 110 1889 58 2167 96 2489 220 1169 24 1628 231 1023 106 2312 154 1596 82 1258 56 986 150 1658 43 1794 113 14 30 1158 112 2195 180 110 36 1078 53 948 142 1724 183 255 76 1937
113 30 308 246 1242 247 1534 171 764 118 174 225 1674 22 1530 207 1804 95 2318 67 568 239 1563 3 2483 113 1787 64 278 232 1339 182 2439 19 2072 120 971 178 1586 45 2106 230 36 217 2046 122 1274 218 217 97 150 30 1786 51 2473 240 184 117 1926 200 1678 230 662
114 30 3058 168 779 41 999 194 1571 62 154 193 2077 134 403 115 419 6 688 202 1564 146 806 67 760 239 500 178 2498 205 377 62 680 158 904 25 2103 236 240 217 1720 86 1934 40 2393 206 1478 230 2252 86 896 59 1657 14 2231 243 1213 103 1540 181 1112 77 1753
115 30 1933 35 331 142 148 111 1591 158 2223 130 1993 128 784 139 1715 63 825 197 797 18 2112 218 537 130 1926 137 2248 46 2116 134 600 225 1667 136 1471 124 2123 33 1899 41 1414 7 1128 128 370 44 2338 57 1287 131 2135 81 2214 15 987 246 1677 230 314 27 42
116 30 1473 7 1652 96 2206 5 269 242 783 58 475 228 1861 71 1367 85 874 97 1678 62 1034 183 2049 15 913 201 385 223 646 43 1645 203 1056 41 243 198 500 190 560 70 616 214 2335 141 1974 199 1510 18 645 158 58 56 1974 95 545 229 1554 29 827 94 2265
117 30 2851 143 421 113 9 213 206 112 1910 178 490 151 88 226 1753 163 744 244 2235 222 1518 43 2445 214 1518 140 1488 142 1595 132 1684 18 1743 139 878 82 2499 8 849 100 1381 151 1779 230 2393 52 2122 50 794 61 1087 233 2093 4 155 103 171 159 834 92 517
118 30 632 53 1402 140 395 47 405 179 719 62 631 43 1413 49 355 19 52 233 1954 135 302 236 343 221 1071 191 469 52 1744 155 1861 33 269 237 491 30 180 25 2109 36 2093 227 1364 83 1932 80 1952 231 1426 161 1610 154 2125 133 1769 154 1410 50 753 6 480
119 30 993 135 1038 229 2214 237 1082 141 154 38 284 140 813 249 381 83 1002 247 835 188 381 135 1380 207 1648 182 693 133 2459 164 573 209 1646 54 2398 5 2474 156 314 5 1513 225 2226 51 26 222 1809 86 705 200 1646 42 169 47 2313 240 1697 28 707 26 1536
120 30 28 51 1731 97 1944 250 2349 89 1030 93 1496 21 1290 109 1877 217 1755 189 1851 179 853 88 7 242 47 62 1025 104 815 28 1914 103 2152 55 1126 46 219 88 985 6 847 69 321 135 1107 235 1188 245 835 91 1987 215 2472 11 1994 21 1458 213 551 2 441
121 30 375 73 1000 55 933 33 1729 145 2001 108 2056 125 637 37 187 19 2106 160 2500 70 696 120 2294 169 1214 23 162 6 924 187 1204 137 352 235 1746 130 334 16 300 61 940 160 2214 95 2076 22 2091 4 446 78 1557 23 1358 237 755 132 2475 197 2099 36 222
122 30 3286 51 1901 126 1477 32 1206 22 2248 38 498 159 1210 157 1877 225 1146 171 2209 87 613 154 513 219 1571 151 2037 76 52 88 1949 143 2107 167 461 11 1961 118 544 35 698 159 20 25 1880 33 633 70 2236 153 1106 250 1915 237 1026 7 808 175 443 93 974
123 30 782 129 1275 224 526 152 490 110 1767 174 313 229 1342 12 1833 15 682 194 1111 156 1521 132 1941 82 2303 75 166 130 2032 20 883 19 972 77 1175 19 392 104 1546 216 1391 116 1899 95 1837 131 2443 39 408 119 1232 94 443 103 904 110 1166 110 467 163 104
124 30 1135 36 369 53 687 168 2143 244 1439 53 1452 95 246 224 1609 127 2439 33 1521 166 101 145 1331 149 2427 242 1873 20 644 165 1134 202 618 247 1242 24 185 31 173 83 719 232 581 112 2305 216 942 213 1154 18 286 24 621 135 1042 105 1658 26 1725 171 975
125 30 3048 110 1908 196 1262 69 2233 244 730 187 983 19 1030 239 1502 16 250 226 123 39 580 147 66 82 65 120 83 202 404 132 488 247 113 126 2089 238 1314 115 1934 14 1230 226 316 206 915 234 46 223 1967 245 677 181 659 230 42 175 630 92 2402 246 189
126 30 1459 173 1059 226 1319 66 349 4 1107 191 1132 245 2049 54 1887 53 1383 69 1368 215 152 70 2333 178 2074 105 854 195 364 214 1752 52 935 79 502 92 902 150 545 192 199 149 633 64 1252 216 1809 225 2043 91 1149 204 678 132 1340 140 2003 26 2137 18 693
127 30 2290 111 2269 22 1783 176 1617 125 1587 54 1029 54 1901 230 512 206 467 32 586 168 754 227 1243 153 29 197 790 178 440 20 424 216 1119 200 1420 192 656 138 1228 84 1138 102 2293 167 187 219 1743 75 2115 2 848 169 221 124 635 65 1168 4 2045 234 302
128 30 2240 44 2187 209 1499 177 2500 39 1554 162 298 36 875 65 462 80 1933 130 329 18 857 161 355 99 1472 140 2088 196 363 11 1336 110 1122 224 2309 80 190 165 1302 233 1090 53 1995 108 1674 248 1536 149 1386 37 1342 209 1295 195 2418 110 100 154 437 107 1357
129 30 3005 90 548 62 1237 150 2081 145 469 124 1822 21 2111 182 673 31 347 165 508 234 236 51 752 16 184 167 740 197 82 9 971 80 1273 186 436 190 1800 146 37 154 165 104 130 235 1117 159 1901 96 611 109 2146 128 1862 79 1003 58 1003 204 1339 113 2085
130 30 94 91 1944 174 1092 55 2061 163 1773 58 707 121 1836 132 661 193 2395 96 345 112 1198 194 2418 52 2070 190 2078 123 1589 124 915 211 2176 148 935 230 1367 16 1485 184 1232 142 1758 19 1011 126 2077 211 236 216 896 39 1609 10 2398 124 1518 188 290 50 943
131 30 2763 182 126 31 2327 198 1569 240 654 70 1734 52 2244 56 943 147 1506 138 1155 46 846 36 609 4 1151 84 504 10 759 230 339 93 1501 44 268 246 1305 109 2466 57 1142 100 1036 54 2067 103 1439 20 182 67 1039 69 626 148 1960 135 168 226 949 227 623
132 30 1780 63 2296 226 1321 181 2199 241 1054 18 1545 131 1457 78 1458 222 1609 19 1170 199 436 107 357 117 1532 241 1143 32 119 194 414 111 1334 212 336 56 3 52 713 94 989 75 1784 169 914 230 1720 30 2492 76 571 99 1426 92 2051 215 561 161 940 42 1523
133 30 2961 118 517 71 2415 37 907 247 401 234 2207 127 2058 118 1757 89 1866 129 1136 204 1529 30 645 2 1217 202 1267 153 1727 203 2018 60 1458 172 1062 157 295 78 1217 209 233 87 1950 40 1393 233 1053 222 2002 16 959 142 426 77 2047 217 162 191 1265 186 2041
134 30 1775 174 790 119 86 86 1619 18 1830 7 2450 184 1407 232 349 105 1767 155 1941 176 2034 118 81 191 54 107 2084 88 1547 71 225 113 1617 197 2468 63 1873 93 1104 202 1282 100 1742 142 1477 231 932 158 157 28 495 170 1352 159 698 179 1677 29 573 125 1060
135 30 1384 89 770 56 919 53 2189 236 2314 225 524 123 1159 119 409 224 58 185 1395 163 539 190 2051 112 1353 73 881 130 758 27 1372 236 1209 106 847 115 360 84 280 198 142 109 1942 27 1542 48 1006 43 1065 202 1139 237 2000 124 1578 179 378 177 2289 144 1249
136 30 3009 104 1666 14 499 123 1210 78 1275 236 1926 247 440 229 886 18 1070 51 1204 241 1978 231 2351 156 763 84 2213 88 562 120 1783 207 1134 249 1901 234 2460 142 2132 97 133 239 549 75 1332 171 2022 28 631 158 1380 114 369 90 1423 176 1751 165 698 192 2340
137 30 3217 206 1250 148 274 37 1069 76 2066 4 643 164 532 166 2057 225 1371 174 1384 38 651 110 1765 64 1691 142 1221 44 1506 140 961 117 303 185 798 182 186 103 2330 241 177 154 2049 151 845 100 2206 143 2296 115 628 81 1136 215 805 59 559 214 430 210 151
138 30 2893 81 754 140 870 165 1163 10 2005 240 1323 238 61 246 248 1 2091 111 119 243 1634 130 2001 111 1000 95 2208 199 171 127 1263 10 2418 90 133 60 1911 54 1973 135 2200 73 2261 166 2238 205 1460 242 226 207 1485 147 1360 61 1468 187 178 36 878 66 2415
139 30 463 46 254 133 877 154 1586 123 1723 235 1389 12 677 222 2223 13 1730 226 55 29 1979 230 1409 204 278 43 436 49 2326 181 1698 153 335 249 901 182 2247 224 2078 148 816 22 1868 164 1001 209 631 230 195 170 2156 33 2131 170 1398 9 275 205 310 229 1821
140 30 2729 187 1999 39 689 234 1891 13 2360 11 1703 109 1521 125 1390 9 1615 243 704 110 1368 72 1115 160 155 7 2443 198 532 167 2408 6 1006 176 459 21 2074 126 669 48 1528 11 442 57 1993 91 1122 110 644 49 2032 30 1946 50 1747 224 2249 115 1373 139 209
141 30 483 170 81 8 1449 229 1792 198 345 245 491 175 1248 93 319 109 2325 244 1727 115 1528 99 594 108 2347 125 262 43 696 179 859 86 1362 160 1464 8 1031 4 2041 135 3 43 895 202 15 213 1052 218 1632 61 2376 125 1739 207 271 169 1613 188 647 148 1132
142 30 326 4 9 70 2178 74 15 180 1651 197 2121 240 2333 198 54 11 2150 172 148 141 584 13 1144 5 2304 157 2354 160 1387 61 1972 226 2093 68 527 179 1884 247 1085 249 251 172 1421 107 2241 52 159 2 644 70 1339 77 1483 72 2443 87 1387 44 2122 64 2295
143 30 3368 248 2458 167 163 164 2219 151 1370 48 2472 152 1827 20 2380 50 963 211 2092 171 40 61 1157 11 1045 31 357 1 259 82 1724 169 2172 30 443 64 938 16 2219 215 1567 83 851 27 1082 223 758 173 962 238 1217 128 1263 161 2427 169 771 90 2333 87 1780
144 30 670 17 607 246 244 166 1717 231 1016 44 2474 85 2317 120 1519 143 2279 157 826 133 601 225 1843 55 2257 21 1003 149 1689 155 700 201 792 84 69 166 711 162 1293 59 864 148 990 77 1098 69 1950 210 609 99 1146 134 350 242 809 166 892 58 1288 40 932
145 30 926 8 2272 126 539 47 234 8 32 172 2026 30 1475 101 217 41 2397 54 1916 53 1537 96 1192 244 2273 97 795 38 1950 90 1192 185 244 157 1028 194 1558 110 374 220 93 54 942 108 263 93 2395 91 1857 249 1447 47 797 67 180 113 157 27 2249 48 2100
146 30 2261 2 2121 137 1939 145 526 45 1866 49 2080 100 2262 103 842 126 1877 111 1865 172 1397 219 1427 196 922 80 2267 114 511 214 670 63 24 179 42 154 1249 222 5 26 285 147 1539 1 1030 142 671 187 2333 229 89 119 1385 63 722 73 1581 1 1966 27 1153
147 30 721 153 1303 155 2015 192 1730 63 2028 29 2407 44 2257 108 959 179 1322 121 1546 131 1582 109 2039 30 1333 104 1388 55 2084 150 1257 208 512 66 1868 15 1149 123 880 17 1084 203 103 169 2271 37 696 202 1155 128 74 172 1295 178 420 148 575 110 818 162 227
148 30 966 205 331 131 2166 44 1291 16 540 183 1077 37 1239 72 2046 42 830 102 2326 112 1342 155 1213 198 1484 151 2394 60 1848 181 1290 95 1809 246 2378 91 1924 161 762 66 1459 129 993 190 1093 179 1708 1 1694 130 156 165 2454 199 136 34 1214 230 886 113 2471
149 30 1340 106 1611 33 1980 139 810 83 1701 40 26 101 2483 12 2039 145 173 250 616 6 869 58 2280 49 1931 238 2263 80 2252 171 1279 37 469 29 1281 182 6 156 1879 229 1601 81 2465 138 1765 66 2066 226 1282 13 1681 45 716 49 1132 168 1587 127 1281 54 1184
150 30 3990 8 1915 19 1530 239 1906 94 1602 1 992 201 2463 233 808 193 1726 177 737 119 1115 229 1005 240 340 181 1881 204 505 186 1203 185 1044 143 2029 208 288 127 49 190 25 192 2488 216 1254 79 2437 70 626 236 2100 169 1038 152 651 231 2206 242 1120 179 247
151 30 1829 60 837 186 2170 181 1668 208 1150 171 2074 144 888 51 2111 191 2184 126 733 39 1289 145 1889 92 976 144 503 19 1364 14 1526 246 1670 7 869 17 1708 161 1053 142 2435 167 1982 1 864 41 2079 106 1034 12 2104 187 1565 107 1543 16 1334 36 281 45 302
152 30 3244 129 1544 78 669 214 1748 165 509 22 1494 202 1583 211 2142 150 2272 86 680 213 24 48 894 87 416 75 80 249 1794 121 1229 21 371 11 1987 1 1064 144 1024 195 113 7 1308 165 613 208 544 132 1428 246 2488 131 537 189 565 38 1011 157 2406 37 1308
153 30 2032 57 345 131 1647 155 521 201 1475 150 1952 201 221 246 1711 50 1514 55 2046 100 1614 86 896 126 458 125 949 39 481 151 1477 119 1405 23 382 31 553 123 518 29 194 81 78 221 433 219 2152 225 423 134 157 207 1970 219 873 96 1229 33 20 80 1868
154 30 3036 20 2491 210 518 30 574 149 695 107 2251 125 648 104 1365 180 825 65 97 95 508 92 2240 243 2246 117 2188 131 2094 19 979 92 1156 151 1607 43 1036 69 2394 158 862 143 830 199 2466 113 1550 123 2458 47 396 91 1272 197 2187 186 1088 183 784 186 33
155 30 3607 237 971 93 716 136 259 108 337 123 479 198 1142 201 1981 134 606 118 2391 139 2495 35 2294 189 1389 220 223 80 593 214 1224 80 1247 174 1264 134 1720 131 1564 17 1903 11 1560 167 66 179 1600 165 490 81 1164 216 956 44 2271 159 986 103 813 73 911
156 30 1608 156 1405 141 2158 135 374 161 600 177 680 225 1127 130 2339 52 429 61 645 90 1988 67 2160 63 1386 191 2479 96 2008 243 2163 229 1986 228 57 26 32 50 1889 174 2309 98 1759 188 364 11 559 171 2 154 675 86 1722 21 2492 105 1871 244 91 132 4
157 30 2521 28 144 49 631 118 1291 108 1031 94 262 78 2476 205 245 222 228 184 1901 58 1521 58 85 99 2315 239 1508 212 494 123 1656 188 2401 99 1974 192 58 185 1564 92 1409 206 1867 95 495 205 1491 127 317 3 1914 214 486 94 563 210 2411 204 328 145 1246
158 30 3328 178 1368 133 600 168 1776 161 1044 34 498 155 1352 169 1049 39 891 178 2149 51 1084 56 1403 126 970 130 2387 77 1219 204 1584 12 636 71 1807 161 238 221 616 133 958 167 2169 177 1551 244 1759 106 750 110 705 141 71 172 641 59 2428 231 310 130 1572
159 30 1246 132 217 181 2392 149 1420 196 211 128 2230 200 144 19 175 173 1906 7 2287 60 2100 101 1751 13 1397 21 15 133 2041 69 396 212 2349 154 1095 64 2230 155 1914 181 34 233 1615 193 476 131 294 152 1069 222 1477 199 1582 167 105 19 155 39 845 204 871
160 30 2501 3 1246 154 577 248 1143 219 157 245 1156 52 685 160 732 227 1374 6 2056 177 1951 14 2075 168 1482 235 1772 129 403 198 565 95 518 234 94 184 1626 161 1108 80 1088 57 1213 66 2004 122 109 139 1301 32 66 92 1949 193 286 169 2482 205 477 157 1268
161 30 2977 166 953 199 1881 99 762 62 915 209 1138 117 1467 7 754 5 1296 34 1420 207 11 204 2099 4 2347 235 922 123 1900 211 978 85 1206 236 2233 148 159 84 323 139 1617 127 23 201 965 214 2100 74 1964 55 726 91 763 126 1991 24 1492 247 1162 107 822
162 30 2797 3 374 223 534 157 1026 73 172 26 1604 27 1869 158 2040 249 2455 169 1118 232 1517 43 1158 60 1438 225 1799 54 238 85 487 33 2267 249 1536 94 1843 180 1616 56 2190 9 1451 103 1240 83 2272 65 1417 74 2112 54 2392 50 1699 180 1429 44 1923 191 823
163 30 3501 12 783 99 427 81 164 62 1349 172 40 61 1864 74 360 133 2343 70 578 47 397 140 1302 166 1000 169 1625 195 1672 146 972 119 1104 196 1865 188 1799 16 666 195 15 216 39 72 739 239 975 11 179 110 1930 144 780 7 1232 118 1743 75 385 183 725
164 30 1230 164 946 1 473 217 1440 189 1522 11 46 55 1368 111 3 168 1593 154 317 184 1110 151 2280 20 2487 81 1873 103 1328 9 472 44 2274 202 936 127 1955 19 1174 243 841 144 1524 2 424 18 1739 33 122 71 580 218 857 72 710 133 1631 104 1326 248 480
165 30 296 182 827 185 2399 33 2455 1 1185 88 799 221 1473 173 593 134 1969 170 2338 54 1031 213 63 141 1717 127 1294 47 2434 4 1240 206 691 82 908 199 1727 178 1205 17 1271 121 1067 197 1598 164 1257 142 1945 203 1422 238 636 203 97 77 2460 55 1183 244 2058
166 30 1398 177 806 58 1924 212 188 111 489 1 1088 105 729 10 767 204 751 193 2384 89 2119 135 17 99 2400 245 1573 72 1593 1 1251 89 2195 131 1906 153 806 182 2203 71 2486 124 2069 249 117 7 1422 138 2129 227 493 5 1262 98 1609 203 1393 208 953 139 1263
167 30 55 232 1543 112 1057 115 1911 186 1755 161 1937 158 2331 170 2372 26 1921 3 1049 88 1361 70 778 76 994 31 543 147 1911 164 1764 134 1377 244 593 156 1852 86 1072 236 1763 146 2397 38 2366 141 1280 35 2119 89 1836 80 2411 14 1407 75 1257 177 2311 70 899
168 30 1062 108 2069 20 1996 245 820 84 447 25 699 11 1027 84 28 114 941 213 1172 217 2367 164 452 90 454 52 2357 52 1808 50 1139 181 1424 148 1662 236 1646 11 2378 41 1444 29 1343 30 2415 219 1177 87 1190 55 1190 101 936 181 2193 185 648 206 1167 194 50
169 30 1240 86 660 211 2240 17 1406 77 2411 246 844 61 680 146 575 68 2009 61 1475 245 231 61 2170 32 203 119 1615 206 1753 26 2015 55 2280 113 1089 13 2406 185 1639 220 720 40 608 72 990 217 134 167 1780 48 2440 68 2413 163 1863 60 878 111 2328 23 767
170 30 1775 178 2427 28 2053 175 30 11 814 209 1021 50 698 161 2084 227 307 94 1666 48 2042 234 2310 55 1155 213 384 144 540 70 1082 182 1484 130 1014 153 1740 107 171 231 1925 10 1681 169 846 85 2263 36 1670 164 550 81 1450 40 773 128 174 223 1272 204 1940
171 30 300 217 2100 212 1789 7 1184 109 1756 24 1724 132 1926 218 239 216 1933 168 172 35 2217 226 1277 138 1386 231 495 165 1469 100 849 86 1614 27 1483 211 1408 203 2048 192 2416 17 46 205 446 193 1187 56 2255 81 310 151 367 1 455 206 2084 41 1929 189 2215
172 30 3097 109 1826 87 853 191 2409 247 1745 136 329 114 1813 108 822 76 1664 186 2171 194 1270 197 25 80 967 137 2249 147 2035 244 808 78 1566 194 1112 204 558 161 954 104 417 127 1039 143 1279 139 1037 225 130 10 1757 241 1615 211 873 249 768 132 158 84 2112
173 30 666 107 1530 61 783 43 1902 181 225 246 1079 185 2193 159 914 232 716 95 738 104 882 115 2423 101 256 203 165 142 517 163 688 8 1214 247 529 1 1510 32 2465 86 1094 230 610 102 1007 224 933 85 568 65 2165 90 1133 200 390 25 314 166 1650 112 1264
174 30 815 22 360 64 1872 167 1137 120 1531 116 1458 2 207 164 1691 86 1358 94 281 10 234 130 1151 173 866 84 890 122 102 239 449 56 224 240 656 138 2239 114 66 47 20 113 2068 102 2066 33 2163 128 643 169 671 90 547 21 96 177 2247 188 1148 192 1798
175 30 1962 135 1084 8 1860 150 2414 118 1546 71 377 172 838 58 536 135 503 136 2468 230 1960 68 1679 195 1899 131 2381 174 1852 169 266 98 1689 67 1957 154 805 149 1228 197 324 129 2209 106 1402 191 1262 73 1565 235 1733 123 1899 130 401 13 493 147 2446 155 815
176 30 3500 155 2085 164 471 132 261 26 1848 202 904 98 1643 92 1616 110 1185 223 820 157 606 124 58 33 1958 61 363 170 109 230 270 9 437 191 2107 85 73 32 1276 193 2255 16 59 47 1949 133 488 214 1841 140 633 204 1623 48 54 73 1541 20 733 243 2280
177 30 887 23 553 217 2428 65 170 167 2284 189 476 184 1320 99 985 72 329 150 2410 196 615 172 1172 23 2446 245 646 184 979 39 1234 217 866 27 1228 166 320 165 725 74 2244 174 1470 47 2406 12 2044 43 1292 118 866 28 1638 32 558 194 1438 143 777 103 198
178 30 2132 19 1526 177 435 235 1279 92 283 208 480 31 936 33 2483 80 998 87 1248 232 489 66 1238 221 128 31 421 229 1250 175 1013 192 2267 211 1869 53 2150 209 570 22 2446 165 1019 208 217 15 1378 140 1850 217 1953 173 1672 229 2070 60 1444 25 891 218 1463
179 30 1665 55 1427 121 1673 14 2063 49 97 167 558 211 667 30 278 178 1098 170 1368 233 2245 193 2429 159 1130 9 1432 20 867 224 1961 66 180 60 2036 179 1482 167 1742 205 1515 169 379 51 2033 233 2310 232 430 78 513 150 919 191 1368 118 2456 55 592 135 1962
180 30 2875 219 1031 245 127 53 1811 88 1651 41 727 135 328 217 780 83 2219 136 420 45 338 234 1031 167 1081 141 52 21 2404 67 548 154 896 125 891 217 2492 193 1597 141 1892 250 1615 141 648 157 698 173 1999 201 2274 160 1152 154 808 143 1202 12 2002 191 901
181 30 2861 166 2366 223 1919 205 2304 168 583 4 413 176 348 13 258 14 1452 142 889 208 857 124 1365 20 1546 113 1028 105 1932 185 2228 170 2097 177 209 82 856 158 1813 135 56 56 1848 144 598 57 986 213 875 190 1810 90 180 133 733 210 2230 159 509 78 2170
182 30 2620 179 1774 227 536 89 779 217 1910 136 2190 100 1528 26 475 140 630 202 538 186 777 243 2339 83 1421 136 97 210 2227 162 468 173 1179 198 1724 147 195 172 2327 186 2042 153 1220 164 1498 53 131 139 1385 158 1304 68 2404 183 1979 167 2182 44 798 247 528
183 30 2238 91 1601 91 1795 197 2426 133 606 67 1710 90 880 27 178 165 1135 63 686 201 862 247 481 222 2133 205 1669 184 2193 195 2380 214 1487 201 755 98 412 169 2068 62 1987 1 1273 60 1021 33 2216 209 2387 68 1299 233 1158 146 13 48 1190 242 2361 200 681
184 30 1615 215 738 13 1920 17 238 246 763 194 1605 28 1080 132 2111 220 2202 17 1534 217 1821 57 1191 112 2030 62 93 181 1918 140 15 198 671 199 1796 129 1631 173 1452 104 259 127 1636 88 1365 168 2181 161 1281 171 2056 214 61 7 668 144 905 144 2465 158 2163
185 30 2536 173 420 86 2058 94 624 96 1532 4 2431 176 1335 248 1287 39 1312 32 1476 38 2286 123 2193 131 1261 137 2480 15 1657 190 1351 80 977 236 1598 232 526 117 1672 110 2081 175 1247 36 540 83 253 122 2490 57 1764 184 69 245 770 38 186 32 1406 188 159
186 30 1158 175 304 120 657 163 1112 50 2339 230 984 53 1770 26 643 159 1365 112 1914 65 1676 199 1591 168 1559 192 1450 184 1433 242 2273 105 1236 17 1190 186 1212 103 2269 231 2112 173 1771 15 2233 209 1039 163 2401 230 1505 34 1208 240 260 211 946 167 357 79 1056
187 30 497 127 642 162 2125 201 422 111 1904 8 405 233 1861 57 1075 84 247 210 2083 85 1138 223 375 60 1686 116 264 218 1762 212 2198 31 282 103 122 53 172 105 2297 45 1616 149 367 135 365 136 402 209 935 176 159 13 2353 50 1125 110 1581 82 2067 52 803
188 30 523 115 1159 210 378 189 1014 141 2212 63 1432 95 618 202 253 198 1154 67 461 41 2485 173 2413 199 1594 121 2245 193 1134 239 1141 167 2127 78 1134 85 2378 191 465 175 236 75 1991 50 454 9 316 22 1239 124 2407 245 248 29 2263 73 178 228 2113 168 2043
189 30 1680 240 618 114 815 206 2333 58 1357 205 39 27 2430 38 500 38 1425 163 362 81 529 134 2202 185 1992 240 1103 133 648 221 2426 131 625 29 777 100 756 50 2060 241 818 42 675 166 2299 211 1974 87 69 6 322 133 1905 166 1542 190 2034 26 589 123 1310
190 30 1296 91 577 98 2230 228 1323 25 860 157 2432 32 1712 183 414 207 10 202 450 241 1922 128 1072 57 397 87 14 106 1962 136 901 9 1204 57 182 89 250 85 1986 92 1406 143 729 2 593 151 2418 146 2475 138 2324 141 2455 191 587 121 2314 205 1836 226 400
191 30 799 53 353 245 948 65 944 182 1401 167 308 4 1221 160 2493 98 283 95 1398 238 1643 129 2153 131 31 5 778 24 53 21 1888 168 2345 206 120 207 1896 160 410 117 637 248 1346 183 284 45 414 189 777 212 2443 28 2388 179 904 198 1506 66 1671 190 1984
192 30 750 38 1597 228 1029 198 400 3 1726 163 1316 164 1006 227 387 94 1491 213 98 178 356 191 1469 52 1655 231 917 5 1576 17 522 223 111 150 1987 17 207 14 1824 130 812 30 817 74 1824 7 62 46 758 22 52 8 1791 23 2256 18 2235 171 1865 8 2316
193 30 1567 26 1063 240 975 126 1454 159 2329 207 1300 203 803 145 1137 189 2312 83 1030 239 2441 107 1234 172 625 118 1123 26 2494 104 1306 3 2238 51 2180 216 1530 243 713 75 1479 137 1959 95 2115 65 917 41 1906 10 1203 107 1742 187 2357 131 315 44 1439 74 591
194 30 3341 131 90 130 1689 169 2171 161 913 207 1268 202 1552 250 2363 210 1847 24 2052 239 1211 32 1018 34 1149 168 149 114 946 65 1424 7 386 36 462 42 68 181 1292 162 1453 38 1258 78 430 145 1499 1 2033 177 1549 144 459 72 1975 57 31 11 679 57 276
195 30 2592 240 248 106 651 63 2310 206 1817 73 72 37 1656 116 1065 108 502 163 1933 117 200 228 1917 148 1050 244 724 118 2037 206 1192 214 810 162 1465 217 982 143 2138 203 2243 29 716 146 2167 40 1613 24 1846 121 863 127 2408 78 1748 236 1659 78 293 95 1167
196 30 210 111 1262 189 1988 153 675 71 907 221 1020 5 147 234 913 6 452 81 544 13 1727 71 1998 122 233 96 2278 216 1786 187 1256 53 1056 19 2414 97 2278 179 550 165 420 50 1848 101 1369 52 765 39 1192 50 1721 59 575 210 1730 229 2081 43 1477 195 2164
197 30 577 113 97 62 1359 1 1338 51 71 120 1026 158 665 56 1532 121 702 195 900 33 2476 171 1249 144 2339 119 886 21 1143 206 2216 104 669 112 476 204 417 88 1844 242 1205 226 1390 48 1379 152 1980 186 1640 169 782 101 803 158 1241 29 2410 224 1543 36 333
198 30 1261 32 871 235 220 50 2414 69 9 11 2023 12 2443 78 925 1 350 223 747 180 1083 164 1361 190 2466 115 2029 127 2063 118 2442 206 1962 111 1055 149 62 96 619 144 1216 220 1024 190 431 44 671 167 2111 38 1011 194 712 184 2200 212 1190 127 1931 126 2463
199 30 1032 63 648 88 1971 169 1814 226 1369 119 462 112 954 115 327 163 2355 194 2125 213 651 19 1832 189 1525 23 1295 218 2217 107 199 182 2297 146 2337 240 1795 60 157 82 262 197 2064 64 2284 113 2107 85 456 198 1472 210 1912 91 1473 109 2301 226 506 192 973
200 30 585 47 1170 232 58 27 1496 33 494 211 1410 103 925 233 2408 146 536 112 670 59 2416 51 1330 135 1368 199 2003 13 1693 238 167 161 832 108 1270 203 545 160 1907 199 697 2 1784 64 2476 20 1719 184 2384 43 1909 93 1414 94 2074 198 2357 191 2424 120 1084
201 30 3028 152 84 247 63 20 1676 10 356 5 1340 184 918 10 955 95 1596 199 1347 120 1887 202 846 171 1844 141 431 103 2151 106 1221 24 437 78 174 92 1471 215 230 151 1608 218 64 222 2191 108 91 97 1713 154 242 190 2498 180 2452 68 2303 42 5 244 760
202 30 2084 39 679 96 315 49 288 37 326 61 1577 78 983 127 834 88 1237 192 2271 22 754 211 2302 39 1915 149 1470 19 383 124 2204 133 1481 203 2226 236 1772 95 778 172 2493 30 1330 13 549 127 352 182 1073 38 1549 150 419 240 172 207 2482 96 560 115 682
203 30 261 41 1538 125 1792 103 101 17 635 60 1950 18 1528 39 2109 2 501 10 1976 180 1066 176 718 176 414 214 347 149 996 64 864 52 1095 11 1237 199 997 154 1779 219 2227 5 1387 62 221 154 596 217 1745 172 352 90 1931 117 2433 75 1351 138 1093 233 1253
204 30 1170 104 868 10 218 31 414 121 2499 114 363 21 990 236 2170 145 1983 130 1411 181 1125 209 1336 151 2144 26 2302 4 1039 184 2036 174 651 167 1166 123 271 89 398 245 2102 86 2325 124 2341 32 1554 104 1717 195 1609 108 1359 195 1107 17 1080 29 1826 214 362
205 30 2179 95 1396 116 1366 137 1938 162 1347 191 1289 118 766 5 2065 58 892 236 2385 79 519 148 1521 155 2394 35 685 215 1718 169 499 70 1494 182 779 34 2427 125 1635 9 1514 53 371 75 1141 186 351 108 759 7 2331 85 1775 86 2149 247 1583 129 519 195 1754
206 30 3852 161 2310 210 1839 57 2156 235 1294 240 303 236 808 98 347 195 1119 158 357 22 815 188 325 250 2481 125 745 184 2405 80 1276 160 1510 89 167 98 2238 2 1143 220 2119 163 2490 14 2460 143 210 79 1982 51 1179 192 1318 172 1852 182 1744 8 235 11 1299
207 30 2867 142 1530 27 594 8 840 124 170 214 1218 240 2090 65 304 112 1783 112 1583 41 2106 237 1263 63 370 19 265 145 1962 136 976 61 302 230 1206 70 2493 201 2281 184 247 56 866 82 844 247 1204 11 1053 72 924 211 1297 98 2103 80 2291 85 1394 29 1338
208 30 2541 120 2490 147 2332 33 2038 32 1072 48 596 57 2314 62 1482 200 1020 117 704 63 1279 90 1112 62 1055 61 2453 131 1265 147 509 99 823 25 772 198 557 161 562 236 1691 237 1019 73 48 180 1406 133 26 44 1415 75 614 76 2419 100 2409 83 866 71 594
209 30 1483 127 1308 245 112 214 199 58 725 186 1202 228 1688 39 2378 155 1374 1 69 183 242 172 2399 138 1216 181 1253 116 461 248 2392 34 204 246 646 73 712 118 216 75 278 229 1719 219 1496 74 1163 245 1538 77 2340 129 209 62 1162 186 1269 184 524 208 818
210 30 1855 130 1465 152 762 150 754 180 2238 134 144 47 228 11 778 161 2137 53 2201 29 2493 74 2500 222 664 132 7 232 1514 209 3 180 1832 34 182 135 2157 234 838 168 1713 245 2098 83 1194 164 1357 140 370 146 114 71 1494 163 2404 204 2362 154 1216 147 99
211 30 2422 180 887 53 1342 8 1483 189 1119 176 578 42 327 167 1765 78 824 246 428 153 561 131 293 127 842 70 2400 167 1722 218 1333 21 1664 49 1747 78 1413 119 1239 76 567 50 1765 177 395 23 1661 198 1663 92 1812 120 492 58 1273 129 1847 61 996 181 51
212 30 3004 2 2046 42 185 17 1152 133 820 94 2219 64 2029 148 1246 60 1475 189 2383 84 2237 200 1641 209 220 180 847 145 881 180 1683 7 530 177 1888 185 234 99 284 35 1797 219 919 136 2274 199 2305 126 1830 205 783 138 2453 181 80 61 841 39 1281 125 35
213 30 2667 223 1872 228 1133 122 191 219 114 137 2034 99 418 6 668 36 907 188 2382 10 2303 1 1290 237 141 61 1153 175 131 41 132 151 780 99 2378 144 1761 51 1513 128 192 248 1193 124 20 163 1613 140 2092 105 1622 143 1361 239 2085 90 901 68 618 101 1569
214 30 820 184 1125 109 67 148 1005 131 83 212 871 198 1153 14 1432 10 1002 239 1068 147 921 222 2314 25 1937 169 413 140 1434 183 2048 195 178 108 378 209 1996 17 1129 175 161 113 2232 62 1117 180 848 33 820 1 1111 63 1212 173 1992 152 1454 117 2311 163 1942
215 30 1227 21 502 249 683 25 1207 149 1433 140 2422 59 52 205 906 156 499 134 138 56 2015 69 1761 84 1770 223 2134 200 842 65 705 45 1200 80 1193 25 516 108 1307 133 1872 107 1781 29 1306 79 767 81 1593 173 2023 65 539 194 505 221 1010 82 2353 47 248
216 30 4035 224 1570 202 2180 92 1125 66 627 131 624 107 2284 203 316 198 1977 76 601 32 2425 106 849 235 421 155 832 87 1076 244 1198 247 130 59 104 173 1182 11 2435 173 2096 96 419 68 1381 71 2112 200 1402 229 1093 154 578 186 133 89 1245 137 1016 76 690
217 30 2128 97 907 226 562 159 1041 55 827 39 1382 100 2349 32 1650 17 1641 119 2181 163 114 88 1660 210 469 246 331 9 1930 104 735 147 2403 14 1464 141 1590 230 2093 53 1563 72 638 35 1036 117 2398 14 1135 106 1674 222 1466 174 1736 178 706 121 2346 171 1008
218 30 2620 239 346 52 423 38 1765 130 695 51 500 23 604 222 2445 155 873 213 853 91 1339 208 2038 82 414 80 577 163 2069 64 1141 67 2355 218 1560 98 1746 177 80 189 457 16 2268 12 1701 35 2211 113 1176 88 869 34 1208 122 2334 195 1532 219 2087 148 1575
219 30 420 91 816 230 744 171 161 228 1890 140 727 146 479 206 1160 91 1040 134 451 56 433 119 2131 87 125 126 835 194 94 198 2335 208 1025 182 359 115 2326 115 597 75 503 133 761 156 2184 72 1900 68 2386 129 2029 151 1801 249 2452 60 350 76 594 205 712
220 30 2531 14 2042 34 371 212 1696 249 2273 46 2353 16 136 79 373 143 1751 210 1925 165 86 199 249 133 506 141 2058 206 806 184 1245 62 745 151 1958 24 695 192 1060 126 1430 8 207 203 1975 199 38 143 1878 205 310 71 1228 215 296 197 2065 212 31 180 812
221 30 3210 250 674 11 2488 199 659 64 656 78 1224 233 1096 32 1387 218 543 117 1331 126 152 69 1088 21 1936 162 1133 207 2404 243 704 43 965 217 1838 230 146 44 317 214 1504 157 1541 91 2014 66 774 249 537 153 2112 150 196 45 1006 14 127 42 871 185 1009
222 30 1611 233 1639 111 774 22 1272 70 1538 132 552 28 1784 236 372 95 865 156 796 246 1472 198 1744 5 1353 223 920 3 1420 234 2165 193 383 179 711 104 1079 140 1749 203 447 90 2215 178 2435 118 776 57 1544 130 2448 28 2322 92 2480 182 2463 26 893 200 1646
223 30 1950 40 982 77 1798 238 129 61 84 116 163 14 1876 98 2073 39 1417 110 916 56 2241 41 1501 159 919 88 1041 184 340 194 1255 246 1462 5 2039 144 2191 178 439 94 373 75 2186 248 710 5 381 55 1438 30 306 240 1820 166 1844 73 1461 45 1268 3 2254
224 30 2918 22 999 111 346 46 1201 103 522 237 1339 64 251 16 1375 7 1729 22 1575 107 487 236 1219 220 1548 216 776 137 1199 7 1139 207 1031 114 228 235 1964 121 1419 15 1640 55 1917 152 1220 147 2360 53 98 130 73 66 2430 65 850 247 350 167 1097 242 2272
225 30 1063 206 66 137 1183 162 2174 202 1443 244 639 232 824 128 635 30 1779 5 558 90 340 107 1652 120 2461 58 2332 146 1271 36 2466 59 2296 143 400 26 1760 43 1389 108 830 34 578 18 1221 219 1769 213 337 17 1367 191 2154 179 1185 247 1633 184 2081 212 686
226 30 104 22 874 168 1171 244 370 14 2392 157 785 143 177 139 1754 31 2487 69 538 136 1500 80 2467 108 1814 155 2168 233 1260 77 2291 148 1334 194 2072 200 1153 16 471 54 66 238 775 157 1966 228 12 211 536 239 7 36 1016 11 2050 30 1779 146 1209 82 1702
227 30 157 120 1107 199 892 32 588 6 1325 200 1927 70 1906 143 2078 109 1695 147 1716 138 750 75 2146 36 1350 198 1685 43 1704 187 388 143 2234 101 1188 135 1907 46 1810 153 458 221 1378 101 1777 92 2500 172 1431 42 628 104 815 165 482 245 2202 91 1574 57 1082
228 30 1763 124 1563 6 425 91 846 77 221 119 353 87 1911 33 227 244 2019 177 1568 94 301 172 960 8 1593 219 13 70 1273 68 1385 86 890 230 792 177 953 180 1018 10 1885 134 152 158 2163 16 2178 240 1840 120 2170 78 1328 237 1090 230 1867 207 1795 79 2398
229 30 273 108 2114 2 281 174 1453 168 1555 79 2481 12 1245 74 882 214 2085 250 1295 45 109 4 998 2 499 114 1744 195 1896 243 464 245 1904 173 288 183 1700 205 505 114 2307 127 2472 72 974 87 2400 244 2135 212 2046 241 880 73 1700 163 688 243 849 237 2488
230 30 2234 182 1276 237 171 58 1921 91 2442 76 949 109 1508 193 2235 79 1614 142 2388 195 2153 34 1546 188 520 87 614 243 409 11 1090 162 1735 84 470 243 580 7 594 24 787 243 81 75 1598 128 1674 65 688 172 1327 171 1943 51 1581 156 1222 161 1334 8 1918
231 30 2449 242 1979 53 1835 25 1673 113 2214 125 2344 15 2131 143 286 136 1135 25 1671 168 934 159 256 205 2182 53 1801 228 1590 6 521 232 374 210 1876 239 2251 93 545 232 960 144 2269 93 367 15 1287 76 626 33 122 111 2366 37 456 194 1221 23 2317 38 2407
232 30 1272 78 1390 93 479 1 597 190 1026 227 882 111 445 48 672 29 1569 77 385 212 2485 111 1761 43 321 71 835 104 1233 178 1780 60 874 111 1761 44 2330 112 1593 119 57 50 1903 82 2137 128 408 226 1967 105 517 27 1497 128 1975 244 1178 174 417 244 1222
233 30 2622 124 1971 13 1460 225 2229 208 1807 177 2038 9 2193 219 1560 224 2401 210 1739 109 2112 205 2227 36 1650 176 916 2 188 46 1293 151 570 24 741 231 1362 130 1333 192 69 113 232 91 1167 134 938 76 1565 51 886 177 2312 105 407 104 1486 50 856 160 453
234 30 1587 181 2441 65 854 4 2499 141 2483 33 2039 20 559 133 1876 118 1122 218 248 175 939 143 507 92 1328 140 1970 212 2485 223 1181 42 493 217 2025 120 2462 3 739 107 1700 104 1132 184 2470 71 288 138 1196 203 139 212 1885 81 69 149 1632 124 536 149 604
235 30 1468 160 317 127 895 83 1533 63 2062 123 2475 34 431 126 1808 150 659 48 1779 111 1809 50 2394 242 1472 215 1046 36 1244 98 771 119 561 240 740 164 2230 153 947 65 534 121 564 216 1152 226 1732 38 2290 207 115 122 432 42 583 124 2249 31 231 206 1131
236 30 989 209 1546 10 818 135 1880 215 2123 59 580 181 911 212 1504 85 1239 80 116 138 295 241 1039 147 1862 19 562 51 457 199 1048 73 2387 84 2000 7 731 170 798 205 880 170 2448 114 2309 127 1896 59 1213 248 884 92 1981 161 1258 85 33 36 323 151 1157
237 30 1538 121 1743 227 1884 147 339 165 1068 142 2275 60 1143 68 46 143 2242 31 1978 129 2063 179 2280 41 1854 15 551 123 330 88 1911 126 755 103 1876 17 713 67 180 135 2105 109 1286 177 1232 29 1653 50 775 67 675 98 2060 76 680 83 2366 234 714 246 1235
238 30 823 162 2481 184 70 128 763 74 1354 61 1453 64 1021 3 305 236 1594 157 1699 28 40 245 2292 48 1846 24 1811 218 2011 238 1973 32 146 49 572 186 2291 167 1783 15 360 175 1745 46 442 111 1233 208 715 127 2023 7 845 17 1266 182 460 208 1213 216 1995
239 30 1675 83 564 181 123 163 1823 114 179 123 1745 157 2312 122 77 193 926 63 2347 108 931 70 2132 234 1195 88 399 13 1960 146 51 149 2239 50 2393 186 217 56 2250 117 652 39 2411 4 1464 130 2105 150 1034 101 1570 111 1312 207 301 202 155 197 940 2 1341
240 30 2778 166 2477 136 244 43 166 197 1688 51 2440 28 2467 106 339 141 1083 113 1144 98 1055 49 1705 52 1352 237 564 198 2479 23 1182 6 1037 40 322 167 242 95 1922 53 767 163 2363 83 1389 161 1229 241 679 221 2408 223 735 249 2338 67 1133 59 2067 217 2372
241 30 2442 175 1791 187 431 203 529 235 370 64 126 197 392 120 392 176 1337 91 1307 141 1984 201 1433 91 169 59 1295 107 985 49 1501 218 205 159 1869 140 1042 206 404 133 2127 70 1860 105 2175 135 10 8 1932 110 1880 153 1214 145 2407 36 1967 225 338 24 1900
242 30 560 103 1523 199 931 125 126 213 1293 234 1440 139 640 14 91 30 1093 88 1802 193 991 146 264 153 1631 242 1029 218 891 147 1314 3 200 164 143 32 1038 102 1533 123 696 65 1115 148 1352 102 2357 197 2473 32 1714 83 126 246 1398 164 792 5 2323 205 2093
243 30 621 243 835 157 1350 27 921 178 1750 196 653 107 186 166 1157 48 36 65 578 152 1589 88 2068 113 1482 78 2359 170 1492 111 256 49 925 83 1931 213 113 34 1229 218 1489 244 369 92 827 66 1037 86 2156 192 858 19 1869 143 88 246 604 187 2129 91 1298
244 30 1883 2 2135 178 1673 162 1407 68 397 100 1673 213 955 162 2479 178 560 234 391 175 1123 92 1266 232 2162 195 1099 139 1339 33 1528 47 2026 249 2354 49 1403 225 406 7 1468 245 199 165 1137 242 72 32 1157 234 40 123 2393 104 655 214 790 139 1738 250 1585
245 30 3155 85 585 199 1810 157 2296 202 832 58 2060 189 1161 214 640 18 563 39 1277 11 2246 98 1095 124 1091 63 524 14 1132 177 2210 83 1154 84 1034 184 741 16 2089 66 1664 121 401 67 650 155 1833 183 840 120 2007 214 836 95 1149 55 2048 158 995 4 1952
246 30 2820 56 1948 30 1778 121 279 204 1998 166 1383 146 1445 42 2154 169 1681 224 515 90 646 231 2192 101 2500 219 1854 77 701 71 751 169 1087 16 1592 135 2021 55 732 185 1750 227 352 86 1357 23 1970 250 223 152 1321 100 1575 128 2095 166 622 79 1485 130 548
247 30 2055 97 692 249 767 132 2478 70 758 112 908 113 1880 99 1606 18 609 109 1178 135 492 192 1167 107 1798 48 2083 1 2364 114 786 140 742 10 1337 28 219 140 1375 100 1387 152 1160 23 665 126 905 205 1321 183 2002 194 2415 116 1659 114 360 117 1569 152 67
248 30 1596 208 643 221 1547 118 1110 76 166 143 533 82 2114 165 107 122 861 173 300 248 1244 200 985 50 1321 230 2488 137 1765 94 1378 145 575 62 1257 29 833 19 941 49 168 201 958 127 2154 15 1511 203 1203 84 1722 236 599 5 1247 239 1200 225 1954 214 365
249 30 1771 206 347 64 115 94 568 229 588 74 505 159 560 18 895 12 1148 29 1130 172 2084 234 1015 154 841 173 1430 70 2115 111 453 4 1303 163 2116 191 1009 10 1608 37 428 39 112 98 2289 54 2489 124 1258 94 1130 70 81 194 1471 27 1717 37 2350 101 333
250 30 1549 163 1543 216 468 130 2149 109 520 83 341 12 1139 20 2293 168 895 103 2471 120 475 185 1359 186 1421 87 826 120 1052 134 917 110 1478 7 1395 59 951 112 2394 140 1833 241 1793 137 242 173 772 89 1784 72 2499 121 793 76 2353 176 1223 62 1697 50 793
251 30 988 78 442 77 1337 144 693 161 2398 139 1563 4 1972 136 2492 46 483 203 1092 75 1167 215 652 69 1518 170 405 237 957 192 2431 92 2283 130 685 51 2303 24 6 25 1609 15 517 79 252 43 2442 148 500 137 1689 143 589 66 168 216 2 146 900 178 1243
252 30 2858 193 2048 61 1353 98 1835 144 2407 10 688 157 284 219 1203 42 1006 56 1757 178 2012 41 1498 134 1923 216 247 238 1892 106 1742 210 361 138 2443 34 1980 167 1726 52 131 78 662 9 2470 185 2128 94 1218 143 158 77 502 44 90 44 37 231 1226 250 2057
253 30 546 210 613 173 1293 103 1217 82 1790 133 221 117 1576 59 160 75 715 211 2299 210 1363 175 1897 223 2290 73 1945 65 520 129 553 192 345 126 2033 215 1361 205 2482 70 874 163 484 17 1387 207 1337 195 260 152 251 32 2232 150 1955 52 2132 188 945 165 1773
254 30 1642 34 1682 175 1018 62 1479 81 1878 156 1031 205 442 238 585 226 2374 224 28 136 1610 238 601 70 2385 85 1104 141 44 194 728 133 1017 229 259 227 792 244 2274 153 917 127 1257 97 732 140 235 83 1301 41 2391 77 1543 127 594 130 1519 135 2293 193 2374
255 30 3772 216 1094 165 347 226 2392 130 2133 245 330 230 2496 15 581 135 2 206 676 120 429 154 1433 153 720 39 393 69 1809 217 1440 87 930 97 1167 98 1594 118 1691 238 513 223 1030 236 535 189 1462 184 1958 142 448 11 670 132 804 200 637 65 2484 115 619
256 30 250 180 1133 86 215 172 2025 155 2159 72 359 205 1439 146 1279 200 290 73 477 78 468 72 1424 115 1643 25 1924 93 1607 58 737 139 1167 51 1135 208 438 168 1899 106 1021 30 988 130 977 231 2321 219 1126 30 2210 93 2411 95 1782 169 1878 46 1594 128 115
257 30 2619 100 2051 51 2441 92 819 199 1998 21 177 90 464 19 581 220 1315 230 1260 79 195 56 917 137 1032 234 1138 41 1791 240 2187 145 2439 145 1132 81 1034 180 1976 227 1946 222 509 181 97 1 1785 66 1201 40 676 103 11 118 1315 128 2116 88 1047 204 2046
258 30 2625 47 841 20 1769 132 593 151 256 189 1331 26 1060 21 493 21 1624 133 1705 66 2109 18 915 27 869 71 622 16 1550 170 457 141 1830 203 59 155 168 10 1231 17 692 40 1490 190 1542 212 1529 151 743 8 1465 6 665 38 2398 116 1376 169 1028 155 314
259 30 2244 169 570 136 2235 116 2437 8 2156 108 1754 201 560 218 1063 223 2255 106 928 148 253 219 208 102 1757 126 234 175 799 58 652 76 1751 194 1649 15 1666 215 2449 213 1479 64 1285 46 123 120 644 212 651 83 1421 178 1516 141 879 231 919 16 255 50 1600
260 30 3617 62 1688 65 1023 201 642 162 309 231 1700 188 886 149 1530 153 1298 53 1167 74 2206 131 1320 40 1135 237 1240 9 1613 110 2073 129 1775 190 2211 107 694 168 1016 190 640 103 2192 53 2344 239 672 54 2105 120 1908 241 16 87 2233 84 1429 240 1789 170 34
261 30 3332 26 407 229 834 33 1630 225 2447 112 462 21 1011 203 1497 183 2386 138 413 167 12 127 2099 123 1079 55 952 180 2431 113 906 146 1767 138 842 112 1415 121 827 207 2155 118 1797 188 297 241 758 130 940 30 1429 53 848 128 324 75 944 87 71 168 1341
262 30 3601 130 1984 234 640 175 789 217 854 168 1479 115 2089 65 2188 84 2352 148 2317 78 576 89 1143 218 1447 146 379 246 40 36 968 204 941 116 749 172 1810 183 779 23 2163 221 720 158 975 84 2106 124 2105 203 2429 2 2389 218 396 190 1827 184 795 247 1457
263 30 1275 26 1095 56 418 246 1467 232 2242 42 1708 89 392 116 907 72 2174 172 755 183 148 248 844 106 322 6 1891 179 594 250 1779 32 1713 16 831 107 431 241 1782 150 627 213 1195 98 240 247 364 109 1572 107 2038 244 854 233 2116 229 2278 166 910 37 859
264 30 1015 119 1790 66 832 79 332 37 2260 26 1816 12 1547 64 1999 89 2159 142 1575 199 1427 194 1656 75 2219 141 2015 135 979 209 2250 124 704 249 803 36 1599 77 353 247 2312 189 375 227 2432 154 1942 40 2152 103 1102 86 568 138 2428 197 480 132 1985 116 1428
265 30 41 101 2330 112 1095 171 2149 185 2185 47 1602 132 1304 182 1900 244 1197 35 1248 202 2123 243 1877 70 753 73 1574 158 1975 107 907 54 2230 220 2049 241 1349 101 1506 217 1354 99 342 164 1364 134 40 40 1802 188 1724 84 2483 198 1812 55 921 4 1720 151 691
266 30 2998 177 349 174 642 20 481 31 1495 240 1582 77 2289 233 236 48 2276 170 1445 186 1621 214 1081 120 2077 26 1778 130 1977 111 1913 17 2497 95 2255 13 2083 143 527 6 1142 88 1627 217 682 233 1241 20 1471 124 642 83 1213 103 1758 11 2367 126 1637 205 754
267 30 468 198 1078 7 108 226 453 81 75 48 2440 94 1131 42 200 102 1916 88 174 248 670 169 1882 156 2061 215 2273 74 1068 149 2330 4 2087 18 755 36 1227 174 2049 84 1150 53 674 233 412 162 1798 250 1787 187 2149 220 1277 81 2118 107 2484 149 685 64 465
268 30 362 36 2034 41 634 96 655 224 808 71 1943 4 1004 46 1586 15 2341 53 1645 39 788 74 2000 167 1609 93 2146 2 310 214 578 82 1244 102 899 93 186 84 1505 31 60 247 926 184 1644 88 1454 97 342 120 2144 201 2245 172 1699 130 282 38 2207 163 2430
269 30 1249 83 299 124 1356 48 1758 109 583 12 644 182 98 149 49 178 1284 147 2213 241 1975 107 1396 58 1644 185 1352 36 860 120 208 27 1107 160 1657 150 1215 116 219 160 595 138 131 68 2457 132 1425 245 1066 67 1682 76 1906 65 2132 18 880 164 2486 109 1753
270 30 2103 178 1883 47 187 42 889 230 2125 226 95 177 324 127 343 174 2484 84 2310 112 953 116 817 124 402 83 2072 124 188 111 1400 174 2005 195 181 77 1196 240 75 147 1202 109 197 17 2050 231 524 30 1450 223 2459 110 593 65 1771 108 1715 185 361 230 527
271 30 2751 195 115 202 1956 118 1771 214 2349 176 1926 25 293 34 2462 222 93 35 982 11 2174 227 1765 152 1731 56 2261 36 2157 82 1995 31 1345 243 376 144 1424 83 2129 27 1058 198 1847 151 171 51 1214 176 1409 12 377 52 552 66 1711 19 1679 124 1124 188 2171
272 30 3020 198 1798 52 2382 96 357 179 1732 150 2485 203 2387 58 802 116 2276 181 1317 176 1828 28 2192 28 2302 179 790 209 1781 24 2447 214 1399 243 2265 73 2007 238 1948 126 2045 215 231 85 235 175 2311 181 2146 218 141 119 1616 6 126 80 1353 176 728 148 254
273 30 1706 75 432 231 862 57 1831 46 2253 13 2077 87 315 126 1825 17 652 124 1884 163 491 50 2369 208 200 135 735 66 1777 134 645 138 1655 98 1685 104 1746 117 1302 220 2375 67 491 63 538 243 874 232 376 176 1298 100 2419 238 1244 196 810 106 724 243 2128
274 30 1104 49 564 96 1450 234 281 228 1196 50 337 223 450 163 548 138 1603 76 1335 111 1643 59 1055 57 1352 11 1162 87 1730 212 652 14 1059 156 2369 86 963 39 1666 36 1891 211 1224 122 1075 129 123 7 1260 152 2178 139 1579 160 1898 201 2000 117 1440 107 1169
275 30 1450 95 1647 66 29 78 1662 39 1769 71 288 3 1942 14 560 26 1964 230 525 9 381 218 416 175 750 15 137 34 214 6 2034 181 304 17 1740 177 1898 172 2253 28 2253 137 150 88 327 243 1145 51 1690 25 1883 249 1467 211 459 246 2319 115 2454 73 1211
276 30 217 36 1968 108 1416 241 339 99 2409 12 1033 1 1138 247 1887 28 440 180 478 116 687 36 1058 207 420 95 1819 206 1662 79 889 117 1641 234 1698 235 2186 114 1993 50 405 78 77 9 465 38 1649 164 2449 68 341 246 1235 239 3 117 405 8 1740 144 692
277 30 1314 128 1947 106 2497 104 683 121 2293 71 2350 48 2091 162 2445 55 1214 148 863 13 950 41 2065 214 1158 175 2099 22 2454 26 2249 232 1223 133 1977 169 1500 132 526 38 47 155 1628 214 612 179 1309 208 509 89 1085 105 1818 3 1796 213 1373 38 1623 248 1381
278 30 240 20 1917 130 1883 4 1667 70 2381 115 1588 117 99 244 2017 24 218 72 1385 182 2455 239 849 124 1410 114 1612 60 632 3 2084 83 608 19 2481 224 776 73 1898 217 53 59 1198 44 2166 170 1676 184 2074 120 974 235 1003 55 1065 165 1531 7 1752 18 1226
279 30 1188 154 2455 183 404 102 993 112 1596 76 1953 128 2348 200 2171 95 1868 174 1225 188 1624 209 191 52 786 44 1264 241 175 218 830 181 1160 151 2339 68 1439 144 1007 169 1326 126 1770 70 398 19 2396 65 1729 117 1014 24 214 71 1788 204 1002 218 401 122 2067
280 30 1807 159 1350 1 872 57 1878 228 124 173 706 218 2434 191 529 188 755 66 1073 113 983 177 843 148 2 87 56 217 1564 26 647 68 1189 170 2126 42 2171 136 58 100 284 176 591 45 428 214 336 11 169 63 1372 64 1132 102 1578 152 183 193 1160 161 1457
281 30 2221 45 616 138 2335 34 745 234 1057 57 310 88 1673 31 1330 61 2060 166 1182 92 716 203 326 57 58 97 868 187 1558 4 2069 108 1123 110 1367 12 2431 17 1968 8 1890 43 1576 51 1838 226 1451 66 904 53 2270 237 2130 109 2293 185 1311 157 2455 241 1791
282 30 731 224 1422 1 667 235 2435 65 9 191 897 39 673 137 1191 193 751 142 149 121 2276 136 1427 84 1241 7 1506 197 799 41 606 51 1809 120 185 231 1704 74 980 221 1454 122 1528 171 2335 228 829 155 848 128 397 69 1472 142 1324 225 1486 146 1327 66 1036
283 30 83 158 2385 47 1127 119 1969 204 2015 210 1483 147 1329 229 2272 91 2397 176 2308 78 1403 19 1717 87 322 23 1027 39 1555 2 1311 86 2079 157 280 114 1267 87 817 240 1235 219 1043 27 699 68 1729 64 417 75 1429 161 67 155 669 98 16 69 1705 103 1502
284 30 2916 101 865 61 32 158 1150 201 2359 123 1064 35 600 55 1717 116 591 21 1711 113 1242 48 481 203 2305 14 1632 14 1155 88 1377 220 1653 34 146 159 2059 78 2330 93 309 99 1154 202 1610 66 684 58 2454 38 55 118 327 190 1157 200 686 136 1794 156 689
285 30 311 58 624 3 769 224 785 124 1709 127 526 43 636 248 112 76 531 248 959 70 1472 199 913 196 1439 250 991 219 165 4 433 122 1882 85 1316 115 963 98 2442 194 2292 201 520 50 2313 167 806 7 2457 187 1707 45 2267 144 1983 229 1426 63 1641 91 1710
286 30 3027 15 482 18 1192 79 98 190 14 144 2410 209 962 126 2229 85 744 189 1955 59 1189 239 115 65 1772 52 10 23 335 69 2480 13 2004 73 624 225 1920 32 713 21 1805 132 673 58 1419 44 564 216 1527 2 1204 204 1315 203 327 176 2158 135 309 46 1063
287 30 1120 161 1191 176 1085 95 532 193 1267 42 1039 199 684 168 412 31 881 85 2147 34 334 159 1879 212 1662 133 753 3 2001 68 1816 137 229 30 1437 158 1849 207 1986 29 2374 167 101 148 1834 29 604 79 88 22 1840 180 756 160 215 160 1377 1 1719 71 2384
288 30 1432 93 1569 101 2295 174 408 99 1772 179 1128 61 1603 167 512 5 2500 175 1923 232 1984 62 1732 91 656 249 133 119 1295 191 1613 25 1210 158 84 39 259 119 1306 215 2495 129 368 52 1802 153 1900 13 2066 109 1869 105 2012 101 1147 56 681 220 731 224 2046
289 30 3745 217 691 78 103 215 2278 17 1690 1 918 56 1554 67 1826 140 523 10 1520 174 1647 160 986 12 496 177 1768 100 960 171 2060 134 52 171 1874 30 55 208 1128 156 2357 120 1319 159 133 224 1295 179 585 89 665 215 1906 26 1453 247 2466 234 869 41 1299
290 30 926 218 958 164 1612 216 1633 130 306 18 1393 157 1964 150 1827 230 1398 60 1301 158 212 143 2219 4 1958 153 684 5 642 212 36 67 1367 182 1186 7 2236 76 1987 161 837 92 236 128 788 143 1625 28 2283 37 1127 200 1381 7 2464 85 1635 206 1356 12 1410
291 30 303 155 2446 240 526 96 1887 90 1383 99 396 131 952 220 2388 21 1190 78 28 53 1687 7 2370 56 826 6 1512 56 914 216 1622 248 2045 136 671 187 1871 217 2389 136 1049 231 1509 146 1307 65 1682 86 2116 86 1021 224 182 40 1326 49 2318 40 2070 140 2144
292 30 97 239 1012 196 1281 134 1820 3 2328 88 427 60 475 67 2441 77 878 101 2097 223 973 193 1021 147 1662 133 2185 70 2444 28 1619 54 1400 88 341 128 297 173 1429 71 2024 187 2024 140 1681 86 477 193 453 68 1525 165 308 146 455 174 1862 114 875 110 241
293 30 298 65 1236 6 295 30 1407 206 1055 173 77 246 1029 71 1950 7 1187 156 1365 34 116 60 2253 83 1928 61 2122 105 1446 181 1986 43 1258 48 2335 33 338 8 1592 54 427 221 1417 191 132 194 1906 104 178 215 1969 162 297 198 2370 243 53 157 2201 140 315
294 30 1934 228 1402 113 2224 168 1549 232 1490 232 1730 57 2492 131 1533 61 885 11 1897 168 896 139 631 73 361 138 1594 46 1992 243 1522 165 1621 49 2418 178 471 3 1029 220 2449 97 891 45 1106 43 2002 121 1691 184 1043 193 2322 234 1959 63 774 178 1261 219 699
295 30 770 137 364 131 2429 70 1571 72 676 156 299 44 201 145 93 180 989 83 729 167 483 185 262 93 1048 33 879 236 1115 47 1159 211 1323 141 1062 25 1672 153 2326 244 187 158 922 190 249 20 1974 105 1847 48 373 17 1825 180 521 161 654 81 1820 39 105
296 30 434 148 1512 158 2106 57 723 9 1977 16 1552 74 1710 69 2133 75 540 107 1605 154 36 117 2336 114 509 172 246 241 1842 241 650 198 1162 89 2040 113 2435 31 481 1 1497 99 865 107 1862 137 1500 192 1615 97 2401 196 448 94 1337 49 967 50 219 66 879
297 30 1036 237 1962 88 652 237 2096 204 383 9 1644 241 897 12 2209 174 1184 61 2439 12 1076 206 1442 90 721 143 1619 126 1402 135 810 122 897 158 2112 87 1584 134 553 4 2115 200 956 201 1188 41 1508 201 1832 58 2187 43 1476 81 970 250 2260 241 21 22 1654
298 30 3387 107 930 101 224 182 2322 236 1701 24 1715 148 209 190 238 249 185 120 1422 127 299 48 994 203 1100 45 913 133 1059 162 931 93 1538 183 1422 38 1964 208 1860 64 2107 9 911 116 1462 34 2400 46 13 7 855 106 1822 224 830 110 496 27 1313 136 1092
299 30 1453 189 2234 112 1796 112 2377 61 6 96 402 198 2406 200 76 52 1158 131 1080 56 940 25 2290 94 1647 34 1184 9 1891 137 117 56 478 158 436 110 39 135 644 94 1730 165 233 46 91 80 12 13 150 110 2048 22 2110 58 922 92 2438 179 1361 187 2046
300 30 574 116 1906 217 1928 232 434 55 1622 20 1043 80 1578 55 1066 99 722 195 65 81 2345 31 1128 124 2438 97 2207 12 1309 82 887 200 76 55 873 49 839 176 494 174 1056 191 1274 230 1603 87 898 171 971 7 2294 86 452 49 839 246 1837 203 881 155 718
