1 32 3070 36 3 43 1129 202 94 149 2084 28 646 54 737 147 300 151 605 16 1420 214 1142 68 2253 238 1541 245 1413 8 221 7 1939 137 1284 165 1174 183 500 122 1525 23 1003 136 221 200 1755 127 741 173 80 165 2339 130 834 33 75 213 1676 43 1428 137 875 48 1503 245 1599
2 32 3511 42 2341 15 2081 208 174 89 733 164 1851 41 2193 133 586 50 1686 86 744 214 1373 236 1571 239 2388 54 1468 216 1337 209 496 54 2377 107 1479 17 863 18 675 163 1584 177 1751 62 215 241 1193 152 1857 114 1954 188 1727 77 1769 204 115 112 1858 38 345 136 1731 195 1164
3 32 2691 181 1346 83 495 155 875 227 789 44 1920 27 824 35 1178 143 761 171 2045 185 253 238 1665 12 804 246 948 199 547 25 1606 98 652 234 1256 79 2319 232 1290 110 1680 160 2359 242 518 51 1437 201 1923 194 1826 17 2098 57 1543 121 254 194 1931 35 2215 194 2263 24 2165
4 32 2274 103 1382 46 650 103 401 157 405 189 670 96 2217 198 1990 152 161 25 1190 47 2260 140 1958 159 1729 119 2178 100 1922 33 1833 193 1465 16 958 237 663 32 1593 114 659 199 707 109 1688 11 2224 162 1320 230 580 159 1615 220 810 14 1649 43 1437 145 2021 165 605 86 285
5 32 3341 126 2157 245 1877 161 2132 147 771 175 2064 118 937 108 852 71 2123 42 1446 234 485 248 1761 67 1293 100 1257 243 2449 115 2480 47 2277 219 1382 106 461 58 564 75 1158 56 1084 236 545 195 1019 62 2356 19 2271 80 1657 230 2147 42 200 76 966 176 242 46 1774 128 701
6 32 906 95 1577 135 2102 115 2312 89 25 17 2017 26 1397 83 901 134 557 112 1577 40 736 133 507 246 719 113 1973 21 309 197 417 123 2001 206 176 120 129 203 2053 101 1168 114 2143 212 295 248 1776 101 2033 154 1110 64 592 92 742 102 608 232 2223 237 1674 125 780 44 155
7 32 1140 96 375 30 1271 202 2173 82 1244 106 1971 110 1751 201 961 180 220 69 298 111 2474 75 1431 28 657 151 1002 59 2197 95 2350 97 2403 156 1153 125 105 165 18 232 606 68 823 87 1692 228 738 65 2483 85 792 25 9 237 1418 161 799 234 425 36 708 145 2295 213 135
8 32 1973 205 231 15 84 64 2438 79 979 150 37 69 478 187 2001 224 2500 81 13 197 1073 225 946 65 523 158 244 241 890 165 17 83 1071 194 789 81 2453 214 1 52 2320 135 1222 18 373 134 1764 196 2097 140 870 17 2408 151 299 194 1392 38 1580 224 2187 118 963 70 2090
9 32 2909 126 553 81 1912 183 483 36 1614 217 2431 148 2204 44 1478 112 376 221 1632 226 1182 76 2388 94 2498 149 1586 121 1645 21 1682 192 1475 41 2391 47 569 63 1310 43 1235 241 1183 39 1050 42 1100 30 1262 149 727 53 963 228 1072 106 1918 30 2037 91 1949 231 1742 159 2240
10 32 3165 43 2245 13 2126 198 1037 102 250 94 1736 110 2244 181 982 38 1840 207 1340 220 406 240 289 226 1993 1 1876 200 1040 217 2330 19 2287 80 594 178 138 104 2348 234 2100 149 97 50 834 205 790 172 2166 3 2150 1 940 59 743 75 401 195 498 226 1967 42 493 165 1123
11 32 1811 232 412 99 587 103 229 103 743 15 1974 103 1037 239 480 141 40 200 2446 70 1884 36 338 108 682 157 2172 199 2273 129 1162 188 746 185 894 136 2417 88 1532 9 1149 216 789 216 1439 10 332 142 2332 101 2142 218 1720 116 2233 155 505 46 1128 5 1789 132 1573 124 1687
12 32 139 23 1548 131 1027 69 2311 133 295 192 602 9 1810 27 1311 47 1947 142 106 245 1416 128 2270 239 352 156 359 127 911 128 2328 80 186 149 439 33 1872 89 710 54 1314 34 96 218 1175 213 1651 232 2048 115 1841 209 2282 36 1958 174 1263 66 575 80 1145 77 1288 221 2260
13 32 1051 132 2283 91 575 17 1891 143 2365 203 1800 59 655 109 325 167 927 227 570 140 141 96 10 118 107 219 939 91 1265 117 1515 108 462 193 1255 67 48 40 1646 220 2121 17 618 30 2094 244 651 105 2170 204 2368 143 2245 153 305 31 1160 62 1349 122 828 15 1683 78 414
14 32 1197 143 2489 172 591 40 2182 186 2473 164 2374 150 193 163 1323 174 390 107 1235 184 179 212 647 179 2288 203 2204 93 733 242 571 242 1325 225 1487 116 201 86 1630 172 198 169 140 160 7 81 1078 138 60 64 1296 190 894 5 1936 5 2047 174 1420 177 1600 242 16 164 2424
15 32 1350 30 670 152 234 189 2478 21 918 144 2478 94 2347 162 1240 3 1289 25 2247 72 1837 115 2313 19 80 155 1210 236 701 184 2173 179 1222 191 60 103 1804 147 749 102 1442 223 1920 34 1325 79 1782 245 328 194 280 158 1558 97 1579 233 1689 186 334 118 2186 227 1311 31 1237
16 32 331 193 324 204 2439 135 1233 34 1014 149 92 25 1867 78 1981 30 2145 60 976 133 799 231 2069 189 1704 138 1063 234 741 42 2413 100 921 51 2491 4 951 210 1124 83 1199 141 1355 243 1350 138 719 35 50 135 2167 198 603 248 334 76 1119 217 2429 29 2091 21 1163 161 840
17 32 705 205 1280 228 972 234 386 250 2069 196 1973 221 2445 113 910 93 221 216 1905 31 1116 98 38 200 545 10 2354 192 2176 42 639 40 2329 115 58 134 1250 169 1889 5 983 73 1587 97 1799 115 869 100 533 215 32 192 2457 103 1141 225 2477 145 1183 45 1960 179 2310 36 2273
18 32 3566 165 2084 16 2120 85 2221 169 543 105 731 39 1239 50 1259 198 1800 82 747 165 1593 23 2248 21 873 86 1014 110 1075 21 1762 213 325 170 2376 14 131 229 1166 185 496 228 1208 30 2364 133 2176 20 2319 164 751 229 2237 28 2098 96 1005 210 2124 167 1135 35 1268 209 2299
19 32 679 32 886 44 1299 2 1681 145 253 56 1840 76 2158 21 2391 134 345 229 1758 113 861 40 554 121 1063 19 372 107 1131 231 319 126 835 193 1369 90 1304 151 1435 75 1348 174 789 177 1563 237 2471 98 2326 27 2139 115 1819 68 1255 122 1204 127 913 197 185 244 291 170 1606
20 32 2298 184 2006 125 1390 146 953 90 1173 160 1190 242 750 106 1492 188 469 6 1749 84 2365 154 285 248 972 210 355 69 2139 57 281 29 1810 28 2013 162 2061 93 2484 110 1689 129 1403 189 1514 8 1 40 1481 9 1387 198 2065 165 1736 87 804 145 1491 250 1916 2 954 232 1878
21 32 3312 195 559 13 1002 3 1589 39 1762 230 629 196 1554 224 1345 55 609 159 2298 147 1224 7 1611 162 467 228 307 45 1886 108 115 76 1370 244 1674 24 1281 25 2446 100 419 23 2095 68 1960 62 656 50 1898 183 1762 202 1871 156 453 45 635 93 1208 242 979 249 2494 117 786
22 32 2149 148 1394 56 274 39 470 10 1702 224 1290 13 879 182 2265 87 1356 172 1180 180 2125 120 1184 129 204 49 1893 151 2372 183 788 14 1928 220 787 99 199 128 1344 199 20 115 922 150 914 167 863 209 1065 32 641 248 1417 181 1156 45 1989 178 210 53 614 245 1688 14 466
23 32 369 61 1594 32 983 130 2058 91 1434 10 1367 1 1118 161 648 147 763 62 1999 17 1890 179 1387 82 1691 198 2445 243 409 230 2288 37 900 117 521 52 695 185 2434 6 938 168 1446 237 944 93 1138 47 1117 20 492 116 1589 236 2056 55 1760 75 331 132 1570 162 1851 93 599
24 32 3907 64 1369 185 40 151 1634 14 1225 62 960 58 2184 165 1756 124 423 188 467 227 1170 237 2328 211 1417 133 2198 152 45 76 424 226 2489 200 408 104 256 3 888 244 436 244 2395 154 388 241 1756 123 2029 93 172 235 39 158 1871 138 579 135 2031 106 134 212 1604 220 1026
25 32 3174 82 1561 241 874 11 368 69 2399 181 1578 68 1606 229 1066 137 2379 92 93 15 1027 195 1307 100 752 73 640 30 1765 45 919 217 83 11 1232 52 391 149 2122 61 2179 220 1163 173 916 57 2348 98 1048 230 1276 136 1249 198 2099 10 456 166 992 122 1841 22 491 103 841
26 32 2557 87 687 234 2293 1 1381 121 820 13 1597 182 55 137 2022 38 1016 139 1133 54 330 49 123 65 806 169 449 143 1295 154 2290 246 2215 94 379 158 1720 55 2001 109 2458 35 1999 95 1085 160 344 125 1776 84 1559 158 1832 35 526 180 1907 246 1142 202 141 201 1801 166 636
27 32 3094 58 626 104 21 140 995 78 37 67 1545 220 2376 204 502 159 1712 76 251 222 2447 94 963 140 1707 54 503 58 1422 152 2315 137 708 107 384 236 1862 250 1156 241 1937 5 921 217 1016 13 1226 189 946 146 2060 3 954 182 111 119 80 29 1009 125 1453 229 1860 120 1122
28 32 941 53 873 128 2336 86 1551 45 1118 93 2032 227 1406 236 785 211 541 175 1926 176 80 225 985 190 1540 214 206 135 1223 149 1654 33 502 100 449 210 1024 97 1173 245 154 192 377 18 1792 135 631 231 1128 193 830 231 2346 54 58 200 640 36 2493 177 1921 219 2069 40 917
29 32 1449 11 2156 41 1075 83 1161 151 1518 2 2126 201 2319 150 1618 13 125 107 2209 191 475 213 1063 101 918 83 680 2 1633 12 852 18 1464 206 1512 163 786 129 849 73 803 159 2040 3 1118 99 1186 200 1348 62 1472 151 934 71 647 70 994 225 309 6 941 198 1264 153 1600
30 32 634 124 2265 39 924 25 1971 179 655 195 2061 10 813 111 1546 85 813 25 2428 105 2060 166 924 17 1383 154 1751 182 2259 31 1867 207 967 67 2161 116 154 241 2112 2 698 141 2259 126 1277 25 2317 186 800 12 233 248 1090 53 1593 29 2237 145 674 13 1537 40 1445 175 2429
31 32 1546 210 1393 54 2107 48 1819 3 861 167 1570 40 374 248 1628 190 932 33 2403 74 1752 46 268 54 2110 166 1913 24 2395 86 1351 3 1183 218 1266 224 1493 131 465 92 1948 21 202 114 804 157 347 113 446 2 1289 44 1787 229 1580 76 1393 228 1321 107 455 119 1783 18 1791
32 32 2644 55 1334 109 126 172 1117 201 1335 163 1375 3 1360 41 1262 102 1658 102 1776 14 29 37 711 216 1071 187 2200 62 146 32 2122 19 867 42 1741 200 975 223 2013 246 1343 19 2397 162 1632 169 497 8 2163 203 734 53 2480 55 1617 147 897 191 2027 76 236 65 991 184 2340
33 32 2366 241 1844 235 299 65 1517 10 2099 23 1774 26 1719 177 1514 157 178 168 1036 201 861 102 1749 239 1406 119 2082 203 1222 59 839 211 605 104 1204 213 1605 74 195 202 1994 57 2325 50 264 50 1598 90 1390 184 991 86 696 44 1155 166 1669 206 2108 70 1101 167 1668 108 1464
34 32 650 65 7 234 2452 223 822 211 2039 142 1920 9 1410 216 901 31 1372 208 25 114 891 145 955 142 1876 146 301 136 2183 220 1399 234 1777 210 2036 3 505 36 1363 80 1936 147 1005 79 1065 97 2032 5 2500 169 1743 36 515 143 401 178 780 193 2194 181 684 186 1678 171 1164
35 32 2753 126 897 204 967 53 1865 99 1763 199 295 1 2143 137 1295 189 1232 236 1196 72 375 33 1493 180 1739 88 141 223 316 10 1690 102 219 183 1363 237 1320 35 442 140 1288 155 976 138 2379 165 2160 63 1422 5 909 85 935 106 828 156 2146 150 1734 173 315 13 1988 78 374
36 32 1433 47 841 221 157 244 627 222 233 40 1545 37 263 74 616 129 2461 212 966 51 8 247 231 28 161 79 445 163 1011 215 821 77 1554 100 1860 44 431 111 2191 39 1278 72 835 1 1666 168 1194 127 1112 239 373 85 1253 69 1207 97 1236 90 377 91 1334 215 832 55 2490
37 32 1100 207 1321 186 1232 90 2295 5 1117 203 91 211 1908 163 940 178 1738 147 1784 143 542 75 944 1 388 199 909 143 2133 178 2136 95 454 230 909 70 1356 244 1784 44 1616 111 2264 234 2342 125 342 21 552 114 1074 86 305 31 795 249 1555 179 1047 153 727 157 1675 125 2220
38 32 25 188 1448 213 407 81 1179 169 2239 124 252 31 1035 226 2232 249 2477 75 1301 6 623 90 578 87 612 116 595 130 1933 211 753 164 1195 91 2256 215 1510 54 1910 199 1076 18 2052 77 2235 52 392 122 353 109 2409 109 534 186 1748 205 1173 118 615 46 773 147 2219 19 1498
39 32 3937 109 1591 76 1625 136 2219 101 840 180 622 227 1594 60 801 231 2457 107 721 134 98 76 1610 190 691 1 222 64 2065 246 1843 195 400 108 137 45 2437 189 1723 193 950 178 1193 107 2058 215 654 99 1838 161 1631 94 665 143 2146 41 875 237 988 58 205 195 76 233 883
40 32 101 8 303 32 304 90 863 237 719 248 2017 59 1111 250 2269 60 1340 182 1770 161 43 20 1661 28 104 240 407 46 1305 58 2200 147 1662 213 706 249 2450 58 2151 191 1625 65 2043 106 441 56 907 62 937 34 1111 3 1422 140 1187 67 1050 121 1618 152 290 141 1285 234 687
41 32 1221 223 1576 145 1930 5 669 122 1854 98 1054 174 823 227 1647 194 1625 96 1379 46 1541 184 459 37 1111 169 1267 231 2255 78 1704 89 1156 98 2387 32 1144 150 499 136 898 220 1949 56 1177 111 2232 134 2316 148 1733 3 1366 55 393 119 1441 137 841 46 721 31 185 39 1478
42 32 1515 26 900 190 306 208 779 58 1255 25 832 109 534 39 764 114 2024 212 1712 210 563 213 1216 206 307 25 1021 109 129 196 1651 158 687 106 1545 9 1689 34 2290 226 372 90 1823 21 2042 236 1976 161 2038 232 175 108 366 70 2206 8 943 24 306 148 584 170 463 234 2005
43 32 4677 244 2295 185 410 93 1575 199 1585 115 2285 158 22 187 1930 172 162 250 1620 192 1122 206 1688 149 438 67 2145 25 343 190 1228 236 2473 94 355 101 1244 88 243 209 1537 21 1171 249 2009 225 1198 89 825 98 1808 181 386 178 136 237 1896 208 1956 126 581 26 2002 19 327
44 32 1557 109 736 107 1488 84 2161 66 507 240 1209 45 678 119 883 227 1208 15 1559 103 2401 42 786 25 2020 204 374 155 259 200 743 200 26 189 1386 249 154 217 333 74 2185 23 1101 67 529 159 2492 228 2373 17 144 26 2063 219 221 213 1274 238 2301 245 208 18 2247 80 1903
45 32 2087 187 285 12 1651 140 2389 204 467 67 61 64 2226 157 1664 49 1393 72 1349 131 1590 2 1794 37 1218 86 2223 15 1906 88 820 103 984 205 593 173 334 162 117 97 2334 85 265 58 626 174 1668 216 844 146 936 217 869 144 1055 245 2001 13 1857 126 2422 241 2080 176 1021
46 32 2747 50 1280 79 339 14 698 59 701 186 18 243 1503 198 2382 192 1060 75 693 180 1673 214 2083 165 2214 39 948 140 2373 168 1453 37 723 41 1268 227 702 160 184 34 1133 10 1924 236 2182 162 1933 242 2139 126 1127 122 1373 149 913 5 1339 193 2440 26 2446 236 1480 168 189
47 32 607 99 605 191 539 204 2405 118 463 61 982 8 686 38 175 10 709 53 290 137 1777 40 1492 242 2157 161 1255 61 15 102 1215 33 2442 189 1733 215 585 59 1965 203 1973 53 523 85 2033 4 1349 54 739 114 2189 130 2331 24 2224 92 1550 234 1049 34 2351 177 2258 10 1490
48 32 1840 177 1570 229 444 96 1007 37 1938 197 387 34 2059 74 1539 200 1346 135 1216 32 96 34 1421 123 2262 82 1768 99 452 17 872 141 2260 155 308 175 463 155 717 39 2366 162 1746 249 1684 157 2019 152 1444 190 1200 223 240 91 1731 181 2324 115 2022 142 1480 210 1045 20 1571
49 32 3670 90 1421 221 1592 195 1021 197 1532 203 1413 173 310 227 519 128 2036 228 1020 200 328 226 1361 176 616 130 1412 108 37 127 866 180 2384 132 56 111 2228 197 293 184 843 196 2422 121 696 138 899 178 1309 75 746 41 103 233 953 235 1262 203 1922 243 7 140 1658 42 251
50 32 1890 37 1900 108 1964 57 108 37 957 52 1103 20 1616 31 2209 182 35 100 1001 204 1396 137 776 221 1005 25 650 117 1407 120 1537 195 334 115 967 59 774 115 1502 164 1000 58 1750 108 289 50 1528 106 1394 68 1147 140 2059 39 2113 89 2387 1 1555 240 1127 20 206 219 644
51 32 2989 17 2264 101 1689 143 2004 116 318 198 708 76 1003 24 348 238 60 21 1620 48 1296 173 2255 217 1920 181 809 80 400 29 2279 8 1149 175 2180 183 541 86 1225 103 1610 58 692 166 1711 119 1586 171 1776 187 430 82 1061 164 628 122 957 89 2390 62 694 240 713 118 796
52 32 229 160 172 99 2002 119 1856 174 619 1 1499 190 308 197 1263 78 1537 58 2374 182 1330 92 298 168 1524 48 2446 244 2164 11 2098 143 2261 248 1737 72 1933 199 2000 228 776 36 1171 166 322 185 1590 14 354 199 1898 183 282 45 1979 22 2498 21 283 66 106 77 898 208 684
53 32 1946 165 1673 152 2389 195 19 124 449 60 2463 198 1026 56 1148 92 281 60 872 1 312 11 1868 7 647 10 157 196 1509 235 1444 71 2499 13 992 217 764 145 1083 167 1213 107 1482 60 1915 241 1774 77 120 31 718 200 2013 232 1744 152 1694 206 1868 39 2024 195 798 55 592
54 32 3583 138 403 52 1258 11 1624 173 627 138 674 62 82 143 510 41 1944 79 1885 100 2379 249 1096 244 1734 23 2287 192 811 96 2146 229 2143 183 482 13 1650 239 693 80 2095 50 24 192 857 20 509 142 1820 206 1119 142 768 129 878 190 1899 48 1554 93 1534 84 439 195 1014
55 32 3002 226 1747 244 721 205 1893 182 1113 179 2460 24 2323 59 1311 201 1495 51 2100 169 822 230 1951 159 2279 28 365 170 275 117 2020 71 2415 200 142 179 2183 131 2037 146 2199 242 1740 240 1586 26 1137 169 536 215 187 40 2232 82 211 246 2300 19 2342 109 1754 150 206 165 1594
56 32 1144 135 1261 28 1275 216 1796 125 2182 108 265 143 2163 127 2167 236 1471 73 942 133 2042 134 442 191 1390 145 1826 201 1137 184 387 15 1914 201 616 128 9 171 1917 43 1692 12 77 208 2273 238 638 12 419 2 2067 21 1153 105 1564 185 394 210 65 187 2247 147 498 65 1609
57 32 2695 114 1053 20 1335 93 260 180 2129 52 640 104 1008 94 506 119 1360 162 1879 156 885 51 414 79 2012 155 343 109 169 122 2281 66 280 208 597 127 131 14 2400 60 597 40 1667 81 2369 24 1181 46 1765 55 2251 53 338 152 2117 75 948 227 2070 237 1506 73 369 215 383
58 32 1352 116 746 225 1498 166 267 204 2065 179 2251 178 823 15 575 158 2343 174 911 200 385 197 2237 219 1333 22 1495 121 1963 211 365 142 1875 164 1077 111 2208 51 2403 103 465 38 1996 218 1146 212 1832 149 1179 169 1870 243 200 111 1062 48 1425 35 552 236 1018 137 983 153 2319
59 32 2783 175 738 177 2435 221 684 218 1077 218 2323 3 10 235 996 81 1537 238 2404 212 586 158 1553 48 1667 193 2024 186 2431 37 985 95 2490 95 1797 50 1275 228 642 69 972 166 161 17 1655 245 1423 29 2286 245 1784 6 1827 188 463 201 2115 59 550 239 1995 3 1332 225 378
60 32 2389 68 2022 130 1749 60 930 112 1137 201 1630 221 50 236 2249 141 1997 16 1533 41 795 46 118 39 2175 234 1519 82 1276 173 757 13 660 34 713 229 214 81 1466 150 1868 116 2351 68 1997 128 1111 159 562 45 1552 177 2089 122 1178 150 1661 13 1922 19 2395 210 1488 58 418
61 32 1055 106 789 40 2415 106 1083 250 1327 103 83 66 583 25 704 196 1930 55 1891 115 1443 250 756 87 1951 234 2041 93 1233 147 677 224 44 220 2012 204 1001 233 1515 184 430 22 1313 95 2260 140 1709 221 1335 120 2296 26 1915 175 1951 12 1495 199 454 69 1928 66 695 130 1866
62 32 2042 226 220 153 2221 101 1778 90 1754 20 883 31 2036 136 2470 75 187 86 1710 185 130 172 2111 15 2153 26 1532 26 1337 64 745 219 1984 116 1184 162 2042 112 1668 27 1586 20 1582 244 567 64 317 20 1190 62 2265 156 2055 164 1731 90 2120 239 1155 207 1771 202 1004 247 132
63 32 3252 180 2199 224 1651 165 1827 42 1052 58 2027 126 1576 153 1374 11 311 238 5 48 327 218 1832 201 726 6 2277 213 733 154 947 39 988 155 30 125 1085 153 927 188 1092 181 456 157 2367 205 666 143 2436 174 626 250 931 134 1138 12 2310 31 1256 46 249 124 862 14 2015
64 32 2910 206 296 215 1120 41 1610 192 1546 245 999 182 688 118 1700 155 2086 98 2344 59 575 37 935 82 986 122 118 139 1349 201 929 190 82 230 197 20 276 224 792 209 1321 17 2181 25 2256 190 445 207 1709 218 2413 83 761 43 1417 80 254 232 2342 6 122 221 902 183 1595
65 32 980 67 1220 240 384 19 1256 74 420 208 358 92 568 213 446 62 1640 75 922 224 710 49 750 125 468 146 1976 212 1422 162 2032 47 201 42 492 99 2276 72 914 140 801 230 289 154 1386 22 1527 25 1242 197 851 172 2107 89 1109 33 2135 24 170 70 1766 192 313 226 2175
66 32 991 113 221 130 853 72 1061 75 1020 81 2099 93 1227 29 826 165 1734 12 889 193 993 33 169 194 2250 232 2257 35 165 42 1539 214 350 140 1262 90 1554 30 1412 230 2150 163 912 190 2000 129 902 222 210 245 2380 55 128 186 173 28 237 139 2367 28 720 90 1016 235 1619
67 32 265 206 590 19 1997 236 1881 145 1371 179 543 135 1376 195 117 96 2413 156 911 90 1575 98 2357 159 937 143 448 67 1095 118 1915 163 2216 85 279 33 1378 159 1894 205 1441 234 23 22 1597 113 1338 23 223 74 236 52 374 108 1405 209 1631 249 1885 131 1722 45 2107 22 524
68 32 659 48 871 54 1192 215 360 213 400 230 320 40 2125 44 1310 65 363 30 2035 54 443 107 683 22 2015 95 1018 60 964 64 1585 230 192 75 1965 177 1389 244 1449 66 2078 36 1705 30 2021 154 221 95 1787 196 2490 95 1146 140 151 106 501 65 537 146 2024 216 2253 119 1509
69 32 323 195 776 196 1930 161 200 142 1554 23 1081 2 159 20 1182 42 306 201 1507 112 2218 17 2164 53 75 107 1513 159 425 220 1546 191 258 146 1297 132 2362 173 25 18 517 87 539 207 860 18 898 163 2042 59 1486 143 1435 182 2346 58 1605 48 2322 226 1327 215 461 133 584
70 32 1583 204 2391 173 1862 210 546 10 1050 144 1185 88 1452 34 525 233 937 116 2497 66 2094 69 2463 23 193 183 2408 214 1912 138 1521 113 1531 106 682 202 973 31 1151 166 2315 161 964 87 1607 224 2048 162 1724 169 525 175 1363 26 843 176 623 66 2459 52 1152 24 821 120 336
71 32 1379 34 934 146 1885 91 1961 162 2333 77 2156 171 915 99 2418 243 1446 127 324 19 2137 242 1127 158 284 61 693 2 442 213 2115 66 1711 230 348 117 723 25 2301 187 127 236 250 34 238 132 2466 163 1640 10 447 82 891 21 859 101 2290 198 777 245 2315 97 34 120 1015
72 32 2650 182 279 21 826 2 426 27 718 139 978 75 411 153 1923 168 1190 117 1484 240 736 171 590 87 298 79 714 250 288 147 2219 54 1966 196 251 208 1824 114 668 93 470 143 2193 135 1349 212 1056 212 1526 139 1115 86 739 59 899 65 1784 96 2369 82 1889 102 545 128 1647
73 32 3749 8 2283 9 1415 234 2467 46 1241 110 1072 44 1895 246 2235 63 1216 139 441 244 108 103 610 17 1866 66 810 211 617 131 2423 128 816 198 2182 96 2478 129 2039 43 2465 26 1339 53 1759 102 1822 114 323 101 2475 248 2193 105 1569 204 1107 109 377 175 1525 236 501 76 2361
74 32 644 245 1294 37 150 4 421 47 2431 51 1330 222 810 133 1925 144 782 168 1906 118 862 205 123 12 1709 119 1542 67 1370 98 349 116 1456 4 2286 173 980 161 359 71 61 2 784 9 2000 192 1722 220 2014 191 2372 21 365 80 1444 142 2272 158 175 200 186 135 353 245 1622
75 32 1567 127 996 6 1980 211 47 201 1448 80 697 84 707 122 1810 223 1952 74 208 233 1220 146 2395 34 294 38 1787 191 92 242 1092 167 1717 219 243 57 1234 9 1664 26 849 158 1384 155 1435 156 1998 59 1829 237 1997 65 1491 190 1221 10 66 210 2024 14 761 115 873 88 1000
76 32 2188 76 1639 179 73 114 1286 24 1755 200 126 28 1426 229 1303 15 504 247 1322 149 2371 95 1693 68 1971 63 205 164 2296 79 491 245 1702 155 1083 3 2178 217 1802 10 595 113 1302 119 284 244 2139 171 985 168 240 203 2135 13 504 194 2004 92 611 183 433 17 591 148 791
77 32 268 190 2138 155 344 138 1840 242 1662 28 808 146 1620 95 265 40 2310 53 1802 155 1877 29 1376 62 2278 162 665 49 1222 12 1776 215 1173 209 1070 225 214 153 361 209 2228 243 1767 73 1019 132 447 129 562 21 2403 105 159 223 1645 164 2419 231 515 208 2280 25 1505 55 1036
78 32 1949 241 2393 188 2297 71 1530 122 1496 240 1104 177 2080 123 335 16 1282 71 1478 209 2479 249 311 81 807 25 2396 112 2039 218 2093 60 1204 217 548 211 1197 171 1307 138 1898 6 1886 118 765 11 546 114 501 121 228 154 1440 89 992 215 1114 170 1261 161 2253 125 1488 229 1165
79 32 3763 33 1392 173 810 164 1258 130 2378 238 2166 239 1894 249 702 233 2410 248 483 16 408 166 126 128 1010 8 1003 9 2320 152 2203 249 357 167 524 103 190 39 270 186 365 34 118 11 2383 192 118 246 744 162 554 41 1196 52 617 65 2337 216 1542 33 1859 101 260 19 200
80 32 3246 247 391 74 1470 81 278 19 2307 158 138 72 212 58 2491 46 1501 223 155 105 2227 169 1152 241 598 203 1359 125 2340 172 1914 180 2056 73 2285 230 117 242 1275 124 2115 82 1951 223 973 67 913 203 352 194 1018 90 1262 68 44 164 237 96 1894 90 2150 141 2412 123 401
81 32 469 120 234 113 1217 4 45 166 101 247 1291 59 994 137 2126 236 692 153 1993 163 786 68 2395 123 296 86 395 222 2320 136 1704 39 2251 138 1570 176 212 76 2071 170 1203 106 2444 93 1323 68 2015 238 881 227 271 192 129 108 754 139 66 39 1766 193 991 123 2052 185 2481
82 32 619 15 1736 13 24 98 212 84 1927 155 1563 228 1728 40 1487 209 113 242 56 6 1608 131 786 145 1832 171 598 51 2416 36 906 224 1897 135 2261 70 287 144 737 213 100 81 1004 67 410 46 1190 93 269 58 2152 238 655 85 1767 1 2343 3 1284 70 1961 136 304 19 1373
83 32 2096 66 2364 131 505 174 2254 200 2349 37 204 173 2436 97 2105 243 1204 158 2087 39 2437 51 392 73 961 205 1032 8 820 28 1792 45 683 191 1111 98 455 58 2478 96 1326 181 618 226 1005 169 2339 61 1272 145 597 233 121 117 1648 12 1411 224 54 133 943 101 1881 178 1609
84 32 1187 104 2037 173 1170 240 277 12 356 198 364 114 918 189 2236 106 1564 55 1168 148 2104 191 659 99 1791 39 1932 194 1256 68 1609 43 1987 156 1276 82 1818 211 2008 242 1658 8 464 20 1329 139 1472 50 512 93 361 219 1706 28 430 237 1247 206 2476 171 301 158 1777 43 253
85 32 324 226 1029 18 1550 28 1322 186 1858 221 984 149 690 44 1913 214 1920 248 347 194 1549 8 838 129 1400 131 129 40 2425 45 826 59 810 84 1333 238 281 95 54 21 356 128 951 73 1822 38 359 177 1129 230 171 123 263 156 1220 38 923 148 1914 171 268 245 903 165 1313
86 32 2425 231 1408 61 2055 99 2086 134 799 33 2140 249 1630 132 753 95 1247 111 2142 60 1470 128 2276 157 503 9 102 192 1553 162 214 188 1174 1 284 189 2058 250 1226 249 1872 2 1331 217 348 36 900 45 448 97 321 89 1446 208 2322 149 2298 123 1694 63 2480 243 1424 203 572
87 32 3057 122 1887 40 1318 149 1802 200 846 35 1630 228 1079 206 2209 238 2002 66 1229 19 753 50 517 145 2091 12 1312 152 2218 93 2223 159 2193 36 478 183 447 196 159 129 676 212 171 4 141 46 1684 189 907 94 970 123 1250 154 1252 96 1310 68 2448 73 553 99 2408 93 619
88 32 2809 235 1240 218 332 116 2400 82 1036 49 1818 221 1299 114 892 55 1532 180 359 47 831 110 1714 39 1124 98 717 223 1287 191 1095 78 577 229 153 5 633 239 1936 64 1087 242 1441 11 2239 71 406 209 1615 147 1245 155 1378 168 1074 63 2485 63 1932 120 867 202 499 60 591
89 32 1709 19 350 98 469 92 1293 37 62 159 438 195 1410 73 1046 86 1244 123 2268 26 418 212 592 59 1369 57 333 149 1400 28 510 84 1132 106 1655 34 176 246 2196 117 911 148 819 176 614 82 1844 64 1571 88 1852 218 521 176 2393 200 1986 168 416 101 1354 21 1828 20 1791
90 32 2035 89 1146 196 124 250 292 111 322 23 1596 210 689 135 2398 177 2438 14 1815 236 40 159 1957 171 2431 143 232 161 2300 95 1396 46 2078 151 1943 172 423 41 251 89 463 15 1752 201 2110 150 2412 207 763 193 1633 217 2108 71 1249 193 781 152 1082 101 2352 180 2019 7 634
91 32 3265 160 736 136 778 78 1214 56 2010 232 2110 248 810 213 1321 13 1833 31 1633 141 2068 139 54 78 551 52 2305 16 1494 5 81 144 2498 80 1022 116 2059 43 1166 232 2417 145 957 46 854 17 1680 70 1124 23 1093 222 298 157 392 86 37 188 2316 77 401 155 655 157 1235
92 32 1123 127 2375 68 1411 237 1368 244 1015 207 421 212 344 87 2086 57 1148 98 1133 127 2170 179 1325 134 2365 122 792 74 1098 25 1998 24 506 143 660 82 1746 68 401 150 934 203 2334 140 11 8 1485 10 1479 173 2473 28 1829 165 733 247 1420 125 1181 40 1768 245 808 184 382
93 32 2123 14 1665 145 1423 150 1239 6 345 14 1337 224 1373 95 943 177 1348 22 2042 162 450 196 877 238 297 92 225 42 1714 19 432 232 1791 48 2319 42 1533 36 534 117 1124 79 2497 189 1332 43 173 16 2326 205 712 13 204 144 1421 59 1069 14 809 201 2497 66 911 10 303
94 32 561 121 86 147 844 146 6 60 1910 119 300 246 169 16 660 26 1481 53 1850 39 2169 125 735 191 2360 195 2171 197 1008 114 1512 123 1049 240 1980 29 351 171 1047 7 1432 145 975 18 1647 158 1731 129 704 162 2354 89 1547 75 1208 194 1250 62 242 214 966 12 503 215 2176
95 32 152 155 951 203 105 181 1675 39 232 10 1974 25 444 64 2367 67 1196 90 462 236 2439 76 442 193 2069 66 1773 53 234 202 2227 210 1446 184 226 205 287 57 1090 101 1054 223 2371 81 963 223 175 51 1890 120 1244 36 670 160 561 115 1127 84 2234 165 93 192 1419 106 2371
96 32 3396 164 2185 14 1335 130 1148 60 2032 11 1928 229 2258 52 1352 199 1661 228 1295 56 1877 21 1037 234 1734 223 1622 104 200 19 1893 243 136 212 1253 218 1155 225 1420 137 1527 211 1265 159 431 88 1398 108 1448 50 405 2 1001 109 1648 220 536 4 974 121 2082 247 481 129 1249
97 32 896 95 520 113 1305 28 1242 74 192 174 1670 41 673 160 346 226 1222 31 1444 175 2298 88 597 169 670 108 1885 143 103 115 453 1 1716 34 384 51 1248 143 255 158 1255 182 1908 81 2070 241 1671 47 1896 246 315 10 1589 233 1351 110 428 178 2473 61 2081 202 249 159 595
98 32 2541 241 1137 65 1574 101 1652 41 440 201 548 9 1122 223 1821 136 859 68 1194 210 55 97 393 81 2005 150 699 33 1617 30 3 112 1923 220 1363 70 2499 4 1388 9 415 73 1292 94 2192 16 2241 143 1509 229 1407 151 925 91 207 16 1775 48 1102 167 212 218 624 199 1236
99 32 3193 112 2359 61 1861 128 1297 233 19 87 1137 173 1905 170 77 214 1464 139 2481 94 856 43 2162 10 109 15 254 1 2230 123 447 161 28 224 529 40 1285 126 484 151 543 139 388 110 175 144 594 90 2425 242 1736 198 853 244 753 174 2079 38 35 87 1298 91 1588 57 424
100 32 1874 209 2397 167 122 214 22 8 2349 71 443 236 1098 123 242 85 293 190 1148 137 496 87 105 119 255 68 189 57 2439 75 1220 34 781 155 2438 216 1078 144 2450 10 1848 238 709 94 564 8 432 150 669 224 184 195 692 103 492 153 2047 70 2412 44 1038 3 2103 139 1205
101 32 2256 153 2245 93 2208 89 2187 120 1312 33 168 187 797 166 2056 203 1315 17 2483 236 687 249 77 226 1537 217 495 64 1305 44 2163 236 1259 163 1169 196 1149 171 1420 217 357 92 765 116 561 243 649 124 10 187 1962 89 2250 35 1903 82 1693 62 1903 93 1344 39 2118 34 387
102 32 1088 220 2052 159 383 66 2242 95 872 242 1787 127 1194 142 893 121 1306 105 1805 226 1887 9 2442 176 759 36 662 28 950 231 1768 178 2249 134 1515 104 376 8 1025 116 2053 198 1405 126 773 166 2235 211 1197 59 1399 224 508 102 1487 99 2417 177 1910 219 1287 25 2107 196 252
103 32 2380 208 2299 172 1976 84 1889 22 146 117 2342 241 1958 147 1949 51 2326 59 2220 90 1821 142 2491 95 488 211 482 35 2037 172 2011 213 336 4 687 117 1254 157 2206 53 1303 144 340 108 675 10 2489 123 1776 233 2330 192 1000 163 200 25 1073 26 571 12 603 175 1718 153 706
104 32 1024 180 295 145 1763 143 52 30 774 244 860 211 1999 23 1163 9 1174 187 1972 67 886 179 2499 201 366 48 518 134 551 30 989 204 686 1 192 205 2395 159 1653 81 2291 198 838 2 576 68 765 215 131 95 586 102 1986 184 549 144 1987 236 378 4 1190 87 498 50 149
105 32 1460 6 1644 176 2307 33 350 58 1912 6 2410 245 1610 34 1105 75 1126 203 1722 15 1269 178 2039 70 12 104 1317 25 2127 168 1093 189 578 217 957 249 2200 117 240 163 2303 103 1054 232 1540 160 820 126 560 99 1492 166 425 180 1124 2 298 116 1116 220 1800 11 352 108 526
106 32 3006 142 1724 183 255 76 1937 235 2460 125 2463 154 1709 77 1176 18 2246 168 212 153 2070 181 947 232 669 57 2389 157 28 249 1124 179 634 28 2319 134 1816 244 185 208 1198 98 1774 159 448 211 2297 4 2165 205 1212 128 2176 22 967 15 291 179 505 248 2398 19 1165 193 2000
107 32 559 230 662 18 1671 78 407 100 1935 158 617 16 1929 208 1340 41 1145 42 53 69 2014 157 1459 81 668 76 2384 50 1779 250 2043 38 613 68 1577 91 244 211 2358 24 2162 172 860 194 392 240 2056 148 2292 226 857 90 585 166 131 224 2422 122 1024 154 1803 112 767 176 1924
108 32 72 34 1420 15 1110 160 1571 223 1294 200 1271 79 1385 172 621 83 1970 80 175 212 2176 54 1292 193 1370 225 457 212 1334 60 2245 167 1360 148 1238 213 325 190 402 142 68 113 1275 37 436 234 563 129 1309 214 806 222 142 99 2455 168 2297 32 267 5 1460 7 1652 96 2206
109 32 2590 27 2413 79 580 48 2277 187 705 137 850 88 968 168 615 104 1829 205 142 92 2010 39 2225 65 423 165 2024 106 408 25 1972 50 1892 56 691 62 2131 234 1402 198 1989 151 175 65 1571 6 559 198 943 55 2281 156 285 83 931 227 1038 143 421 113 9 213 206 112 1910
110 32 784 49 1501 9 2251 176 1621 75 2438 224 2218 152 427 245 2138 152 1399 149 1415 160 1317 169 174 175 1386 88 815 250 74 85 993 139 1502 178 2297 240 513 213 497 80 607 109 2326 210 40 16 1023 18 1587 84 916 52 1820 53 1402 140 395 47 405 179 719 62 631 43 1413
111 32 4015 36 187 6 2324 196 1345 31 2360 35 2203 108 1905 47 515 175 1545 187 326 27 2364 50 298 18 249 211 355 210 2262 137 825 194 791 196 2308 143 1601 161 1535 213 1329 177 1537 141 496 76 58 48 458 135 1038 229 2214 237 1082 141 154 38 284 140 813 249 381 83 1002
112 32 1483 84 1871 39 1349 138 2067 165 1819 70 1324 246 1636 58 2085 165 540 240 49 248 1555 32 43 152 2243 223 506 3 2212 181 854 71 1995 165 417 17 463 232 2393 170 280 71 255 154 606 51 1731 97 1944 250 2349 89 1030 93 1496 21 1290 109 1877 217 1755 189 1851 179 853
113 32 300 1 2412 5 619 103 1031 82 279 192 1024 216 546 113 459 22 871 99 53 85 681 33 1345 111 2346 119 2442 84 910 199 2150 248 106 200 209 146 2128 56 14 45 22 73 1000 55 933 33 1729 145 2001 108 2056 125 637 37 187 19 2106 160 2500 70 696 120 2294 169 1214
114 32 1325 17 54 93 1867 121 1366 36 2345 175 1298 34 156 30 602 94 1595 222 950 208 212 210 39 45 776 156 224 136 2365 76 1316 248 1970 210 357 23 325 51 1901 126 1477 32 1206 22 2248 38 498 159 1210 157 1877 225 1146 171 2209 87 613 154 513 219 1571 151 2037 76 52
115 32 1149 195 1430 211 1670 47 103 197 1179 55 346 70 1584 2 247 188 323 64 700 224 1522 111 2493 192 2368 103 68 81 1746 45 929 98 2394 129 1275 224 526 152 490 110 1767 174 313 229 1342 12 1833 15 682 194 1111 156 1521 132 1941 82 2303 75 166 130 2032 20 883 19 972
116 32 485 118 181 40 1032 155 2151 140 1151 190 943 184 1301 245 384 41 1181 124 933 45 1029 91 1092 117 1099 47 1630 11 585 36 369 53 687 168 2143 244 1439 53 1452 95 246 224 1609 127 2439 33 1521 166 101 145 1331 149 2427 242 1873 20 644 165 1134 202 618 247 1242 24 185
117 32 3605 18 827 72 2319 59 1112 231 2156 95 2128 116 175 29 234 63 1348 105 1049 166 257 173 1704 98 755 110 1908 196 1262 69 2233 244 730 187 983 19 1030 239 1502 16 250 226 123 39 580 147 66 82 65 120 83 202 404 132 488 247 113 126 2089 238 1314 115 1934 14 1230
118 32 3122 32 2055 92 2340 5 2221 197 2441 68 1810 66 2296 5 1746 63 915 241 2457 19 1579 173 1059 226 1319 66 349 4 1107 191 1132 245 2049 54 1887 53 1383 69 1368 215 152 70 2333 178 2074 105 854 195 364 214 1752 52 935 79 502 92 902 150 545 192 199 149 633 64 1252
119 32 32 181 2249 205 905 115 2032 68 1315 134 1395 201 253 214 171 70 939 111 2269 22 1783 176 1617 125 1587 54 1029 54 1901 230 512 206 467 32 586 168 754 227 1243 153 29 197 790 178 440 20 424 216 1119 200 1420 192 656 138 1228 84 1138 102 2293 167 187 219 1743 75 2115
120 32 2882 85 1683 23 1231 64 647 117 36 205 2332 31 1452 44 2187 209 1499 177 2500 39 1554 162 298 36 875 65 462 80 1933 130 329 18 857 161 355 99 1472 140 2088 196 363 11 1336 110 1122 224 2309 80 190 165 1302 233 1090 53 1995 108 1674 248 1536 149 1386 37 1342 209 1295
121 32 3088 242 1099 10 1532 44 1070 136 1494 90 548 62 1237 150 2081 145 469 124 1822 21 2111 182 673 31 347 165 508 234 236 51 752 16 184 167 740 197 82 9 971 80 1273 186 436 190 1800 146 37 154 165 104 130 235 1117 159 1901 96 611 109 2146 128 1862 79 1003 58 1003
122 32 103 134 1121 209 2039 91 1944 174 1092 55 2061 163 1773 58 707 121 1836 132 661 193 2395 96 345 112 1198 194 2418 52 2070 190 2078 123 1589 124 915 211 2176 148 935 230 1367 16 1485 184 1232 142 1758 19 1011 126 2077 211 236 216 896 39 1609 10 2398 124 1518 188 290 50 943
123 32 1937 182 126 31 2327 198 1569 240 654 70 1734 52 2244 56 943 147 1506 138 1155 46 846 36 609 4 1151 84 504 10 759 230 339 93 1501 44 268 246 1305 109 2466 57 1142 100 1036 54 2067 103 1439 20 182 67 1039 69 626 148 1960 135 168 226 949 227 623 215 627 230 2260
124 32 640 181 2199 241 1054 18 1545 131 1457 78 1458 222 1609 19 1170 199 436 107 357 117 1532 241 1143 32 119 194 414 111 1334 212 336 56 3 52 713 94 989 75 1784 169 914 230 1720 30 2492 76 571 99 1426 92 2051 215 561 161 940 42 1523 118 1174 52 708 242 363 91 2467
125 32 2498 234 2207 127 2058 118 1757 89 1866 129 1136 204 1529 30 645 2 1217 202 1267 153 1727 203 2018 60 1458 172 1062 157 295 78 1217 209 233 87 1950 40 1393 233 1053 222 2002 16 959 142 426 77 2047 217 162 191 1265 186 2041 183 1735 79 1190 9 854 162 179 183 66 245 1832
126 32 96 232 349 105 1767 155 1941 176 2034 118 81 191 54 107 2084 88 1547 71 225 113 1617 197 2468 63 1873 93 1104 202 1282 100 1742 142 1477 231 932 158 157 28 495 170 1352 159 698 179 1677 29 573 125 1060 117 882 77 555 92 530 219 2358 232 2244 53 1229 116 1188 41 2232
127 32 3177 185 1395 163 539 190 2051 112 1353 73 881 130 758 27 1372 236 1209 106 847 115 360 84 280 198 142 109 1942 27 1542 48 1006 43 1065 202 1139 237 2000 124 1578 179 378 177 2289 144 1249 86 1038 167 135 50 1228 121 772 128 2353 193 2466 44 2281 89 171 107 508 121 2405
128 32 3044 231 2351 156 763 84 2213 88 562 120 1783 207 1134 249 1901 234 2460 142 2132 97 133 239 549 75 1332 171 2022 28 631 158 1380 114 369 90 1423 176 1751 165 698 192 2340 173 2053 125 1475 28 368 107 753 207 38 65 1639 54 1659 206 2248 138 1734 139 379 66 1094 177 636
129 32 297 142 1221 44 1506 140 961 117 303 185 798 182 186 103 2330 241 177 154 2049 151 845 100 2206 143 2296 115 628 81 1136 215 805 59 559 214 430 210 151 201 807 76 1392 87 1647 117 93 201 2394 133 2371 7 2451 25 1 210 1109 12 2424 164 1292 201 1103 100 950 221 1988
130 32 524 127 1263 10 2418 90 133 60 1911 54 1973 135 2200 73 2261 166 2238 205 1460 242 226 207 1485 147 1360 61 1468 187 178 36 878 66 2415 187 460 26 1322 88 1536 159 1223 173 2344 139 113 68 2216 223 127 173 2256 6 288 198 2299 141 2032 28 426 44 482 233 1810 170 1523
131 32 3828 249 901 182 2247 224 2078 148 816 22 1868 164 1001 209 631 230 195 170 2156 33 2131 170 1398 9 275 205 310 229 1821 27 1868 200 383 69 2333 190 121 236 103 171 1086 153 1242 139 90 162 2424 71 1098 137 711 112 1599 16 64 245 1971 54 1667 241 59 101 1755 46 210
132 32 3 126 669 48 1528 11 442 57 1993 91 1122 110 644 49 2032 30 1946 50 1747 224 2249 115 1373 139 209 233 1695 9 74 145 2286 180 1979 35 2445 50 1748 125 927 32 1088 233 2434 173 1147 153 986 60 1072 235 1250 27 429 70 1783 86 853 137 1593 147 71 104 36 205 1345
133 32 3927 43 895 202 15 213 1052 218 1632 61 2376 125 1739 207 271 169 1613 188 647 148 1132 30 38 1 693 218 740 2 1794 166 1964 213 2393 234 1971 6 104 215 1717 15 1402 59 125 115 49 231 1565 236 1595 139 610 198 2255 210 675 53 1784 189 2464 109 2483 26 1711 143 1064
134 32 1369 52 159 2 644 70 1339 77 1483 72 2443 87 1387 44 2122 64 2295 25 2477 246 1664 17 1631 222 1510 137 479 248 1518 183 195 238 497 97 2103 210 1709 4 606 116 107 105 307 36 5 26 819 173 1682 218 295 45 632 94 159 222 2142 157 829 86 265 109 2226 76 1727
135 32 585 238 1217 128 1263 161 2427 169 771 90 2333 87 1780 245 170 61 2452 25 1658 172 2302 102 433 248 850 232 1198 152 1425 228 1564 83 1321 61 2248 185 545 226 208 101 1484 169 1541 70 2007 80 837 7 1656 72 1617 130 581 87 1478 99 761 110 683 195 2093 61 984 115 1336
136 32 231 242 809 166 892 58 1288 40 932 44 76 228 1256 54 470 24 73 4 1713 203 291 148 1006 22 404 240 539 192 529 154 960 120 2438 228 969 80 375 195 891 120 1845 25 1570 103 1932 156 1094 38 2197 10 539 95 1075 27 924 240 906 186 2488 145 466 80 662 18 1125
137 32 1713 27 2249 48 2100 78 17 213 1367 194 1448 53 448 187 488 208 998 227 1028 85 1254 188 1108 187 1720 140 2185 143 1957 93 800 227 1136 52 2139 67 630 3 1781 5 1535 125 2214 1 255 29 1465 154 5 103 1411 68 1867 234 2290 9 1190 139 629 73 730 159 6 197 270
138 32 2199 165 1527 131 1542 202 1919 173 626 203 286 241 439 226 1075 96 1786 133 1206 155 1307 159 1089 204 297 134 1040 139 548 209 1496 126 2071 52 659 187 141 115 1230 88 169 109 2021 11 1681 228 364 70 2012 116 1277 8 1716 130 1778 42 1476 58 1093 82 1619 23 507 205 331
139 32 1482 217 431 130 160 54 1822 108 364 124 714 205 420 83 1020 233 1117 135 1543 122 1979 149 1507 240 598 185 1807 129 942 181 2460 238 906 193 1605 77 659 146 1288 100 1894 110 1783 171 8 170 1293 16 1648 246 1981 14 340 122 2292 89 1130 248 650 106 1611 33 1980 139 810
140 32 3378 171 397 3 1003 249 114 204 1445 18 2497 62 59 87 578 228 486 194 2374 227 793 226 1708 128 362 47 290 129 1819 1 1559 188 2286 161 805 247 1373 177 652 207 2259 129 129 169 447 72 489 114 1677 159 1263 129 532 119 1077 8 1915 19 1530 239 1906 94 1602 1 992
141 32 3002 247 2329 81 1926 173 1761 74 1188 112 2290 101 2391 34 1804 189 2036 51 1860 121 1850 105 1428 203 2074 29 1261 5 1895 3 1912 249 2160 126 790 244 693 63 2353 210 1685 104 1515 66 2310 221 2412 112 1784 25 2019 60 837 186 2170 181 1668 208 1150 171 2074 144 888 51 2111
142 32 3731 219 1253 74 381 129 1444 189 911 98 1435 51 181 137 138 153 2456 167 69 87 163 171 1606 106 1415 244 1665 199 10 87 403 208 1056 104 115 211 1867 157 1069 155 151 134 355 29 449 31 1494 129 1544 78 669 214 1748 165 509 22 1494 202 1583 211 2142 150 2272 86 680
143 32 1783 3 480 90 862 42 744 8 2485 180 1209 123 208 38 101 199 4 107 1437 103 1947 12 69 131 1649 62 2079 55 1313 143 2458 249 1309 54 1884 57 377 102 1566 241 368 131 2173 57 345 131 1647 155 521 201 1475 150 1952 201 221 246 1711 50 1514 55 2046 100 1614 86 896
144 32 1626 46 1249 95 384 49 1507 148 1190 141 226 39 309 56 1229 52 284 20 804 8 2202 44 2186 216 2249 43 1333 16 2068 197 2188 88 954 123 328 2 793 187 1368 20 2491 210 518 30 574 149 695 107 2251 125 648 104 1365 180 825 65 97 95 508 92 2240 243 2246 117 2188
145 32 1447 210 188 98 912 116 1510 161 421 104 681 240 1576 87 1423 83 1990 247 1125 155 1221 246 463 40 907 128 1967 219 1854 109 1829 79 1851 4 2070 237 971 93 716 136 259 108 337 123 479 198 1142 201 1981 134 606 118 2391 139 2495 35 2294 189 1389 220 223 80 593 214 1224
146 32 437 125 1737 127 1339 172 1305 157 161 191 109 156 1662 7 1784 160 1642 49 807 117 2152 96 433 228 1588 99 1025 82 728 92 2278 156 1405 141 2158 135 374 161 600 177 680 225 1127 130 2339 52 429 61 645 90 1988 67 2160 63 1386 191 2479 96 2008 243 2163 229 1986 228 57
147 32 1437 4 491 189 1736 231 976 176 1875 37 109 56 1702 1 1531 68 859 173 209 250 1047 188 2440 10 1317 1 1030 28 144 49 631 118 1291 108 1031 94 262 78 2476 205 245 222 228 184 1901 58 1521 58 85 99 2315 239 1508 212 494 123 1656 188 2401 99 1974 192 58 185 1564
148 32 2736 141 2056 187 944 50 2043 150 1264 32 22 192 2140 49 940 57 2091 242 2040 33 1444 125 1525 178 1368 133 600 168 1776 161 1044 34 498 155 1352 169 1049 39 891 178 2149 51 1084 56 1403 126 970 130 2387 77 1219 204 1584 12 636 71 1807 161 238 221 616 133 958 167 2169
149 32 2360 156 2434 176 1054 75 1091 71 1408 8 1714 65 582 243 2303 31 1299 158 2083 132 217 181 2392 149 1420 196 211 128 2230 200 144 19 175 173 1906 7 2287 60 2100 101 1751 13 1397 21 15 133 2041 69 396 212 2349 154 1095 64 2230 155 1914 181 34 233 1615 193 476 131 294
150 32 1474 107 2219 148 1985 159 1668 11 189 16 381 85 2035 88 798 3 1246 154 577 248 1143 219 157 245 1156 52 685 160 732 227 1374 6 2056 177 1951 14 2075 168 1482 235 1772 129 403 198 565 95 518 234 94 184 1626 161 1108 80 1088 57 1213 66 2004 122 109 139 1301 32 66
151 32 393 195 1929 29 1688 249 2045 48 1563 127 1482 166 953 199 1881 99 762 62 915 209 1138 117 1467 7 754 5 1296 34 1420 207 11 204 2099 4 2347 235 922 123 1900 211 978 85 1206 236 2233 148 159 84 323 139 1617 127 23 201 965 214 2100 74 1964 55 726 91 763 126 1991
152 32 2604 150 2461 117 1063 83 1938 3 374 223 534 157 1026 73 172 26 1604 27 1869 158 2040 249 2455 169 1118 232 1517 43 1158 60 1438 225 1799 54 238 85 487 33 2267 249 1536 94 1843 180 1616 56 2190 9 1451 103 1240 83 2272 65 1417 74 2112 54 2392 50 1699 180 1429 44 1923
153 32 1455 83 2152 12 783 99 427 81 164 62 1349 172 40 61 1864 74 360 133 2343 70 578 47 397 140 1302 166 1000 169 1625 195 1672 146 972 119 1104 196 1865 188 1799 16 666 195 15 216 39 72 739 239 975 11 179 110 1930 144 780 7 1232 118 1743 75 385 183 725 249 1637
154 32 3485 1 473 217 1440 189 1522 11 46 55 1368 111 3 168 1593 154 317 184 1110 151 2280 20 2487 81 1873 103 1328 9 472 44 2274 202 936 127 1955 19 1174 243 841 144 1524 2 424 18 1739 33 122 71 580 218 857 72 710 133 1631 104 1326 248 480 94 1816 83 1844 240 324
155 32 1767 1 1185 88 799 221 1473 173 593 134 1969 170 2338 54 1031 213 63 141 1717 127 1294 47 2434 4 1240 206 691 82 908 199 1727 178 1205 17 1271 121 1067 197 1598 164 1257 142 1945 203 1422 238 636 203 97 77 2460 55 1183 244 2058 19 1766 81 575 193 2112 19 1104 49 9
156 32 4105 105 729 10 767 204 751 193 2384 89 2119 135 17 99 2400 245 1573 72 1593 1 1251 89 2195 131 1906 153 806 182 2203 71 2486 124 2069 249 117 7 1422 138 2129 227 493 5 1262 98 1609 203 1393 208 953 139 1263 94 2312 155 1114 106 1143 192 1856 176 1607 194 1580 234 1696
157 32 1470 26 1921 3 1049 88 1361 70 778 76 994 31 543 147 1911 164 1764 134 1377 244 593 156 1852 86 1072 236 1763 146 2397 38 2366 141 1280 35 2119 89 1836 80 2411 14 1407 75 1257 177 2311 70 899 4 1076 207 198 200 2443 82 834 45 248 70 102 103 833 3 1138 95 2127
158 32 3354 217 2367 164 452 90 454 52 2357 52 1808 50 1139 181 1424 148 1662 236 1646 11 2378 41 1444 29 1343 30 2415 219 1177 87 1190 55 1190 101 936 181 2193 185 648 206 1167 194 50 78 857 66 2105 224 169 141 768 242 2452 85 601 68 1458 58 673 201 601 148 2443 24 601
159 32 568 32 203 119 1615 206 1753 26 2015 55 2280 113 1089 13 2406 185 1639 220 720 40 608 72 990 217 134 167 1780 48 2440 68 2413 163 1863 60 878 111 2328 23 767 97 1771 243 277 206 1741 3 102 82 2087 103 499 70 1604 209 2270 31 940 167 479 205 2337 231 548 116 2128
160 32 1441 144 540 70 1082 182 1484 130 1014 153 1740 107 171 231 1925 10 1681 169 846 85 2263 36 1670 164 550 81 1450 40 773 128 174 223 1272 204 1940 116 2169 210 2119 179 68 119 1085 176 231 173 1313 193 2174 24 2158 194 1677 18 344 222 2257 128 1380 139 2302 50 1645 147 995
161 32 1841 86 1614 27 1483 211 1408 203 2048 192 2416 17 46 205 446 193 1187 56 2255 81 310 151 367 1 455 206 2084 41 1929 189 2215 19 1090 183 865 86 1902 241 2464 175 1351 33 1136 182 1076 83 754 167 1858 218 1934 127 1961 3 796 97 1370 225 1464 204 2436 81 771 157 1940
162 32 3977 204 558 161 954 104 417 127 1039 143 1279 139 1037 225 130 10 1757 241 1615 211 873 249 768 132 158 84 2112 170 1069 153 609 79 430 191 1801 23 2458 108 1845 220 1586 92 2315 72 945 74 1037 89 1146 243 1004 26 2029 17 1417 52 1622 69 79 122 2470 53 2 151 315
163 32 2578 86 1094 230 610 102 1007 224 933 85 568 65 2165 90 1133 200 390 25 314 166 1650 112 1264 44 215 36 635 188 1665 114 1196 154 1153 146 19 21 1631 170 856 136 937 29 95 24 1295 116 1722 87 831 89 1211 11 2383 45 551 23 2399 66 1379 224 1139 7 469 2 1127
164 32 2167 102 2066 33 2163 128 643 169 671 90 547 21 96 177 2247 188 1148 192 1798 60 1344 109 71 186 1497 242 1175 155 701 38 1717 84 572 54 1348 51 1360 247 2291 196 677 168 1942 190 1305 239 1733 186 1684 27 980 169 663 196 1536 81 1483 123 1965 33 1283 221 1055 141 1905
165 32 880 73 1565 235 1733 123 1899 130 401 13 493 147 2446 155 815 126 1549 209 1632 48 1313 27 256 185 2018 91 977 165 915 162 1094 119 2225 82 1566 61 1235 6 321 196 602 37 1694 11 2300 27 87 44 1901 211 849 8 315 128 1921 226 158 6 470 195 1326 49 2134 185 1395
166 32 927 204 1623 48 54 73 1541 20 733 243 2280 242 226 56 2165 243 649 17 1670 229 1887 48 1840 132 986 99 711 33 1500 241 1953 62 1718 118 230 245 2443 65 1834 98 383 124 2170 87 270 123 1652 32 1646 73 737 225 1739 147 466 241 120 205 421 130 1178 87 274 164 311
167 32 1433 194 1438 143 777 103 198 63 189 153 1761 44 2345 128 919 29 2079 48 302 94 325 249 792 100 864 125 2317 49 651 124 2203 13 310 43 2285 125 1748 102 1916 227 2104 187 522 215 2083 57 212 245 1646 102 2074 22 147 138 1393 185 2163 196 1730 168 2287 207 599 145 244
168 32 3735 218 1463 132 543 143 1205 168 137 207 483 10 1663 56 2102 67 299 28 1776 110 1691 137 2329 225 1926 243 1581 113 88 144 194 87 2231 197 659 18 595 204 1785 149 1664 175 2047 152 1689 38 505 204 2329 231 2318 43 774 52 1495 92 1907 137 1180 246 542 60 1347 197 1062
169 32 3239 104 2445 13 528 182 875 166 401 73 1346 33 2166 78 829 222 1360 42 448 34 2334 104 1664 109 1409 6 207 241 668 55 1532 90 1248 90 2162 250 1930 160 1406 190 2493 162 1406 65 1570 70 1722 200 2010 228 1598 116 1535 81 1426 121 120 201 1907 91 1671 166 2366 223 1919
170 32 2134 231 1675 59 33 42 1752 35 125 26 133 146 1420 89 2080 86 1237 137 194 155 1129 103 1046 194 1850 223 1691 210 1763 21 815 86 1572 182 1343 6 556 185 1439 60 570 99 2128 88 1892 181 895 18 1327 74 2096 223 1583 51 775 217 1826 179 1774 227 536 89 779 217 1910
171 32 422 219 998 153 252 48 1392 63 2015 54 1853 78 2427 234 824 143 1353 10 2096 223 1618 47 1724 118 1979 173 1467 20 1719 233 1860 205 1525 122 1636 150 526 14 1390 139 1571 131 673 241 1821 198 1664 219 436 80 2465 53 1428 91 1601 91 1795 197 2426 133 606 67 1710 90 880
172 32 282 18 1642 114 625 69 2002 87 2465 49 2214 214 2044 167 1835 220 1948 238 2133 149 2002 76 977 42 1684 207 612 199 2 128 598 103 323 222 2081 239 671 130 2330 116 1457 2 479 119 2418 237 1998 69 1345 215 738 13 1920 17 238 246 763 194 1605 28 1080 132 2111 220 2202
173 32 1919 154 2163 183 566 120 1115 203 620 10 1806 192 1399 2 1978 68 1990 180 1286 164 1726 146 1040 26 1267 164 871 137 1672 219 1609 129 1710 206 2139 7 61 67 1435 91 1440 247 1580 217 1001 173 420 86 2058 94 624 96 1532 4 2431 176 1335 248 1287 39 1312 32 1476 38 2286
174 32 3053 220 1301 127 1361 248 143 166 1900 136 791 98 2360 160 2312 53 1170 168 1100 209 1742 125 359 54 825 26 1211 249 563 177 1832 7 2448 77 378 19 318 141 1879 16 1803 175 304 120 657 163 1112 50 2339 230 984 53 1770 26 643 159 1365 112 1914 65 1676 199 1591 168 1559
175 32 3806 145 1837 144 2412 228 1046 124 168 119 1858 122 1028 227 2306 212 1730 178 148 224 2086 104 1622 241 2300 151 340 121 2395 26 2110 95 1666 36 782 106 674 127 642 162 2125 201 422 111 1904 8 405 233 1861 57 1075 84 247 210 2083 85 1138 223 375 60 1686 116 264 218 1762
176 32 1272 220 310 29 1029 13 526 18 1046 230 444 162 1483 37 1348 37 1352 41 2085 94 1754 16 123 236 493 113 1100 159 816 207 511 81 350 115 1159 210 378 189 1014 141 2212 63 1432 95 618 202 253 198 1154 67 461 41 2485 173 2413 199 1594 121 2245 193 1134 239 1141 167 2127
177 32 818 114 848 238 1903 47 1747 24 750 200 494 46 82 32 213 124 1235 241 2442 25 290 227 730 18 2272 212 1673 205 330 240 618 114 815 206 2333 58 1357 205 39 27 2430 38 500 38 1425 163 362 81 529 134 2202 185 1992 240 1103 133 648 221 2426 131 625 29 777 100 756
178 32 2215 206 2401 82 415 68 1660 230 2104 198 866 7 52 33 1324 191 1651 155 1894 204 252 59 1221 131 1110 91 577 98 2230 228 1323 25 860 157 2432 32 1712 183 414 207 10 202 450 241 1922 128 1072 57 397 87 14 106 1962 136 901 9 1204 57 182 89 250 85 1986 92 1406
179 32 801 73 19 60 1505 242 1457 248 1372 233 1403 246 1905 59 1206 232 2047 184 2255 40 859 53 353 245 948 65 944 182 1401 167 308 4 1221 160 2493 98 283 95 1398 238 1643 129 2153 131 31 5 778 24 53 21 1888 168 2345 206 120 207 1896 160 410 117 637 248 1346 183 284
180 32 340 42 1886 78 2116 245 273 239 1787 91 1978 151 654 168 1900 199 498 38 1597 228 1029 198 400 3 1726 163 1316 164 1006 227 387 94 1491 213 98 178 356 191 1469 52 1655 231 917 5 1576 17 522 223 111 150 1987 17 207 14 1824 130 812 30 817 74 1824 7 62 46 758
181 32 3173 6 72 180 224 226 173 224 1710 187 78 232 638 26 1063 240 975 126 1454 159 2329 207 1300 203 803 145 1137 189 2312 83 1030 239 2441 107 1234 172 625 118 1123 26 2494 104 1306 3 2238 51 2180 216 1530 243 713 75 1479 137 1959 95 2115 65 917 41 1906 10 1203 107 1742
182 32 163 236 1306 32 439 144 739 60 1082 131 90 130 1689 169 2171 161 913 207 1268 202 1552 250 2363 210 1847 24 2052 239 1211 32 1018 34 1149 168 149 114 946 65 1424 7 386 36 462 42 68 181 1292 162 1453 38 1258 78 430 145 1499 1 2033 177 1549 144 459 72 1975 57 31
183 32 2653 68 561 28 2498 240 248 106 651 63 2310 206 1817 73 72 37 1656 116 1065 108 502 163 1933 117 200 228 1917 148 1050 244 724 118 2037 206 1192 214 810 162 1465 217 982 143 2138 203 2243 29 716 146 2167 40 1613 24 1846 121 863 127 2408 78 1748 236 1659 78 293 95 1167
184 32 1817 111 1262 189 1988 153 675 71 907 221 1020 5 147 234 913 6 452 81 544 13 1727 71 1998 122 233 96 2278 216 1786 187 1256 53 1056 19 2414 97 2278 179 550 165 420 50 1848 101 1369 52 765 39 1192 50 1721 59 575 210 1730 229 2081 43 1477 195 2164 16 1125 10 618
185 32 12 1 1338 51 71 120 1026 158 665 56 1532 121 702 195 900 33 2476 171 1249 144 2339 119 886 21 1143 206 2216 104 669 112 476 204 417 88 1844 242 1205 226 1390 48 1379 152 1980 186 1640 169 782 101 803 158 1241 29 2410 224 1543 36 333 40 317 88 2348 22 492 242 687
186 32 1579 11 2023 12 2443 78 925 1 350 223 747 180 1083 164 1361 190 2466 115 2029 127 2063 118 2442 206 1962 111 1055 149 62 96 619 144 1216 220 1024 190 431 44 671 167 2111 38 1011 194 712 184 2200 212 1190 127 1931 126 2463 83 628 65 872 198 1686 182 2255 137 1182 47 1116
187 32 920 115 327 163 2355 194 2125 213 651 19 1832 189 1525 23 1295 218 2217 107 199 182 2297 146 2337 240 1795 60 157 82 262 197 2064 64 2284 113 2107 85 456 198 1472 210 1912 91 1473 109 2301 226 506 192 973 62 466 117 2318 6 270 150 323 50 2104 141 1025 93 2329 241 1454
188 32 2659 112 670 59 2416 51 1330 135 1368 199 2003 13 1693 238 167 161 832 108 1270 203 545 160 1907 199 697 2 1784 64 2476 20 1719 184 2384 43 1909 93 1414 94 2074 198 2357 191 2424 120 1084 40 1514 9 2465 7 196 168 97 36 46 134 1834 92 92 96 941 160 1987 135 1192
189 32 3190 202 846 171 1844 141 431 103 2151 106 1221 24 437 78 174 92 1471 215 230 151 1608 218 64 222 2191 108 91 97 1713 154 242 190 2498 180 2452 68 2303 42 5 244 760 197 386 68 952 32 487 29 361 33 604 158 774 99 1263 84 877 124 1912 228 211 76 2109 231 387
190 32 1576 149 1470 19 383 124 2204 133 1481 203 2226 236 1772 95 778 172 2493 30 1330 13 549 127 352 182 1073 38 1549 150 419 240 172 207 2482 96 560 115 682 155 403 154 1244 180 1029 11 168 64 593 195 171 153 383 211 11 51 96 198 1797 107 1754 72 1757 42 2134 35 1488
191 32 1061 64 864 52 1095 11 1237 199 997 154 1779 219 2227 5 1387 62 221 154 596 217 1745 172 352 90 1931 117 2433 75 1351 138 1093 233 1253 20 1037 87 97 22 304 42 1206 250 1131 37 204 99 2356 217 1450 199 1296 142 1801 113 2086 134 1510 215 259 231 32 104 1837 204 1738
192 32 4002 167 1166 123 271 89 398 245 2102 86 2325 124 2341 32 1554 104 1717 195 1609 108 1359 195 1107 17 1080 29 1826 214 362 82 943 140 1156 137 1369 194 1617 135 1908 129 1177 77 43 207 578 90 2356 239 781 52 1473 153 1543 240 345 69 2147 172 1686 50 698 150 1817 78 335
193 32 3248 125 1635 9 1514 53 371 75 1141 186 351 108 759 7 2331 85 1775 86 2149 247 1583 129 519 195 1754 156 1607 231 2094 184 565 216 2341 130 2391 31 2355 81 971 35 1948 112 1577 36 218 82 1879 33 2497 249 1243 75 1839 241 795 128 1598 151 883 17 976 224 15 115 2192
194 32 1251 163 2490 14 2460 143 210 79 1982 51 1179 192 1318 172 1852 182 1744 8 235 11 1299 240 1414 153 263 60 77 84 1239 17 2134 122 2394 209 642 31 1111 179 1114 159 407 211 2364 127 630 37 182 27 1443 197 1358 98 606 31 2291 121 694 250 2009 229 1836 25 552 87 815
195 32 40 247 1204 11 1053 72 924 211 1297 98 2103 80 2291 85 1394 29 1338 211 1196 249 1462 234 330 204 315 108 476 60 562 232 616 149 1993 102 1169 71 629 128 891 112 620 106 603 246 1303 127 1465 51 989 83 249 78 1971 56 1610 57 2359 170 2363 102 722 5 1800 141 1325
196 32 283 44 1415 75 614 76 2419 100 2409 83 866 71 594 201 1268 131 2442 12 2135 20 579 73 1851 121 2278 169 382 238 1549 138 4 7 1828 25 1714 240 1380 122 1804 126 1156 47 2476 240 331 21 2460 65 727 72 1179 22 749 28 2283 172 2185 150 740 117 2450 154 766 234 1286
197 32 3874 62 1162 186 1269 184 524 208 818 84 1295 147 1513 77 1496 76 1799 224 1335 15 463 23 105 78 1605 214 529 221 288 250 734 250 2218 67 1320 1 2312 152 2089 1 1791 184 339 19 1343 216 2336 84 1672 172 2445 210 829 120 1640 136 1397 37 1452 12 710 150 1627 241 2032
198 32 78 154 1216 147 99 111 1796 89 523 135 76 149 1881 112 1754 58 419 33 1667 177 773 83 2455 43 1525 57 1309 30 1263 85 691 240 1667 173 2173 134 203 167 490 175 776 142 1187 124 759 57 497 177 1762 40 222 167 1979 167 918 182 1196 50 575 128 1289 185 602 100 1809
199 32 3882 177 11 205 416 19 166 116 1322 82 937 222 633 203 1473 125 597 148 1886 239 831 224 1991 165 2081 22 1795 85 1441 89 1797 169 68 53 1765 189 1846 24 987 29 345 180 2182 92 1352 228 1990 231 1252 183 2045 79 1375 246 1805 8 601 85 389 129 1250 4 2042 223 1872
200 32 1948 114 1217 20 2189 12 1368 204 988 42 58 67 357 91 1873 239 94 231 6 129 2365 15 603 116 1744 14 403 14 1504 78 981 238 1438 177 509 152 1275 20 2478 120 1232 2 1629 162 1397 210 1050 163 1424 137 2389 209 898 91 676 62 1009 157 1766 184 1125 109 67 148 1005
201 32 932 9 2114 88 1973 116 140 144 96 101 2388 107 1463 93 2215 232 250 194 1684 42 1395 144 1824 205 1949 18 1078 38 2083 200 161 113 1749 17 1121 224 614 112 1791 85 328 82 10 112 630 122 1728 200 1513 146 1166 232 1627 195 528 21 502 249 683 25 1207 149 1433 140 2422
202 32 3113 6 2043 91 1553 50 1338 14 556 202 686 177 839 177 2221 214 1996 85 647 71 442 120 794 120 241 52 1073 131 1329 188 1067 179 283 131 788 77 802 160 1728 203 647 54 1938 51 2207 101 812 236 462 25 929 224 1570 202 2180 92 1125 66 627 131 624 107 2284 203 316
203 32 2206 198 752 61 313 243 1054 85 2344 43 1546 84 867 108 2434 120 2462 13 589 11 1728 119 102 244 1727 210 953 42 680 139 706 212 1998 141 2285 110 1535 58 1851 14 890 125 1362 102 753 69 2445 97 907 226 562 159 1041 55 827 39 1382 100 2349 32 1650 17 1641 119 2181
204 32 1403 12 871 166 2100 47 2457 34 86 193 1039 74 1463 241 133 147 1404 159 2300 210 524 157 717 64 346 104 1169 240 133 114 1060 168 2214 147 1738 174 1771 71 1202 235 1710 101 1539 239 346 52 423 38 1765 130 695 51 500 23 604 222 2445 155 873 213 853 91 1339 208 2038
205 32 3534 42 795 58 1629 207 634 115 669 236 2177 156 971 175 1770 8 1889 46 158 227 112 171 342 222 1130 118 876 87 335 121 1220 234 1944 154 2186 209 1478 158 1850 91 816 230 744 171 161 228 1890 140 727 146 479 206 1160 91 1040 134 451 56 433 119 2131 87 125 126 835
206 32 1048 10 1976 234 2076 103 1812 36 1150 233 1149 60 746 51 1321 77 1558 219 718 190 677 239 1288 203 1505 181 2486 246 599 35 753 60 2044 72 250 14 2042 34 371 212 1696 249 2273 46 2353 16 136 79 373 143 1751 210 1925 165 86 199 249 133 506 141 2058 206 806 184 1245
207 32 3463 75 1501 196 235 70 1911 106 1257 143 77 21 2028 198 1986 4 1423 188 2042 31 703 123 2141 30 1961 207 2115 4 1800 82 1500 250 674 11 2488 199 659 64 656 78 1224 233 1096 32 1387 218 543 117 1331 126 152 69 1088 21 1936 162 1133 207 2404 243 704 43 965 217 1838
208 32 3096 15 437 32 2140 151 1561 155 907 202 651 78 2485 54 1526 212 1494 20 447 101 134 13 419 88 1845 101 2043 233 1639 111 774 22 1272 70 1538 132 552 28 1784 236 372 95 865 156 796 246 1472 198 1744 5 1353 223 920 3 1420 234 2165 193 383 179 711 104 1079 140 1749
209 32 4184 45 895 222 1773 244 1173 78 567 155 1300 245 280 233 915 248 1817 247 251 90 1997 165 1030 40 982 77 1798 238 129 61 84 116 163 14 1876 98 2073 39 1417 110 916 56 2241 41 1501 159 919 88 1041 184 340 194 1255 246 1462 5 2039 144 2191 178 439 94 373 75 2186
210 32 791 71 44 39 548 144 295 31 2399 182 1655 185 723 147 450 127 26 226 1562 22 999 111 346 46 1201 103 522 237 1339 64 251 16 1375 7 1729 22 1575 107 487 236 1219 220 1548 216 776 137 1199 7 1139 207 1031 114 228 235 1964 121 1419 15 1640 55 1917 152 1220 147 2360
211 32 2665 10 1296 8 656 243 649 85 2464 35 1667 110 2411 228 2045 206 66 137 1183 162 2174 202 1443 244 639 232 824 128 635 30 1779 5 558 90 340 107 1652 120 2461 58 2332 146 1271 36 2466 59 2296 143 400 26 1760 43 1389 108 830 34 578 18 1221 219 1769 213 337 17 1367
212 32 501 216 1789 119 2469 164 1839 209 2111 69 700 22 874 168 1171 244 370 14 2392 157 785 143 177 139 1754 31 2487 69 538 136 1500 80 2467 108 1814 155 2168 233 1260 77 2291 148 1334 194 2072 200 1153 16 471 54 66 238 775 157 1966 228 12 211 536 239 7 36 1016 11 2050
213 32 896 178 1451 121 819 171 70 120 1107 199 892 32 588 6 1325 200 1927 70 1906 143 2078 109 1695 147 1716 138 750 75 2146 36 1350 198 1685 43 1704 187 388 143 2234 101 1188 135 1907 46 1810 153 458 221 1378 101 1777 92 2500 172 1431 42 628 104 815 165 482 245 2202 91 1574
214 32 3379 109 111 124 1563 6 425 91 846 77 221 119 353 87 1911 33 227 244 2019 177 1568 94 301 172 960 8 1593 219 13 70 1273 68 1385 86 890 230 792 177 953 180 1018 10 1885 134 152 158 2163 16 2178 240 1840 120 2170 78 1328 237 1090 230 1867 207 1795 79 2398 117 1077
215 32 3347 2 281 174 1453 168 1555 79 2481 12 1245 74 882 214 2085 250 1295 45 109 4 998 2 499 114 1744 195 1896 243 464 245 1904 173 288 183 1700 205 505 114 2307 127 2472 72 974 87 2400 244 2135 212 2046 241 880 73 1700 163 688 243 849 237 2488 16 1816 128 2367 18 579
216 32 3864 91 2442 76 949 109 1508 193 2235 79 1614 142 2388 195 2153 34 1546 188 520 87 614 243 409 11 1090 162 1735 84 470 243 580 7 594 24 787 243 81 75 1598 128 1674 65 688 172 1327 171 1943 51 1581 156 1222 161 1334 8 1918 152 2415 198 526 184 245 168 1129 222 1243
217 32 958 15 2131 143 286 136 1135 25 1671 168 934 159 256 205 2182 53 1801 228 1590 6 521 232 374 210 1876 239 2251 93 545 232 960 144 2269 93 367 15 1287 76 626 33 122 111 2366 37 456 194 1221 23 2317 38 2407 177 780 139 922 48 8 60 1899 103 2263 89 1108 45 480
218 32 3018 29 1569 77 385 212 2485 111 1761 43 321 71 835 104 1233 178 1780 60 874 111 1761 44 2330 112 1593 119 57 50 1903 82 2137 128 408 226 1967 105 517 27 1497 128 1975 244 1178 174 417 244 1222 93 1237 198 125 146 2243 223 2074 181 1768 204 86 220 2188 156 2232 241 2095
219 32 820 109 2112 205 2227 36 1650 176 916 2 188 46 1293 151 570 24 741 231 1362 130 1333 192 69 113 232 91 1167 134 938 76 1565 51 886 177 2312 105 407 104 1486 50 856 160 453 174 1809 245 643 86 32 250 1401 249 321 204 200 56 1327 188 1178 113 2178 25 1743 94 1423
220 32 1859 92 1328 140 1970 212 2485 223 1181 42 493 217 2025 120 2462 3 739 107 1700 104 1132 184 2470 71 288 138 1196 203 139 212 1885 81 69 149 1632 124 536 149 604 105 1593 32 1262 90 823 154 625 207 1230 248 334 44 1258 181 1497 66 476 178 1110 181 493 240 2420 148 2144
221 32 1595 36 1244 98 771 119 561 240 740 164 2230 153 947 65 534 121 564 216 1152 226 1732 38 2290 207 115 122 432 42 583 124 2249 31 231 206 1131 99 2085 155 97 82 1344 188 2149 213 586 58 1802 92 2114 151 845 124 796 12 1373 30 2409 104 1469 187 188 57 507 46 1989
222 32 3077 73 2387 84 2000 7 731 170 798 205 880 170 2448 114 2309 127 1896 59 1213 248 884 92 1981 161 1258 85 33 36 323 151 1157 66 1201 175 2264 189 1461 34 1649 107 1416 228 594 115 674 5 1421 225 301 198 1283 207 1782 228 404 186 143 56 1224 33 873 192 1257 76 1025
223 32 2772 17 713 67 180 135 2105 109 1286 177 1232 29 1653 50 775 67 675 98 2060 76 680 83 2366 234 714 246 1235 117 1617 249 1834 7 1274 77 738 136 607 146 638 103 25 31 2358 160 1567 170 274 4 2442 230 476 185 232 182 2176 202 2380 198 312 15 484 58 1852 230 1663
224 32 3693 15 360 175 1745 46 442 111 1233 208 715 127 2023 7 845 17 1266 182 460 208 1213 216 1995 57 824 57 1810 13 1626 183 1135 18 1221 175 1566 232 1220 8 1926 93 623 235 1079 94 699 214 2339 120 877 40 123 196 1458 6 1485 224 491 240 1857 22 551 225 1167 66 388
225 32 2002 4 1464 130 2105 150 1034 101 1570 111 1312 207 301 202 155 197 940 2 1341 118 1657 248 1357 25 424 17 1968 169 501 244 280 247 1055 34 1402 109 1128 115 978 106 488 171 515 136 2365 57 1971 248 221 119 52 104 400 33 1663 25 944 193 521 77 1622 237 822 139 1609
226 32 3041 241 679 221 2408 223 735 249 2338 67 1133 59 2067 217 2372 189 1741 180 1869 44 2028 53 2350 37 637 13 1964 40 1195 40 1752 134 906 131 1402 199 2002 144 901 17 587 130 1064 99 482 151 2171 21 1587 187 1393 105 2057 41 1324 213 691 186 1043 218 1341 1 73 194 1098
227 32 1976 153 1214 145 2407 36 1967 225 338 24 1900 155 1025 153 1989 94 1246 13 2122 130 2338 144 1382 64 131 10 298 110 874 181 1928 100 1459 27 1521 164 2415 103 2175 90 1466 132 28 20 1636 15 317 104 1012 154 1228 70 650 112 1480 136 1012 236 1961 248 320 172 823 13 2453
228 32 2929 164 792 5 2323 205 2093 36 2426 84 1569 135 270 93 1775 175 1953 66 1061 19 1659 116 479 4 649 58 1518 159 879 207 1125 149 778 236 1697 150 1104 26 487 93 825 194 2129 12 331 123 2174 149 2436 37 919 83 658 104 853 216 1912 86 189 187 1430 9 2458 61 1864
229 32 1315 91 1298 41 11 214 1776 168 1619 141 680 40 997 168 2127 96 1615 248 1773 56 2335 40 1746 113 919 127 2313 217 1945 110 1383 134 325 153 463 203 2483 236 489 141 2248 41 62 147 2450 20 1649 114 2415 8 316 116 2332 4 1230 240 1037 66 2135 79 1387 174 2492 159 1050
230 32 1927 59 1987 181 1564 230 2015 84 572 206 1882 117 2132 64 179 57 384 128 110 225 973 110 1239 110 622 53 133 114 1761 221 822 116 838 104 1840 75 159 209 658 167 1208 41 666 65 1544 184 1822 84 1197 201 2132 84 949 115 550 205 1575 100 36 196 2425 56 1948 30 1778
231 32 1886 28 2035 200 1658 139 1451 145 419 216 1683 169 2234 52 898 65 2310 220 1001 250 2183 186 769 71 705 76 1685 109 153 160 1342 203 546 74 1844 175 2267 36 856 136 225 197 2498 23 1517 133 997 158 1272 210 1657 63 782 149 1293 55 1833 97 692 249 767 132 2478 70 758
232 32 2679 91 1128 188 986 161 175 61 1083 118 1343 50 1916 117 1065 180 475 209 4 237 1139 79 1395 75 93 134 278 22 1396 138 999 139 1518 116 223 67 1259 91 2048 133 1824 201 1939 242 1160 166 1131 36 1168 157 1517 7 1513 208 643 221 1547 118 1110 76 166 143 533 82 2114
233 32 406 11 1213 87 1729 30 2478 125 1999 99 492 133 2294 249 1364 177 932 138 1446 58 618 126 286 84 182 95 484 17 2010 96 1270 216 145 152 2023 121 834 173 2359 60 49 125 2383 120 2242 196 2138 37 969 206 347 64 115 94 568 229 588 74 505 159 560 18 895 12 1148
234 32 2964 113 1719 209 2333 102 1538 85 1729 143 695 212 1104 46 33 131 1622 212 1906 101 98 161 365 43 381 12 973 229 539 249 1236 126 936 113 696 9 1938 148 263 172 361 235 1007 34 1456 163 1543 216 468 130 2149 109 520 83 341 12 1139 20 2293 168 895 103 2471 120 475
235 32 2789 136 1851 143 870 83 1193 106 1339 92 1097 148 61 140 585 96 1118 240 1393 184 2407 180 1367 25 1727 78 881 179 718 250 1207 80 755 236 1752 123 617 170 500 80 1119 78 442 77 1337 144 693 161 2398 139 1563 4 1972 136 2492 46 483 203 1092 75 1167 215 652 69 1518
236 32 1553 41 2366 96 1911 244 911 229 1293 69 501 231 238 1 245 161 143 52 785 26 422 245 1472 50 1366 169 1426 59 658 17 2154 1 1456 90 1776 125 719 193 2048 61 1353 98 1835 144 2407 10 688 157 284 219 1203 42 1006 56 1757 178 2012 41 1498 134 1923 216 247 238 1892
237 32 2079 175 2095 37 1378 245 336 198 1667 173 511 14 773 67 87 247 1842 213 940 122 1424 16 764 51 432 9 436 4 2303 123 2494 206 1958 210 613 173 1293 103 1217 82 1790 133 221 117 1576 59 160 75 715 211 2299 210 1363 175 1897 223 2290 73 1945 65 520 129 553 192 345
238 32 4690 204 2144 137 2046 249 692 88 1622 49 161 139 2070 134 1944 26 1511 26 317 224 1493 196 518 214 1877 95 1642 178 328 34 1682 175 1018 62 1479 81 1878 156 1031 205 442 238 585 226 2374 224 28 136 1610 238 601 70 2385 85 1104 141 44 194 728 133 1017 229 259 227 792
239 32 4187 228 1526 92 1269 126 968 74 1391 24 824 131 405 240 767 155 1268 60 1295 152 1346 230 1927 238 934 216 1094 165 347 226 2392 130 2133 245 330 230 2496 15 581 135 2 206 676 120 429 154 1433 153 720 39 393 69 1809 217 1440 87 930 97 1167 98 1594 118 1691 238 513
240 32 3345 103 2352 54 1889 147 1831 196 1417 45 102 67 1319 81 1994 64 644 249 1143 62 2117 180 1133 86 215 172 2025 155 2159 72 359 205 1439 146 1279 200 290 73 477 78 468 72 1424 115 1643 25 1924 93 1607 58 737 139 1167 51 1135 208 438 168 1899 106 1021 30 988 130 977
241 32 699 233 2187 113 292 221 922 242 950 179 1689 188 452 160 1272 12 176 100 2051 51 2441 92 819 199 1998 21 177 90 464 19 581 220 1315 230 1260 79 195 56 917 137 1032 234 1138 41 1791 240 2187 145 2439 145 1132 81 1034 180 1976 227 1946 222 509 181 97 1 1785 66 1201
242 32 450 68 1024 2 1180 132 1274 212 880 105 2034 205 1752 47 841 20 1769 132 593 151 256 189 1331 26 1060 21 493 21 1624 133 1705 66 2109 18 915 27 869 71 622 16 1550 170 457 141 1830 203 59 155 168 10 1231 17 692 40 1490 190 1542 212 1529 151 743 8 1465 6 665
243 32 269 240 1160 138 1681 103 1547 32 2414 169 570 136 2235 116 2437 8 2156 108 1754 201 560 218 1063 223 2255 106 928 148 253 219 208 102 1757 126 234 175 799 58 652 76 1751 194 1649 15 1666 215 2449 213 1479 64 1285 46 123 120 644 212 651 83 1421 178 1516 141 879 231 919
244 32 3783 26 492 160 1415 62 1688 65 1023 201 642 162 309 231 1700 188 886 149 1530 153 1298 53 1167 74 2206 131 1320 40 1135 237 1240 9 1613 110 2073 129 1775 190 2211 107 694 168 1016 190 640 103 2192 53 2344 239 672 54 2105 120 1908 241 16 87 2233 84 1429 240 1789 170 34
245 32 1098 26 407 229 834 33 1630 225 2447 112 462 21 1011 203 1497 183 2386 138 413 167 12 127 2099 123 1079 55 952 180 2431 113 906 146 1767 138 842 112 1415 121 827 207 2155 118 1797 188 297 241 758 130 940 30 1429 53 848 128 324 75 944 87 71 168 1341 215 1298 199 2335
246 32 4139 175 789 217 854 168 1479 115 2089 65 2188 84 2352 148 2317 78 576 89 1143 218 1447 146 379 246 40 36 968 204 941 116 749 172 1810 183 779 23 2163 221 720 158 975 84 2106 124 2105 203 2429 2 2389 218 396 190 1827 184 795 247 1457 202 260 110 555 42 2460 147 2317
247 32 2767 42 1708 89 392 116 907 72 2174 172 755 183 148 248 844 106 322 6 1891 179 594 250 1779 32 1713 16 831 107 431 241 1782 150 627 213 1195 98 240 247 364 109 1572 107 2038 244 854 233 2116 229 2278 166 910 37 859 75 1181 179 651 84 787 34 362 226 259 182 116
248 32 2245 64 1999 89 2159 142 1575 199 1427 194 1656 75 2219 141 2015 135 979 209 2250 124 704 249 803 36 1599 77 353 247 2312 189 375 227 2432 154 1942 40 2152 103 1102 86 568 138 2428 197 480 132 1985 116 1428 69 1005 233 1115 110 1706 215 1850 219 465 161 1319 131 1815 190 2436
249 32 2544 35 1248 202 2123 243 1877 70 753 73 1574 158 1975 107 907 54 2230 220 2049 241 1349 101 1506 217 1354 99 342 164 1364 134 40 40 1802 188 1724 84 2483 198 1812 55 921 4 1720 151 691 3 1769 35 1733 65 198 49 307 150 2395 159 761 229 2327 24 478 228 1699 145 1853
250 32 2737 214 1081 120 2077 26 1778 130 1977 111 1913 17 2497 95 2255 13 2083 143 527 6 1142 88 1627 217 682 233 1241 20 1471 124 642 83 1213 103 1758 11 2367 126 1637 205 754 218 1977 108 68 11 2251 46 803 8 475 244 936 114 418 20 1018 192 877 18 2478 67 1690 189 1557
251 32 522 215 2273 74 1068 149 2330 4 2087 18 755 36 1227 174 2049 84 1150 53 674 233 412 162 1798 250 1787 187 2149 220 1277 81 2118 107 2484 149 685 64 465 32 357 204 405 64 955 66 2238 81 705 195 35 101 457 159 143 235 521 165 381 79 733 200 1664 161 924 215 19
252 32 1618 214 578 82 1244 102 899 93 186 84 1505 31 60 247 926 184 1644 88 1454 97 342 120 2144 201 2245 172 1699 130 282 38 2207 163 2430 31 826 30 1240 136 471 176 1087 59 118 65 1811 10 1487 5 1775 129 1461 222 2407 198 1062 140 580 165 1842 136 356 86 1196 21 264
253 32 1737 160 1657 150 1215 116 219 160 595 138 131 68 2457 132 1425 245 1066 67 1682 76 1906 65 2132 18 880 164 2486 109 1753 90 1775 189 461 19 416 89 2299 213 2256 10 1764 33 1265 35 1739 249 834 231 1113 96 1160 82 1233 41 826 208 1237 19 1110 140 1732 201 1949 19 763
254 32 2015 240 75 147 1202 109 197 17 2050 231 524 30 1450 223 2459 110 593 65 1771 108 1715 185 361 230 527 129 1942 12 2013 196 1171 178 2133 235 1753 193 249 30 333 247 2215 10 348 99 102 218 2265 177 1516 174 559 227 357 216 815 200 301 135 2429 38 1431 143 821 213 264
255 32 462 198 1847 151 171 51 1214 176 1409 12 377 52 552 66 1711 19 1679 124 1124 188 2171 206 1980 180 512 239 953 36 1781 174 1494 249 2029 239 573 81 1151 228 1804 132 1754 183 279 220 277 231 1786 79 2089 179 239 245 2138 140 2429 227 721 201 2378 195 1257 205 2148 24 842
256 32 630 175 2311 181 2146 218 141 119 1616 6 126 80 1353 176 728 148 254 181 742 44 2309 87 568 184 453 226 127 208 865 32 1254 183 166 66 1236 189 1628 50 493 237 2080 20 1349 74 657 178 1334 65 1376 166 973 169 1039 175 1166 131 2193 238 670 50 622 54 2429 88 2311
257 32 2588 176 1298 100 2419 238 1244 196 810 106 724 243 2128 111 483 57 957 145 2334 29 2276 120 492 34 2230 45 1629 55 1380 161 756 134 1103 165 584 106 564 136 104 117 867 173 2114 66 139 106 1556 237 859 97 385 167 358 190 2103 123 1219 108 1284 13 67 126 1518 218 1387
258 32 3399 160 1898 201 2000 117 1440 107 1169 80 945 165 651 3 777 167 381 177 702 29 22 195 139 56 252 197 2296 53 88 39 2178 42 1743 75 141 14 332 22 54 204 1803 31 164 174 1765 190 1715 226 279 226 1370 15 877 33 2424 115 504 169 250 189 2489 147 2106 46 2459
259 32 1026 115 2454 73 1211 118 356 197 1074 142 2410 34 982 241 113 104 3 114 2462 189 271 44 1793 48 1152 69 359 106 2068 42 943 182 2055 167 785 89 1165 165 2339 170 2344 219 1135 200 495 41 772 8 89 47 379 165 1637 245 676 35 2457 124 2389 1 1167 41 74 174 1435
260 32 2394 16 1279 195 1056 250 1034 69 1209 230 706 235 471 210 1616 245 550 122 1473 87 125 95 407 207 2138 116 1750 210 218 246 251 225 2311 123 1325 198 1683 150 1319 53 378 5 1544 163 2135 62 1785 131 2074 51 887 109 1047 182 30 180 2126 138 374 163 2472 139 915 20 1917
261 32 2027 189 34 167 695 239 1149 159 1165 10 2435 202 233 22 717 139 1820 246 2386 85 1231 141 1134 162 597 64 26 209 825 61 183 249 2235 78 728 190 2163 6 581 120 437 217 1692 168 1832 208 1199 98 2345 101 543 107 1642 154 66 176 180 123 189 154 2455 183 404 102 993
262 32 3689 160 751 196 1273 235 1995 218 946 187 1740 123 1873 163 2085 20 518 79 433 127 2401 18 2171 83 1805 116 1510 234 674 144 1434 101 1684 133 1260 177 692 40 182 240 643 173 1165 102 240 22 708 179 2040 101 2175 41 1211 207 757 159 1350 1 872 57 1878 228 124 173 706
263 32 712 244 1910 53 1878 76 654 108 1126 99 1767 85 1472 1 863 6 2166 157 253 65 674 119 1696 213 420 218 1351 6 999 29 1756 60 449 43 2137 34 109 17 621 138 631 114 1017 158 1519 19 1922 116 1606 146 1207 45 616 138 2335 34 745 234 1057 57 310 88 1673 31 1330
264 32 2308 206 1653 119 918 72 2027 33 566 6 969 87 1867 156 40 207 1072 113 1091 137 117 244 161 197 71 189 429 158 508 184 2258 146 654 91 526 227 2369 213 1081 230 1846 132 1566 246 2402 180 1782 224 1422 1 667 235 2435 65 9 191 897 39 673 137 1191 193 751 142 149
265 32 1426 228 1351 143 838 125 70 151 1964 80 402 61 506 181 1198 19 2307 171 736 98 2205 146 1213 153 1709 234 2274 83 1541 85 1280 40 682 148 1419 133 2245 149 1459 133 653 104 462 158 2385 47 1127 119 1969 204 2015 210 1483 147 1329 229 2272 91 2397 176 2308 78 1403 19 1717
266 32 168 33 230 103 387 156 15 132 855 208 1565 28 1140 127 865 82 2400 124 2188 105 270 70 674 173 639 42 741 143 1604 7 1542 67 978 2 690 171 1028 151 63 101 865 61 32 158 1150 201 2359 123 1064 35 600 55 1717 116 591 21 1711 113 1242 48 481 203 2305 14 1632
267 32 1968 116 880 138 2191 166 336 15 1582 206 773 233 927 31 990 116 2015 161 651 69 580 246 373 6 1174 33 1891 116 1992 69 1351 180 1555 69 2280 58 624 3 769 224 785 124 1709 127 526 43 636 248 112 76 531 248 959 70 1472 199 913 196 1439 250 991 219 165 4 433
268 32 3794 189 842 132 1142 97 973 245 1937 230 2007 52 492 232 1669 81 64 246 1868 171 450 227 1431 199 2285 143 623 165 905 171 201 15 482 18 1192 79 98 190 14 144 2410 209 962 126 2229 85 744 189 1955 59 1189 239 115 65 1772 52 10 23 335 69 2480 13 2004 73 624
269 32 425 192 317 72 202 181 1319 68 576 142 431 57 2158 153 16 121 2033 132 2024 33 1754 216 1349 31 457 107 2409 161 1191 176 1085 95 532 193 1267 42 1039 199 684 168 412 31 881 85 2147 34 334 159 1879 212 1662 133 753 3 2001 68 1816 137 229 30 1437 158 1849 207 1986
270 32 820 238 1662 11 1477 184 281 61 781 9 219 184 1799 76 1594 22 1593 138 7 172 704 239 839 93 1569 101 2295 174 408 99 1772 179 1128 61 1603 167 512 5 2500 175 1923 232 1984 62 1732 91 656 249 133 119 1295 191 1613 25 1210 158 84 39 259 119 1306 215 2495 129 368
271 32 3023 181 1525 190 121 207 1087 187 1045 202 1001 115 557 69 2198 74 2239 205 964 217 691 78 103 215 2278 17 1690 1 918 56 1554 67 1826 140 523 10 1520 174 1647 160 986 12 496 177 1768 100 960 171 2060 134 52 171 1874 30 55 208 1128 156 2357 120 1319 159 133 224 1295
272 32 3090 59 885 67 2144 191 255 146 2470 247 2336 87 405 130 2446 218 958 164 1612 216 1633 130 306 18 1393 157 1964 150 1827 230 1398 60 1301 158 212 143 2219 4 1958 153 684 5 642 212 36 67 1367 182 1186 7 2236 76 1987 161 837 92 236 128 788 143 1625 28 2283 37 1127
273 32 811 139 63 247 842 164 2060 136 115 141 672 155 2446 240 526 96 1887 90 1383 99 396 131 952 220 2388 21 1190 78 28 53 1687 7 2370 56 826 6 1512 56 914 216 1622 248 2045 136 671 187 1871 217 2389 136 1049 231 1509 146 1307 65 1682 86 2116 86 1021 224 182 40 1326
274 32 1836 232 394 207 1400 215 214 239 1012 196 1281 134 1820 3 2328 88 427 60 475 67 2441 77 878 101 2097 223 973 193 1021 147 1662 133 2185 70 2444 28 1619 54 1400 88 341 128 297 173 1429 71 2024 187 2024 140 1681 86 477 193 453 68 1525 165 308 146 455 174 1862 114 875
275 32 1986 25 67 65 1236 6 295 30 1407 206 1055 173 77 246 1029 71 1950 7 1187 156 1365 34 116 60 2253 83 1928 61 2122 105 1446 181 1986 43 1258 48 2335 33 338 8 1592 54 427 221 1417 191 132 194 1906 104 178 215 1969 162 297 198 2370 243 53 157 2201 140 315 22 2276
276 32 2641 113 2224 168 1549 232 1490 232 1730 57 2492 131 1533 61 885 11 1897 168 896 139 631 73 361 138 1594 46 1992 243 1522 165 1621 49 2418 178 471 3 1029 220 2449 97 891 45 1106 43 2002 121 1691 184 1043 193 2322 234 1959 63 774 178 1261 219 699 120 1366 37 1301 243 694
277 32 2423 72 676 156 299 44 201 145 93 180 989 83 729 167 483 185 262 93 1048 33 879 236 1115 47 1159 211 1323 141 1062 25 1672 153 2326 244 187 158 922 190 249 20 1974 105 1847 48 373 17 1825 180 521 161 654 81 1820 39 105 55 1480 152 1579 211 569 73 87 198 156
278 32 3254 74 1710 69 2133 75 540 107 1605 154 36 117 2336 114 509 172 246 241 1842 241 650 198 1162 89 2040 113 2435 31 481 1 1497 99 865 107 1862 137 1500 192 1615 97 2401 196 448 94 1337 49 967 50 219 66 879 34 2370 197 874 66 2363 210 2037 39 81 165 2402 90 112
279 32 2055 174 1184 61 2439 12 1076 206 1442 90 721 143 1619 126 1402 135 810 122 897 158 2112 87 1584 134 553 4 2115 200 956 201 1188 41 1508 201 1832 58 2187 43 1476 81 970 250 2260 241 21 22 1654 68 1066 93 1008 23 1811 233 2357 171 236 172 1473 21 1900 24 2482 19 1196
280 32 3310 127 299 48 994 203 1100 45 913 133 1059 162 931 93 1538 183 1422 38 1964 208 1860 64 2107 9 911 116 1462 34 2400 46 13 7 855 106 1822 224 830 110 496 27 1313 136 1092 244 1884 224 1119 180 1113 238 601 1 951 41 1980 241 1997 8 518 116 1302 108 560 94 247
281 32 3119 94 1647 34 1184 9 1891 137 117 56 478 158 436 110 39 135 644 94 1730 165 233 46 91 80 12 13 150 110 2048 22 2110 58 922 92 2438 179 1361 187 2046 121 1159 191 2165 193 2319 44 549 163 199 105 800 158 546 107 986 73 1948 7 807 235 305 113 1234 244 962
282 32 4231 12 1309 82 887 200 76 55 873 49 839 176 494 174 1056 191 1274 230 1603 87 898 171 971 7 2294 86 452 49 839 246 1837 203 881 155 718 41 2430 211 2445 138 2355 236 1530 242 1605 166 305 225 421 243 1764 174 1124 215 1980 196 1639 165 523 45 1091 216 1575 26 1476
283 32 4198 127 1010 199 1030 98 796 77 165 173 1971 218 2280 31 1177 58 1290 68 1909 158 1253 244 1729 112 1821 227 1089 115 1068 24 1740 149 621 210 599 201 1362 249 1410 13 691 135 1991 26 1718 160 836 169 1527 173 2482 27 1562 197 2494 102 1074 37 697 4 1046 191 181 227 948
284 32 1618 199 635 23 1594 161 233 62 2151 29 1648 130 1734 47 1690 100 487 196 24 191 1640 101 413 188 1509 73 386 71 2422 199 446 206 1019 143 1033 22 1883 210 2187 89 797 209 251 222 788 197 2357 207 1316 37 396 59 1744 97 1452 146 633 50 1706 93 1891 68 465 235 192
285 32 4018 13 467 66 1072 133 314 170 1579 156 2287 69 2072 186 917 67 405 183 1860 83 645 156 2031 161 181 201 2190 106 308 56 2098 95 1149 212 1832 143 186 240 2098 20 583 68 1535 200 726 230 2269 180 289 241 1575 29 2140 182 1478 233 47 187 1155 48 1019 123 975 106 2060
286 32 1131 156 490 18 1862 99 513 58 1307 194 2211 74 1134 109 262 215 2082 120 2345 24 1316 196 891 113 1945 101 598 172 901 60 2029 120 2257 138 493 244 385 214 987 37 934 197 2378 138 104 198 1211 234 1237 144 1858 216 923 121 1724 204 2404 186 383 233 476 83 2268 134 1098
287 32 2151 214 2192 97 15 40 1672 21 1451 203 1394 86 2144 194 477 6 1953 6 1495 107 1971 107 260 68 1193 77 2058 236 1777 41 498 49 2023 1 1309 246 997 246 93 245 1976 14 387 193 1588 18 1093 109 2496 93 191 10 2275 71 2036 32 1765 36 2 85 2461 167 1556 34 2094
288 32 1370 84 683 144 2047 229 1341 153 2191 216 2173 203 2424 132 145 47 2070 23 706 37 886 149 827 218 966 5 304 33 556 33 2390 186 2232 207 440 164 1731 162 1560 28 1700 107 2172 199 2059 26 743 169 537 223 8 216 1436 230 218 195 1457 132 2230 101 1413 138 1243 198 937
289 32 2506 4 1141 168 1959 4 2068 71 1413 97 449 37 487 225 826 140 213 1 1640 109 1841 227 679 247 2385 222 806 55 945 119 2196 133 138 67 364 205 1903 150 2408 206 121 30 2304 105 311 221 1165 32 24 130 1262 18 2 116 101 145 1710 25 810 104 317 196 989 33 1795
290 32 376 80 2091 226 572 32 2225 92 1240 101 315 199 1697 132 329 239 97 74 2166 235 622 119 177 184 2432 117 1290 182 137 29 1646 3 301 84 2436 111 2249 236 427 192 494 224 480 129 160 68 734 119 280 43 1890 81 2254 70 869 146 997 186 726 42 966 47 2243 96 881
291 32 1145 25 658 94 958 240 597 99 1776 224 1167 178 129 171 1877 187 1490 220 159 193 1294 174 258 229 157 44 1820 147 1236 58 2048 15 1188 38 988 235 1426 73 339 113 1992 114 192 137 840 105 2496 195 2233 51 264 205 380 207 2342 26 984 21 1965 130 1264 94 1337 67 1963
292 32 3971 21 2068 117 145 53 1640 197 216 214 30 80 2329 38 92 165 2376 155 1380 146 1966 99 487 75 1688 96 2399 242 890 200 642 50 1908 40 26 68 758 121 875 151 1480 241 149 115 2409 161 1019 219 1406 26 1123 239 1612 111 2301 71 472 212 29 158 217 52 562 243 1709
293 32 33 113 1778 214 69 122 2498 212 1334 199 1326 189 1175 135 231 217 1871 163 1947 135 1391 78 2303 147 1913 123 1145 218 883 170 136 137 1631 190 1330 226 2350 178 1770 184 521 40 1792 218 1383 190 923 170 1874 121 2278 208 1541 131 2464 131 2499 106 107 60 1443 8 2042 17 391
294 32 2457 223 784 115 701 96 114 67 947 210 2239 98 1756 226 1049 242 2285 35 1480 195 405 200 2033 90 1235 7 498 32 1651 56 2002 14 1625 28 1332 7 709 176 351 94 2203 202 371 205 2395 247 165 23 945 3 960 40 1787 65 328 30 41 159 74 229 422 119 2117 179 2122
295 32 3046 118 2172 75 477 195 995 237 801 230 1641 65 2147 40 332 134 2252 154 1948 59 1860 34 329 225 573 62 523 105 2382 248 1168 144 795 209 2492 201 1944 202 1098 94 28 158 733 234 1521 49 1235 67 1942 164 138 89 1605 215 1536 242 2156 43 1925 19 319 130 1419 5 928
296 32 3839 74 1963 182 986 232 474 153 2462 107 1680 40 192 160 1549 135 2449 232 1661 230 2192 171 1611 61 426 26 147 104 1038 204 2328 35 761 152 43 114 1420 116 2342 32 637 242 1961 156 118 227 925 59 415 71 454 115 486 129 2304 4 943 66 1501 221 260 193 910 43 63
297 32 3012 82 1937 212 1097 53 266 155 350 119 1597 216 2449 228 20 68 2489 182 1216 41 2432 244 2261 79 518 192 1578 242 428 131 329 235 2007 86 680 230 2336 49 702 31 1072 237 2298 198 1194 63 1224 41 1628 99 1473 89 1061 104 678 234 686 157 2347 61 1217 198 1186 15 621
298 32 2128 50 1519 234 1549 164 1048 16 2028 201 713 104 683 204 7 151 100 227 885 147 1937 221 1928 157 688 195 1857 4 1411 43 1598 173 330 101 1145 73 2093 131 1517 244 1566 239 1853 135 104 182 967 138 1927 104 1331 112 1755 79 1361 141 1553 68 2395 17 913 231 691 246 1328
299 32 3718 114 1628 127 180 205 433 71 890 43 1965 158 2067 6 1681 115 1547 155 1209 147 97 50 1683 114 1488 107 415 206 1163 42 203 97 1978 193 1362 25 315 72 250 191 1357 203 978 38 1069 190 1791 199 2475 184 234 117 1407 142 744 172 559 31 900 173 1679 9 2204 72 696
300 32 1384 85 1424 174 2028 47 667 209 1230 159 1875 95 1606 75 524 196 1625 54 60 246 2496 76 2296 244 203 210 637 40 551 183 2146 60 1591 119 1159 206 838 240 1834 12 463 167 588 70 233 160 963 180 2269 131 2026 71 1158 245 555 34 1595 221 702 114 1369 12 204 226 879
