1 32 32944 1 1 0 1 1 1 0 1 1 1 1 1 1 1 1 1 1 0 1 1 0 1 1 0 1 1 1 1 1 1 1 1 
2 32 42894 1 1 0 1 1 1 1 1 1 1 1 1 1 1 0 1 1 1 1 1 1 1 1 1 1 1 1 0 1 1 1 1 
3 32 38725 1 0 1 0 1 1 1 1 1 0 1 1 0 0 1 1 0 1 1 1 1 0 1 1 1 1 1 0 1 1 1 1 
4 32 36645 1 1 0 0 0 1 1 0 1 1 1 1 1 1 1 1 1 0 1 1 1 1 1 1 0 1 0 1 1 1 0 0 
5 32 43155 1 1 1 1 1 1 1 1 1 0 1 1 1 1 1 1 1 0 1 1 1 0 1 1 1 1 1 1 1 0 1 1 
6 32 18600 1 1 1 0 1 1 0 0 0 1 0 0 1 1 0 1 0 0 0 0 1 0 0 1 0 0 0 0 0 0 0 0 
7 32 24927 0 1 0 1 1 1 0 0 0 1 1 1 0 1 1 1 0 0 0 0 0 1 0 1 0 0 0 0 0 1 1 0 
8 32 29988 0 0 1 1 0 0 1 1 0 0 0 1 0 0 0 1 0 1 0 1 1 0 1 1 0 1 0 1 1 1 1 1 
9 32 44774 1 1 0 1 1 1 1 0 1 0 1 1 1 1 1 1 1 1 1 1 1 1 1 1 1 1 0 1 1 1 1 1 
10 32 40223 1 1 1 0 1 1 1 1 1 0 0 1 1 1 1 1 1 0 1 1 0 1 1 1 1 1 1 1 1 1 1 1 
11 32 31268 0 0 0 0 1 1 0 0 1 1 1 0 1 1 1 0 0 1 1 1 0 0 0 1 1 0 1 0 1 1 1 1 
12 32 8499 1 0 0 0 0 1 1 0 0 0 0 0 0 0 0 0 0 1 0 0 0 0 0 0 0 0 1 0 0 0 0 0 
13 32 23137 1 0 1 1 0 0 0 0 0 0 0 0 0 1 0 0 0 0 1 0 1 1 0 1 1 1 0 1 1 0 1 0 
14 32 22374 1 0 1 1 1 0 0 0 1 0 0 1 0 0 0 0 0 0 1 0 0 0 0 0 1 0 1 1 0 0 0 1 
15 32 28663 1 0 1 1 1 1 0 1 1 1 1 0 0 0 1 0 0 1 0 0 0 1 1 0 0 0 1 0 0 1 0 1 
16 32 16116 0 0 0 1 0 1 1 1 0 0 0 0 0 0 1 0 1 1 0 0 0 0 0 0 0 0 0 0 0 1 1 0 
17 32 18747 0 0 0 0 0 0 0 0 0 1 0 0 1 0 0 1 0 0 1 1 1 1 0 0 0 1 0 0 0 1 0 1 
18 32 46462 1 1 1 1 1 1 1 1 1 1 1 1 1 1 1 0 1 1 1 1 1 1 1 1 1 1 1 1 1 1 1 1 
19 32 20068 1 1 1 0 1 1 1 0 0 0 1 0 1 0 0 0 0 0 0 1 0 0 0 1 1 1 1 0 0 0 0 0 
20 32 37085 1 1 0 1 0 0 1 0 1 1 0 0 0 1 0 1 1 1 1 1 1 1 1 1 1 1 1 1 1 0 1 1 
21 32 40069 1 1 1 1 1 1 1 1 1 1 1 1 0 1 0 1 1 1 1 1 1 1 1 1 1 1 0 1 1 1 1 1 
22 32 28482 1 0 1 1 0 1 1 1 1 1 1 0 1 1 0 1 0 0 1 0 1 1 0 0 1 0 1 1 0 1 1 1 
23 32 14255 0 1 0 0 1 1 0 0 1 1 0 1 0 0 0 1 0 0 0 1 0 0 0 1 1 0 0 1 0 0 0 0 
24 32 35275 1 0 1 1 1 1 1 1 1 1 1 1 1 0 1 1 1 1 1 0 1 1 1 1 0 0 1 1 1 0 1 1 
25 32 38104 1 0 1 1 1 1 1 1 1 1 1 1 1 1 1 0 1 1 1 1 1 1 1 1 1 1 1 1 1 1 1 1 
26 32 35729 1 1 1 0 1 0 1 1 1 1 0 1 0 1 1 1 0 1 1 1 1 1 0 1 1 1 1 1 0 0 1 0 
27 32 33825 1 0 1 0 1 1 0 1 0 1 1 1 1 1 1 1 0 1 1 1 1 0 1 1 1 1 0 0 1 1 1 1 
28 32 17936 1 1 1 1 1 0 0 0 1 0 0 0 0 1 0 1 0 0 1 0 0 1 0 0 0 0 0 0 1 0 0 1 
29 32 28525 1 1 1 1 1 1 1 1 1 0 0 1 0 1 1 1 0 0 0 0 1 1 1 0 1 0 0 1 0 1 0 1 
30 32 25932 1 1 1 0 0 1 0 0 1 1 0 1 0 0 1 0 1 0 0 1 0 0 1 0 1 0 1 1 0 1 1 0 
31 32 32802 1 1 1 1 1 1 0 0 1 1 0 1 1 1 1 1 0 0 0 1 0 0 0 0 1 1 1 1 0 0 1 1 
32 32 39078 1 0 1 1 1 1 1 1 1 0 1 1 1 1 1 1 1 0 1 1 1 1 0 1 0 1 1 0 1 0 1 1 
33 32 34682 1 0 1 1 1 1 1 0 0 0 1 0 1 0 1 0 1 1 0 1 1 1 1 1 0 0 1 1 1 1 1 1 
34 32 16286 0 0 0 0 1 1 0 1 0 0 0 0 0 1 0 0 0 1 1 1 0 1 1 1 0 0 0 0 0 0 0 0 
35 32 35349 1 1 1 1 0 1 1 1 0 1 1 1 0 0 1 0 1 1 1 1 1 1 1 1 1 1 1 1 1 0 1 0 
36 32 25104 1 0 0 0 1 0 1 1 0 0 0 0 0 0 0 1 1 1 1 1 1 1 1 1 0 1 1 1 0 1 0 1 
37 32 19806 0 0 1 1 0 0 0 0 1 0 1 1 0 1 0 0 0 1 0 1 1 1 0 1 0 0 1 0 0 0 0 1 
38 32 2675 0 0 0 0 0 0 0 0 0 1 0 0 0 0 0 0 0 0 0 0 1 0 0 0 0 0 0 0 0 0 0 0 
39 32 37342 1 1 1 1 1 1 1 1 1 0 1 1 1 1 1 1 0 1 1 1 1 1 1 1 1 1 1 1 1 0 0 1 
40 32 5586 1 0 0 0 0 0 0 0 0 0 1 0 0 0 1 0 0 0 0 0 0 0 0 0 0 1 0 0 0 0 0 0 
41 32 24885 0 1 1 1 0 0 0 0 1 1 0 1 0 0 1 1 1 1 0 0 0 1 1 1 0 1 0 1 0 0 0 1 
42 32 27371 1 0 0 1 1 0 1 1 1 0 0 0 1 0 0 0 1 1 1 0 1 1 1 1 0 0 1 1 1 0 0 1 
43 32 38973 1 1 1 1 1 0 1 1 1 1 1 1 1 1 1 1 1 1 1 1 1 1 1 1 1 1 1 1 1 1 1 1 
44 32 29821 0 1 1 1 0 1 1 0 1 1 1 1 0 0 0 0 0 0 0 1 1 1 1 1 1 1 0 0 1 0 1 1 
45 32 35250 0 1 1 0 0 1 1 1 1 1 1 1 1 1 1 1 0 0 0 1 0 1 1 0 0 0 1 1 1 1 1 0 
46 32 37585 1 0 1 1 0 0 1 1 1 1 1 1 1 1 1 1 1 0 0 1 1 1 1 1 1 1 0 1 1 1 0 0 
47 32 22000 0 0 0 0 0 1 0 1 0 0 1 0 0 0 0 1 0 0 1 0 0 1 1 1 1 1 1 0 0 1 0 1 
48 32 33045 0 0 1 1 0 1 1 0 1 0 1 1 1 0 1 1 0 0 0 1 1 0 1 1 0 0 1 1 1 1 0 1 
49 32 30551 1 1 1 1 1 0 0 1 1 0 1 0 1 0 1 1 0 1 0 1 1 0 1 1 1 0 1 1 1 0 1 1 
50 32 34122 1 1 0 1 1 1 1 0 1 1 0 0 1 1 1 0 1 1 1 1 1 0 1 1 1 1 1 1 1 0 1 0 
51 32 37373 1 1 1 1 0 1 1 0 1 1 1 1 1 1 1 1 1 0 1 1 1 1 1 1 0 1 1 1 1 1 1 1 
52 32 14065 0 0 0 0 1 0 0 0 1 0 0 0 1 0 1 0 0 0 0 0 1 0 0 0 0 0 1 1 0 0 0 0 
53 32 30844 1 1 0 0 1 0 1 0 1 1 1 1 1 0 0 1 1 0 0 0 1 1 1 0 1 1 1 1 1 1 0 1 
54 32 37947 0 1 1 1 1 0 1 1 1 1 1 1 1 1 1 1 0 1 1 1 0 1 1 1 1 1 1 1 1 1 1 1 
55 32 42334 1 0 1 0 1 1 1 1 1 1 1 1 0 0 1 1 0 1 1 1 1 0 1 0 0 1 0 1 1 1 0 1 
56 32 23990 0 1 0 1 0 1 1 0 0 1 0 0 1 0 0 1 0 0 1 1 0 0 0 1 1 1 1 0 0 0 0 1 
57 32 35957 1 1 0 1 1 1 1 1 1 1 1 1 0 0 1 1 1 0 1 1 1 1 1 1 1 1 1 1 1 1 1 0 
58 32 24152 0 0 0 0 1 0 1 1 0 0 1 0 1 1 0 1 0 1 1 0 1 0 0 0 0 0 1 1 0 0 0 1 
59 32 38870 0 1 0 0 1 1 0 1 1 0 1 1 1 1 1 1 1 1 0 1 0 1 1 1 1 1 0 1 1 1 1 0 
60 32 39251 1 1 1 1 1 0 1 1 1 1 0 1 0 1 0 1 1 0 1 1 1 1 0 0 1 1 1 1 1 1 1 1 
61 32 24419 0 1 0 0 0 0 1 0 1 1 0 1 0 1 0 0 0 0 0 0 1 1 1 0 1 1 0 1 0 1 0 1 
62 32 39392 0 1 1 1 1 1 1 0 1 0 1 1 1 1 0 1 1 1 1 1 1 0 0 1 1 1 1 1 0 0 0 0 
63 32 36515 1 1 1 1 1 1 1 1 0 1 1 1 1 1 1 1 0 1 1 1 0 1 0 1 0 1 1 1 1 1 1 1 
64 32 32826 0 1 1 1 1 0 1 1 1 1 1 1 0 1 1 0 0 1 0 1 1 1 0 1 1 1 1 1 1 1 0 1 
65 32 20419 1 0 1 0 0 0 0 1 0 0 1 0 1 0 1 0 1 1 0 0 0 0 1 1 0 1 0 1 0 1 0 0 
66 32 17980 0 0 1 1 1 1 1 0 1 0 0 1 0 0 1 0 0 1 1 0 0 0 0 0 0 0 0 0 1 1 1 0 
67 32 10239 0 1 0 0 0 0 0 1 0 0 0 0 0 0 0 0 0 1 0 0 0 1 0 1 0 0 0 0 0 0 1 1 
68 32 21132 1 1 0 0 0 1 1 0 1 1 0 1 0 0 1 0 1 0 0 1 1 1 0 1 0 0 0 0 0 0 0 0 
69 32 12146 0 0 0 0 1 1 1 0 0 1 1 0 0 0 0 0 0 0 0 1 0 0 1 0 0 0 0 1 1 0 0 0 
70 32 29007 1 1 0 1 0 1 1 0 1 1 1 1 1 0 0 0 0 0 1 1 0 1 0 1 0 0 1 0 1 1 1 0 
71 32 28277 1 1 1 1 1 0 1 0 0 1 0 0 1 1 1 1 0 0 1 0 0 1 1 0 1 1 1 1 0 0 0 0 
72 32 31872 0 1 1 1 1 1 1 1 1 0 0 0 1 0 1 1 0 1 1 1 1 1 0 1 1 1 1 1 1 1 1 1 
73 32 47922 1 1 1 1 1 1 1 1 1 0 1 1 1 1 1 1 1 1 1 1 1 1 1 1 1 1 1 1 1 1 1 1 
74 32 18784 0 0 1 1 1 0 0 0 0 0 0 1 0 1 0 0 1 0 0 0 1 1 0 0 1 1 1 1 0 0 0 0 
75 32 26121 0 1 0 0 1 0 1 0 0 0 1 0 1 0 0 1 0 1 1 1 1 1 1 1 0 1 0 1 1 1 0 1 
76 32 30995 1 0 1 1 0 1 0 1 0 1 1 1 0 1 1 1 0 1 1 1 1 0 1 0 0 1 1 1 1 0 1 0 
77 32 13678 0 0 0 0 1 0 0 1 0 0 1 1 0 1 1 0 0 0 0 0 0 0 0 0 1 0 0 0 0 0 1 0 
78 32 30692 0 1 1 1 0 1 0 1 1 1 0 1 1 1 1 1 0 0 0 1 1 0 1 0 0 1 0 0 0 1 1 0 
79 32 33953 1 1 1 1 1 1 1 1 1 1 0 1 1 1 1 1 1 1 1 1 1 1 0 1 1 1 1 1 1 1 1 1 
80 32 38694 0 1 1 1 0 0 1 1 0 1 1 1 1 1 1 1 1 0 1 1 1 1 1 1 1 1 0 0 1 1 1 1 
81 32 13981 0 0 1 0 0 1 0 0 0 0 1 0 0 0 0 1 0 0 1 0 1 0 1 0 0 0 0 0 1 0 0 0 
82 32 23505 1 0 0 1 0 0 1 0 0 1 0 0 0 1 0 0 1 0 0 0 0 0 1 0 1 0 1 1 1 1 0 1 
83 32 35791 1 0 1 1 1 1 1 0 1 1 1 1 0 1 1 1 0 0 1 1 0 0 1 1 0 0 1 1 0 1 1 1 
84 32 22871 1 0 0 1 0 0 1 1 1 1 0 1 1 0 1 1 0 1 0 0 1 1 0 0 0 0 0 0 1 0 0 0 
85 32 11975 0 1 1 0 0 0 1 0 0 0 1 0 0 1 1 0 0 0 0 1 0 1 0 0 0 0 0 1 0 0 0 0 
86 32 35242 1 1 1 0 1 1 0 1 1 1 1 0 1 1 0 0 1 1 0 1 1 0 1 1 0 1 1 1 1 1 0 0 
87 32 39452 1 1 1 1 1 1 1 1 1 1 1 1 1 1 1 1 1 0 0 1 0 1 1 1 1 1 1 1 1 0 1 1 
88 32 33810 0 0 1 1 1 1 1 1 0 1 1 1 1 1 1 1 0 1 1 1 0 1 1 1 1 1 1 1 1 1 0 1 
89 32 28100 1 0 1 0 0 0 1 1 1 1 0 1 0 0 1 1 1 0 1 0 0 0 1 1 1 0 1 1 0 1 1 1 
90 32 34489 1 0 0 0 1 0 1 1 1 0 1 1 0 1 1 1 1 0 0 1 1 1 1 0 0 0 1 0 0 1 1 1 
91 32 38867 1 1 1 1 1 1 1 1 1 1 1 1 1 1 1 1 1 1 1 1 1 1 1 1 1 0 1 0 1 1 1 1 
92 32 26020 1 1 0 0 0 0 1 1 0 1 0 1 0 0 1 1 0 1 0 0 0 0 1 1 1 1 0 0 1 1 0 0 
93 32 33761 1 1 1 1 1 1 0 1 1 0 0 0 0 1 1 1 1 1 1 1 1 1 1 1 0 1 1 1 1 1 1 1 
94 32 16761 0 0 0 1 0 0 1 1 1 1 0 0 0 0 0 0 0 0 0 1 0 1 0 0 1 1 1 0 0 0 1 0 
95 32 6675 0 0 0 0 1 1 1 0 0 0 0 0 0 0 0 0 0 0 0 0 0 0 0 1 0 0 0 0 0 0 0 0 
96 32 40382 1 1 1 1 1 1 1 1 1 1 1 1 1 1 1 0 1 1 1 1 1 0 1 1 1 1 1 0 1 1 0 1 
97 32 21247 0 1 1 0 0 0 0 0 1 1 0 0 1 0 0 1 0 1 0 0 0 1 0 1 0 1 0 0 1 1 0 0 
98 32 35387 1 1 1 1 0 1 1 1 1 0 0 1 1 1 0 1 1 1 1 1 1 1 1 1 1 1 0 1 1 0 0 1 
99 32 33328 1 1 1 0 1 1 0 1 1 1 1 1 1 1 1 0 1 1 1 1 0 1 1 1 1 1 1 1 0 1 1 1 
100 32 29177 1 0 0 1 1 0 0 1 1 0 0 0 0 1 1 1 1 1 1 1 0 1 1 0 0 0 1 1 1 1 1 1 
101 32 35893 1 1 1 1 1 0 1 1 1 0 0 1 0 1 1 0 1 0 1 0 1 0 0 0 1 1 1 1 1 1 1 1 
102 32 23717 0 0 1 0 0 0 0 1 1 0 1 0 0 1 0 1 0 0 1 1 0 0 1 0 1 0 1 1 0 0 1 0 
103 32 40221 1 1 1 1 1 1 1 1 1 1 1 0 0 1 1 0 1 0 1 1 0 0 1 1 1 0 0 1 1 1 1 0 
104 32 19865 0 1 0 1 0 0 1 1 0 1 1 0 0 0 1 0 1 1 0 1 0 1 0 0 0 1 0 1 0 1 0 0 
105 32 26421 1 1 1 1 1 0 1 1 0 1 1 0 1 1 0 0 0 1 0 1 1 0 0 0 1 0 0 1 1 0 1 0 
106 32 42023 1 0 1 1 1 1 1 1 0 1 1 0 1 0 1 0 1 1 0 1 1 0 1 1 1 1 1 1 0 1 1 1 
107 32 17566 0 1 0 0 0 1 0 1 0 1 0 0 1 1 0 1 1 0 0 1 0 0 0 1 0 0 0 0 0 0 0 0 
108 32 5642 1 1 0 0 0 0 0 0 0 0 0 0 0 0 0 0 0 0 0 0 0 0 0 0 0 0 0 0 0 1 1 0 
109 32 36229 1 1 1 1 1 1 1 1 0 1 1 1 1 0 1 1 1 1 1 1 0 1 1 1 1 0 1 1 0 0 0 1 
110 32 19967 1 1 0 1 0 0 0 0 0 0 0 0 0 0 1 0 1 0 0 0 1 0 1 1 1 1 1 0 0 0 0 1 
111 32 36086 1 1 1 1 1 1 1 1 1 1 1 1 1 1 1 1 1 1 1 1 1 1 0 1 1 1 1 1 1 1 1 1 
112 32 28726 1 1 1 1 1 0 1 0 0 0 0 1 0 1 0 1 0 0 1 0 0 0 1 1 0 1 1 1 1 0 0 0 
113 32 12457 1 1 0 0 0 0 0 1 0 0 1 0 1 0 0 0 0 0 0 0 0 1 1 0 0 0 0 1 0 0 0 0 
114 32 24800 0 1 0 1 0 1 1 1 0 0 0 1 0 1 1 0 0 1 1 1 1 1 1 0 1 0 1 0 0 0 1 0 
115 32 24174 0 0 0 0 0 1 1 0 0 0 1 1 0 1 1 1 0 0 0 1 0 0 1 1 0 0 1 1 0 1 1 1 
116 32 12200 0 1 0 0 0 0 0 1 0 1 0 0 1 1 0 1 0 0 1 0 0 1 1 0 0 0 0 1 0 0 0 0 
117 32 32272 1 1 1 1 1 1 1 1 1 1 1 1 1 1 1 1 1 1 1 1 1 1 0 1 1 1 1 0 1 1 1 1 
118 32 43295 1 1 1 1 1 1 1 1 1 1 1 1 1 1 1 1 1 1 1 0 1 1 1 0 1 1 1 1 1 0 1 1 
119 32 1783 0 0 0 0 0 0 0 0 0 1 0 0 0 0 0 0 0 0 0 0 0 0 0 0 0 0 0 0 0 0 0 0 
120 32 39159 1 1 1 0 1 1 1 1 1 1 0 1 1 1 0 1 0 1 1 0 1 1 1 0 1 1 1 1 1 1 1 1 
121 32 30920 1 1 1 1 1 1 1 1 1 1 1 1 1 0 1 1 1 0 1 1 1 1 0 0 1 1 1 1 1 1 1 1 
122 32 6964 0 0 0 0 0 0 0 0 0 0 0 0 0 1 0 0 0 0 0 0 1 0 0 1 0 0 0 0 1 0 0 0 
123 32 31065 0 1 1 0 1 1 1 1 1 1 1 1 1 1 0 1 0 0 1 1 1 1 1 1 1 1 1 0 0 0 0 1 
124 32 16905 0 0 1 0 1 0 1 0 0 0 0 0 0 0 0 0 0 1 1 0 0 1 0 1 1 0 0 1 0 0 0 1 
125 32 34068 1 1 1 1 1 1 1 1 0 1 1 1 1 0 1 0 1 1 0 1 1 0 1 0 0 1 1 1 1 0 0 0 
126 32 3461 0 0 0 0 0 0 0 0 0 0 0 0 0 0 0 0 0 0 0 0 0 0 0 0 0 0 0 0 0 1 0 1 
127 32 37087 1 0 1 1 1 1 1 1 1 1 0 0 1 1 1 1 1 1 1 0 1 1 1 0 1 1 1 1 1 0 1 1 
128 32 37304 1 0 1 1 1 0 1 1 1 0 0 1 1 1 1 0 1 1 0 1 1 1 1 1 0 1 1 1 1 0 1 0 
129 32 10958 0 1 0 0 0 0 0 0 0 0 1 0 0 0 0 0 0 0 0 0 0 0 0 1 1 0 0 1 0 0 0 0 
130 32 17808 0 1 0 1 1 0 1 0 0 0 0 0 1 0 0 1 0 1 1 0 0 0 1 0 0 1 0 0 0 0 0 0 
131 32 36239 1 1 1 1 1 1 1 1 1 1 1 1 1 1 1 1 1 0 0 1 1 0 1 1 1 1 1 1 1 0 1 1 
132 32 0 0 0 0 0 0 0 0 0 0 0 0 0 0 0 0 0 0 0 0 0 0 0 0 0 0 0 0 0 0 0 0 0 
133 32 40233 1 0 1 1 1 1 0 1 1 1 1 1 1 1 1 1 1 1 1 1 1 0 1 1 1 1 1 1 1 1 1 1 
134 32 28587 0 1 1 1 1 1 1 1 1 0 1 0 0 0 0 0 1 0 1 0 0 0 1 1 0 1 0 1 1 0 1 1 
135 32 17235 0 0 0 0 1 1 0 1 1 0 0 0 0 0 0 0 1 0 0 1 0 1 0 1 1 0 0 0 0 0 0 0 
136 32 10288 0 0 1 1 0 0 0 0 1 0 0 0 0 0 0 0 0 0 0 0 1 0 0 1 1 0 1 0 0 0 0 1 
137 32 31220 1 1 0 0 1 0 0 0 0 1 0 1 1 1 1 0 1 1 1 1 1 1 1 0 1 1 1 1 0 1 0 0 
138 32 31012 1 1 1 0 0 0 0 1 1 1 1 0 0 0 1 1 1 0 1 0 1 1 0 1 1 1 1 1 1 1 1 0 
139 32 24297 0 0 1 0 0 0 1 0 1 1 1 0 0 0 1 0 0 0 1 1 1 0 0 1 0 1 1 1 0 1 1 0 
140 32 35233 0 1 0 1 1 0 1 0 1 1 1 1 1 1 1 1 1 1 1 1 0 1 1 1 1 1 1 1 1 1 1 1 
141 32 50943 1 1 1 1 1 1 1 1 1 1 1 1 1 1 1 0 0 0 1 1 1 1 1 1 1 1 1 1 0 1 0 1 
142 32 32244 1 1 1 1 1 1 0 1 0 1 1 1 1 0 1 1 0 1 1 0 1 1 1 1 1 1 1 1 1 1 1 1 
143 32 31955 1 1 1 1 1 0 0 0 1 1 0 1 1 1 1 0 1 0 1 0 1 0 1 0 0 1 0 0 1 1 1 1 
144 32 32765 1 0 1 0 0 0 1 0 1 1 1 1 1 1 1 1 0 1 0 1 0 1 0 1 1 1 0 0 0 1 1 1 
145 32 25155 0 0 1 0 0 0 1 1 0 0 0 1 1 1 1 1 1 0 0 0 0 0 0 1 0 1 1 1 0 0 1 0 
146 32 11748 0 0 0 0 0 0 1 0 0 1 0 0 0 0 1 0 0 0 0 0 0 0 0 0 1 1 1 0 0 0 0 0 
147 32 26567 1 0 0 0 0 1 1 1 0 0 1 1 1 0 1 1 1 0 1 0 0 1 1 0 1 0 0 1 1 1 0 0 
148 32 36915 1 0 1 1 0 1 1 1 1 1 1 1 0 1 0 1 1 1 1 1 1 1 0 1 1 1 1 1 0 0 0 1 
149 32 38201 1 0 1 1 1 1 1 1 1 0 1 1 0 1 0 1 1 1 1 1 1 0 1 0 1 1 1 1 0 0 0 0 
150 32 25204 1 1 1 1 1 1 0 1 0 0 0 0 1 0 0 1 1 1 1 0 0 0 0 0 1 0 1 1 1 0 1 0 
151 32 13938 0 1 0 1 0 0 0 0 1 0 0 1 1 1 0 0 1 0 0 0 0 0 0 0 0 0 0 0 1 0 0 1 
152 32 44704 1 1 1 1 0 0 0 1 1 1 1 1 0 1 1 1 0 0 1 1 1 1 1 1 1 1 1 1 1 1 1 1 
153 32 22149 1 1 0 0 1 0 1 0 1 1 0 1 0 1 0 0 0 1 1 1 0 0 1 0 1 1 0 1 1 0 0 0 
154 32 36866 1 1 1 1 1 0 1 1 1 1 1 1 1 1 1 1 1 1 1 1 1 1 1 1 1 1 1 1 1 1 1 1 
155 32 30081 1 1 0 0 1 1 1 0 1 1 1 1 0 1 1 0 1 0 1 0 1 0 0 0 1 1 0 1 0 1 1 0 
156 32 47081 1 1 1 1 1 1 1 1 1 1 1 1 1 1 1 1 0 1 1 1 1 1 1 1 1 1 1 1 1 1 1 1 
157 32 32344 1 1 1 1 1 1 1 0 0 0 0 0 0 1 1 0 1 1 1 1 1 1 1 1 0 1 0 0 0 0 1 1 
158 32 41497 1 0 1 1 1 1 1 1 1 1 1 1 1 1 1 1 1 1 1 1 0 1 1 0 1 1 1 1 1 1 1 1 
159 32 19888 0 0 0 1 1 0 1 0 0 1 0 0 0 1 1 0 0 1 1 0 0 0 0 1 0 1 0 1 0 0 0 0 
160 32 25648 0 1 0 0 1 0 0 1 0 1 1 0 1 1 0 0 1 1 0 0 0 0 0 1 1 0 1 1 0 1 1 0 
161 32 30137 1 1 0 0 1 1 0 0 1 0 0 1 0 1 1 1 0 1 1 0 1 0 0 1 0 1 1 1 0 1 1 1 
162 32 36797 1 1 1 1 1 1 1 1 1 1 1 1 1 1 1 1 1 1 1 1 1 1 1 1 1 1 1 1 0 1 1 1 
163 32 33017 1 0 1 1 1 1 1 0 1 1 1 1 1 1 1 1 0 1 1 1 1 1 1 1 1 1 1 1 1 1 1 1 
164 32 30902 1 1 0 0 0 1 1 0 1 1 0 1 0 0 1 0 1 1 1 0 1 0 1 1 1 0 0 1 1 1 0 1 
165 32 22232 1 0 1 0 1 1 0 0 0 1 0 0 0 0 0 1 0 1 1 0 1 1 0 1 0 1 1 0 1 0 1 0 
166 32 20912 0 0 1 1 0 0 1 0 1 0 1 0 0 1 0 1 0 1 1 0 1 0 1 1 0 0 0 0 0 0 0 0 
167 32 25679 0 0 0 0 1 1 0 1 0 0 0 0 1 1 1 1 1 1 1 0 0 0 0 0 1 1 1 1 0 1 0 0 
168 32 40736 1 1 1 0 1 1 1 1 1 1 1 1 1 1 0 1 1 1 1 1 1 1 1 1 1 1 1 1 1 0 1 1 
169 32 44189 1 1 0 0 1 1 1 1 0 1 1 1 1 0 1 1 1 1 1 1 1 1 1 1 1 1 1 0 1 1 1 1 
170 32 29301 0 0 1 0 1 1 1 1 0 0 1 1 0 1 1 1 0 1 0 1 1 1 0 1 1 0 1 1 1 0 1 1 
171 32 17117 0 0 0 1 1 1 0 0 1 0 1 0 0 1 0 0 0 0 1 0 0 0 0 0 1 1 0 0 0 0 0 0 
172 32 12406 1 0 1 1 1 0 0 0 0 0 0 1 0 0 0 0 0 0 0 0 1 0 0 0 0 1 0 0 0 0 0 0 
173 32 34781 1 0 1 0 1 0 1 1 1 1 0 1 0 1 0 1 1 0 1 1 0 0 0 1 1 1 1 1 0 1 1 1 
174 32 39357 1 1 0 1 1 1 1 1 1 1 0 1 1 0 1 1 1 1 1 1 0 1 1 1 0 1 1 1 1 1 1 1 
175 32 41384 1 1 1 0 1 1 1 1 0 1 1 1 1 1 1 1 1 1 1 1 0 1 1 1 1 1 1 1 0 1 1 1 
176 32 24819 0 1 1 1 0 1 1 1 1 1 1 0 0 0 0 0 1 0 0 1 1 0 0 0 0 1 1 0 1 0 0 1 
177 32 17785 0 0 1 1 0 0 0 0 0 0 0 1 0 0 0 0 1 1 0 1 1 1 0 0 1 1 0 0 0 0 1 0 
178 32 31177 1 0 1 1 0 1 1 1 1 0 1 1 1 1 0 1 1 1 0 0 0 1 1 1 0 1 0 1 0 0 1 1 
179 32 16199 0 1 0 0 0 0 1 0 0 1 1 0 0 0 0 1 1 0 1 0 1 0 1 0 1 1 0 0 0 0 0 0 
180 32 15021 1 1 0 0 0 0 0 0 1 0 0 1 0 0 0 0 0 0 0 1 0 1 0 0 0 0 1 0 1 1 0 0 
181 32 40605 0 0 0 1 0 0 1 1 1 1 1 1 1 1 1 1 1 1 1 1 1 1 1 1 0 1 1 1 1 1 1 1 
182 32 8227 0 0 0 0 0 0 0 0 0 0 0 0 1 0 1 1 0 0 0 0 0 0 0 0 0 0 0 1 0 0 1 0 
183 32 37019 1 1 0 0 1 1 0 1 1 0 1 0 1 0 0 1 1 0 1 0 1 1 1 1 1 1 1 1 1 1 0 1 
184 32 33228 1 1 0 1 0 1 0 1 0 1 1 0 1 1 0 1 1 1 0 0 1 1 1 1 1 1 0 1 1 1 1 1 
185 32 1338 1 0 0 0 0 0 0 0 0 0 0 0 0 0 0 0 0 0 0 0 0 0 0 0 0 0 0 0 0 0 0 0 
186 32 28499 1 1 1 1 0 0 0 1 1 1 1 0 0 0 0 0 0 0 1 1 1 0 1 0 1 1 0 0 0 1 0 1 
187 32 21532 0 1 0 0 1 0 1 0 0 0 1 0 0 0 0 1 1 0 0 0 0 1 0 0 0 1 1 0 1 0 1 0 
188 32 43289 1 1 1 1 1 1 0 1 1 0 1 0 1 1 1 1 1 1 1 1 1 1 1 1 1 0 1 1 0 1 1 1 
189 32 32072 1 1 1 1 1 1 1 1 0 1 0 1 0 1 1 1 1 1 1 1 1 1 1 1 1 1 1 1 1 0 1 0 
190 32 25305 1 1 1 1 1 0 0 1 1 1 0 0 1 0 0 1 0 0 0 1 0 1 1 0 0 0 0 0 1 1 1 1 
191 32 21840 0 1 1 0 1 0 1 0 0 0 0 1 1 1 0 0 1 0 1 1 0 0 1 0 0 1 1 0 0 0 1 0 
192 32 40918 1 0 1 1 1 1 1 1 1 1 1 1 1 1 1 1 1 1 1 1 1 1 1 1 1 1 1 1 1 1 1 1 
193 32 44935 1 1 1 1 0 1 1 1 1 1 1 1 1 1 0 1 1 1 1 1 1 1 1 1 1 1 1 1 1 1 0 1 
194 32 26769 1 1 0 1 1 0 1 1 1 1 0 0 0 1 1 1 0 1 0 0 1 0 0 1 0 0 1 0 0 0 1 0 
195 32 3138 0 0 0 0 0 0 0 1 0 0 0 0 0 0 0 0 0 0 0 0 0 0 0 0 0 0 0 0 0 0 1 0 
196 32 17479 1 0 1 0 0 0 0 0 1 0 0 0 0 0 0 1 1 0 0 0 1 0 1 0 0 1 1 0 0 0 0 0 
197 32 42094 1 1 1 1 1 1 1 1 1 1 0 1 1 0 1 1 1 1 1 1 1 1 1 1 1 1 1 1 1 1 1 1 
198 32 3192 0 0 0 0 0 0 0 0 1 0 0 1 0 0 0 0 0 0 0 0 0 0 0 0 0 0 0 0 0 0 0 0 
199 32 40075 0 1 1 1 1 1 1 1 1 1 1 1 1 1 1 0 1 1 1 1 1 1 1 1 1 1 1 1 0 1 1 1 
200 32 31004 1 1 1 0 0 1 1 0 0 1 1 1 1 1 1 0 0 1 1 1 1 1 0 1 1 0 1 1 1 1 0 0 
201 32 23501 1 1 0 0 1 1 1 0 0 1 0 0 1 1 0 1 1 0 1 0 0 0 0 0 0 0 0 1 0 1 0 1 
202 32 34221 1 1 1 1 1 1 1 1 1 1 1 0 1 1 1 0 1 1 1 1 1 1 1 0 1 1 1 1 1 0 1 0 
203 32 39474 0 0 0 1 1 1 1 1 1 1 0 1 0 1 0 1 1 1 1 1 1 1 1 1 0 1 1 1 1 1 1 1 
204 32 22665 1 1 1 0 0 1 0 1 1 0 0 0 1 0 0 1 1 0 1 0 1 0 0 1 0 1 1 0 0 0 1 0 
205 32 31174 1 1 0 1 1 1 1 1 0 0 0 1 1 1 1 1 1 1 1 1 1 0 1 1 1 1 1 0 1 1 0 1 
206 32 22557 1 0 1 1 0 1 1 1 0 0 0 0 1 0 1 1 0 1 1 0 0 1 1 0 1 0 0 0 0 1 0 0 
207 32 42646 1 0 1 1 0 1 1 1 1 1 1 1 1 1 1 1 1 1 1 1 1 1 1 1 1 1 1 1 1 1 1 1 
208 32 36868 1 1 1 1 1 1 1 1 1 0 1 1 1 1 1 1 1 1 1 0 1 1 1 1 1 0 1 1 0 1 1 1 
209 32 37339 1 1 1 1 1 1 1 1 1 1 1 1 1 1 0 1 1 1 1 1 1 1 1 1 1 1 1 1 1 1 1 1 
210 32 20265 0 1 0 1 0 0 0 0 0 1 0 1 0 0 0 1 1 1 0 0 0 0 0 1 0 0 1 1 1 1 0 1 
211 32 41267 1 1 0 1 1 1 1 0 1 1 1 0 1 1 1 1 1 1 1 1 1 1 1 1 1 1 1 1 1 1 0 1 
212 32 17860 0 1 0 0 0 1 0 0 1 0 0 0 1 0 0 1 1 0 0 1 0 0 0 0 0 0 0 0 0 0 1 1 
213 32 21237 0 0 0 0 0 1 1 0 1 0 1 0 0 1 1 0 1 0 1 0 0 1 0 0 1 1 0 1 0 0 0 1 
214 32 37567 0 1 1 1 0 1 1 1 1 1 0 1 1 0 1 1 1 1 1 1 1 0 1 1 1 1 1 1 1 1 1 1 
215 32 42291 1 1 1 1 1 1 1 1 1 1 1 1 1 0 1 0 1 0 1 1 1 1 1 1 1 1 0 0 1 1 1 1 
216 32 40232 1 1 1 1 1 1 1 1 1 1 1 1 1 1 1 1 1 0 1 1 1 1 1 1 1 1 1 1 1 0 1 1 
217 32 24800 1 0 0 1 0 0 1 1 0 1 0 0 0 0 0 1 0 1 0 1 1 1 0 1 1 0 0 0 1 1 1 0 
218 32 40439 1 1 1 1 0 1 1 1 1 1 1 1 0 1 1 0 1 1 1 1 0 0 0 1 0 1 1 1 0 1 1 1 
219 32 17481 1 0 1 0 1 1 0 1 0 0 0 0 0 0 1 1 1 0 1 0 0 0 0 0 0 0 0 1 0 1 1 0 
220 32 25992 1 1 1 0 1 1 1 1 1 1 1 0 0 0 0 0 1 0 0 1 1 1 0 0 0 1 0 1 0 0 0 1 
221 32 29105 1 1 0 0 1 0 1 0 0 1 1 0 0 1 1 1 0 1 0 1 1 0 1 1 0 0 1 1 1 0 1 1 
222 32 37121 1 1 1 1 1 1 1 1 1 1 1 1 0 1 1 1 1 1 1 1 0 0 1 0 1 1 0 0 1 1 1 1 
223 32 36590 1 1 1 1 1 1 1 1 1 1 1 0 1 1 1 1 1 1 1 0 1 1 0 1 0 0 1 1 0 1 1 1 
224 32 36302 1 1 1 1 1 1 1 1 0 1 1 1 1 1 1 1 1 1 1 1 1 1 1 1 1 1 1 1 1 1 1 1 
225 32 29457 1 1 1 1 1 0 0 0 1 1 1 1 1 0 0 1 1 1 1 1 0 1 1 0 0 0 1 1 0 1 0 1 
226 32 41341 0 1 0 1 1 1 1 1 1 1 1 1 1 1 1 1 1 1 0 1 1 1 1 1 1 1 1 0 0 1 1 1 
227 32 35824 0 1 1 0 1 0 1 1 1 1 1 0 0 0 1 1 1 1 1 1 0 1 1 1 0 1 1 0 1 0 0 1 
228 32 40786 0 1 1 1 1 0 1 1 1 1 1 1 1 1 1 0 1 1 1 1 1 1 1 1 1 1 1 1 0 1 1 1 
229 32 28642 1 0 0 0 0 1 0 1 0 1 1 0 1 0 0 0 0 0 0 1 0 1 1 1 0 1 1 0 1 1 1 0 
230 32 27438 1 1 0 1 1 1 0 0 0 0 1 0 0 1 0 0 1 0 0 0 1 1 1 1 1 1 0 0 0 1 1 1 
231 32 29992 1 1 1 0 0 1 1 1 0 1 0 1 1 0 0 0 1 1 1 0 1 1 0 0 0 1 0 1 0 0 1 1 
232 32 31692 1 1 0 1 1 1 1 0 0 0 1 0 0 1 1 1 0 1 1 1 1 1 1 1 1 1 0 1 1 0 1 1 
233 32 13443 1 1 1 0 0 0 0 0 0 1 0 0 0 1 0 0 0 0 0 0 1 0 0 1 0 0 0 0 0 0 1 1 
234 32 33095 1 1 1 1 1 1 0 1 1 0 0 1 1 0 1 1 1 1 0 0 1 1 1 0 1 1 1 1 1 1 1 1 
235 32 33333 1 1 1 1 1 0 0 1 1 1 1 1 1 0 0 1 1 0 0 1 1 1 0 1 1 1 1 1 1 1 0 1 
236 32 30670 1 1 0 0 0 0 1 0 1 0 0 1 1 1 1 1 1 0 1 1 1 1 1 0 0 1 1 1 1 1 0 0 
237 32 29973 1 1 0 1 0 1 0 0 0 1 1 1 1 1 1 1 0 0 1 1 0 1 0 1 1 0 1 1 1 1 0 0 
238 32 37394 1 1 1 1 1 1 1 1 1 1 1 1 1 1 1 1 1 1 1 1 1 1 0 1 1 1 1 1 1 1 1 1 
239 32 35411 1 1 1 1 1 1 1 1 1 1 1 1 1 0 1 1 0 1 1 0 1 1 1 1 1 1 1 1 1 1 1 1 
240 32 39107 1 1 1 1 1 1 1 1 1 1 1 0 1 1 1 1 1 0 1 1 1 1 1 1 1 1 1 1 1 1 1 1 
241 32 15535 0 0 0 0 0 0 0 1 1 1 0 0 1 0 1 0 0 0 1 0 0 1 0 1 0 0 1 0 0 0 1 1 
242 32 19987 0 1 0 0 1 0 1 1 0 0 0 1 1 1 0 1 1 1 0 1 0 0 0 0 1 1 1 0 0 0 1 1 
243 32 10424 0 0 0 1 0 0 1 1 0 0 0 0 0 0 0 0 0 0 0 1 0 1 0 0 0 0 0 0 0 0 0 0 
244 32 42436 1 1 1 1 1 0 1 1 1 1 1 1 1 1 1 1 1 1 1 1 1 1 1 1 1 1 1 0 1 1 1 0 
245 32 18172 1 0 1 0 0 1 0 1 0 0 1 0 1 1 0 1 0 1 0 0 1 0 0 0 1 1 0 0 0 0 0 0 
246 32 43175 1 1 1 1 1 1 1 1 1 1 0 0 1 1 1 1 1 1 1 1 1 1 1 1 1 1 1 1 0 1 1 1 
247 32 28939 1 1 1 1 1 0 0 0 1 0 1 1 1 1 1 1 1 0 0 1 1 0 1 1 1 1 1 1 1 1 0 0 
248 32 34600 1 1 1 0 0 1 1 0 1 0 0 1 1 0 0 1 1 1 1 0 1 0 1 1 1 0 1 0 0 0 1 1 
249 32 38051 1 1 1 1 1 1 0 1 1 0 1 0 0 0 0 1 1 1 1 1 1 0 1 1 0 0 1 0 1 1 1 1 
250 32 43351 1 1 1 1 1 1 1 1 0 1 1 0 1 1 0 1 1 1 1 1 1 0 1 1 1 1 1 1 1 1 1 1 
251 32 13913 0 0 1 1 1 1 0 0 1 0 0 0 0 0 1 1 0 0 0 0 0 1 0 0 0 0 0 0 0 0 0 0 
252 32 27891 0 1 1 0 1 0 0 0 1 0 1 0 1 0 1 1 1 1 0 0 0 1 1 1 1 1 0 0 1 0 1 1 
253 32 34409 1 0 0 0 0 1 1 0 1 1 1 1 1 1 1 0 1 1 0 1 1 1 0 0 1 1 1 0 1 1 1 1 
254 32 29025 0 1 0 1 0 1 1 0 1 1 0 0 1 1 0 1 1 0 1 1 1 0 1 1 0 0 0 0 1 1 0 0 
255 32 12122 0 0 1 0 1 0 1 1 0 0 0 0 0 1 0 0 0 0 0 0 0 0 0 1 0 0 1 0 0 0 0 1 
256 32 16432 0 0 0 0 0 1 0 0 0 1 0 0 0 0 1 0 1 0 0 0 1 0 0 1 0 0 0 1 0 1 1 1 
257 32 31913 1 1 0 0 1 1 0 1 1 1 0 1 1 1 1 1 0 1 0 1 1 0 1 0 0 0 1 1 1 1 1 1 
258 32 35164 1 1 1 1 1 1 1 1 1 0 0 1 1 0 1 1 1 1 1 1 1 1 1 1 1 1 1 1 1 1 1 1 
259 32 23514 1 1 0 0 1 1 0 0 1 0 1 1 0 1 1 0 0 1 0 0 0 0 1 1 0 0 0 1 1 1 0 0 
260 32 32468 1 0 0 1 0 0 1 0 1 0 0 1 1 0 0 1 1 1 1 1 1 1 1 1 1 1 0 1 0 1 0 1 
261 32 26389 0 0 0 0 1 0 1 1 1 1 1 0 0 0 0 1 1 1 1 0 1 1 0 1 0 1 0 0 0 1 0 1 
262 32 38289 1 1 1 1 1 1 1 1 1 1 1 1 1 1 1 1 1 1 1 0 1 0 1 1 1 1 1 1 1 1 0 1 
263 32 22280 0 1 0 0 1 1 1 1 0 0 0 0 0 1 1 0 1 0 1 0 0 0 1 0 0 1 1 1 0 0 1 1 
264 32 26280 1 1 1 1 1 1 0 0 1 0 0 0 0 0 1 0 0 1 0 1 1 1 1 0 1 1 0 0 1 1 0 0 
265 32 26557 0 0 0 1 0 0 0 1 0 1 0 1 0 1 1 0 0 1 0 0 0 1 1 1 0 0 0 0 1 1 1 1 
266 32 9115 0 0 0 0 0 1 0 1 0 0 0 0 0 0 1 0 1 0 0 0 0 0 0 0 0 0 0 1 0 0 0 1 
267 32 27934 1 1 0 1 0 1 1 1 0 1 0 1 1 1 1 1 1 1 1 0 1 0 1 0 1 0 1 1 1 0 0 1 
268 32 35365 1 1 1 1 1 1 1 1 1 1 1 1 1 1 1 1 1 1 0 1 1 1 1 1 1 0 1 0 1 1 1 1 
269 32 14761 0 0 0 0 0 1 0 0 0 1 0 0 1 0 0 0 0 1 0 0 0 1 0 0 0 0 1 1 0 1 0 0 
270 32 20318 0 1 0 0 1 0 1 1 0 0 0 1 1 0 1 0 1 0 1 0 0 1 0 0 0 0 1 0 1 0 1 0 
271 32 34850 1 0 1 1 0 1 1 1 0 0 0 1 1 1 1 1 1 1 1 1 1 1 1 1 0 1 0 1 1 1 0 1 
272 32 41711 1 1 0 1 1 1 1 1 1 1 0 1 1 1 1 1 0 1 1 1 1 0 1 1 1 1 1 0 1 1 1 1 
273 32 20016 0 0 1 0 0 1 0 1 0 0 0 0 1 0 1 1 1 1 1 0 0 0 0 0 0 0 0 1 1 0 0 1 
274 32 30819 0 1 0 0 0 1 1 0 0 1 1 1 0 0 1 1 1 1 1 0 0 1 1 1 1 0 0 1 0 0 1 0 
275 32 34926 0 1 1 1 0 0 0 1 1 1 0 1 1 1 1 1 1 1 0 1 1 1 0 1 0 1 0 1 0 1 0 1 
276 32 38447 1 1 0 1 1 1 1 1 0 0 1 1 1 0 1 1 0 1 1 1 1 1 1 0 1 1 1 1 0 1 1 0 
277 32 26456 1 0 0 0 1 1 1 0 1 1 1 1 1 1 1 1 0 1 0 1 1 1 1 1 1 1 0 1 1 0 0 0 
278 32 41079 1 1 1 1 0 1 1 0 1 1 1 1 1 1 1 1 1 1 1 1 1 1 1 1 1 1 1 1 1 0 1 0 
279 32 38248 0 1 1 0 1 1 1 0 0 1 1 0 1 0 0 1 1 1 1 1 1 0 1 1 1 1 1 0 1 1 1 1 
280 32 36805 1 1 1 1 1 1 1 1 1 1 1 1 1 1 1 1 1 1 1 1 1 1 1 1 0 1 1 1 1 1 1 0 
281 32 33200 1 1 1 1 1 1 0 1 1 1 1 0 1 1 1 1 1 1 1 1 1 1 1 1 1 1 1 1 1 0 1 1 
282 32 38762 1 1 0 1 1 1 1 1 1 1 1 1 1 1 1 1 1 1 1 1 1 1 0 0 1 1 1 1 1 1 1 1 
283 32 41402 1 1 1 0 1 1 1 1 1 1 1 1 1 1 1 1 1 1 1 1 1 1 1 1 1 1 1 1 1 1 1 1 
284 32 28801 0 1 0 1 1 1 1 0 0 1 0 1 0 1 0 0 0 1 1 1 0 0 1 0 1 1 1 0 1 1 0 0 
285 32 39314 1 1 1 1 1 1 1 1 1 1 1 0 1 1 1 1 1 1 1 1 1 1 1 1 1 1 1 0 1 1 1 1 
286 32 22256 0 1 0 1 1 1 0 0 1 1 0 1 0 0 1 1 0 0 0 0 0 0 0 0 1 0 1 0 0 0 1 0 
287 32 42857 1 0 1 1 1 1 0 1 1 1 0 1 1 1 1 1 1 0 0 1 1 1 1 1 0 1 1 1 0 1 1 1 
288 32 24751 0 1 0 1 0 1 0 1 1 1 0 0 1 0 1 1 0 0 0 1 1 0 1 0 0 0 0 0 1 1 1 0 
289 32 32502 1 1 1 1 1 1 1 0 1 1 0 1 1 1 1 0 0 1 1 0 1 0 1 0 1 0 0 1 1 0 1 1 
290 32 13961 0 0 1 0 0 0 0 0 0 0 0 0 0 0 1 1 1 0 0 0 0 0 0 0 1 1 0 0 0 1 1 0 
291 32 23790 1 0 0 1 0 0 0 0 0 0 0 0 1 0 1 1 1 0 0 1 0 0 1 1 0 0 1 1 1 0 1 1 
292 32 36374 1 1 1 1 1 1 1 1 1 1 1 1 1 1 1 1 1 1 1 1 1 1 1 1 1 1 1 1 0 1 1 1 
293 32 2433 0 0 0 0 0 0 0 0 0 0 0 0 0 0 0 0 0 0 0 0 0 0 0 0 0 0 0 0 0 0 1 1 
294 32 35224 1 1 0 1 1 1 1 1 1 0 1 1 1 1 1 1 1 1 0 1 0 1 0 1 1 1 1 1 0 0 1 1 
295 32 37496 1 0 1 0 1 1 1 1 1 1 1 0 1 1 0 1 1 1 1 0 0 1 1 1 0 1 1 1 1 1 1 1 
296 32 36540 1 1 1 1 1 1 1 1 1 1 1 1 1 1 1 1 0 1 1 1 1 0 1 1 1 1 1 1 1 1 1 1 
297 32 37523 1 0 0 0 1 1 0 1 1 1 1 1 1 0 0 1 1 1 1 1 1 1 1 1 1 1 0 0 1 1 1 1 
298 32 31687 1 0 0 1 0 0 0 0 0 1 1 0 1 1 1 0 1 1 1 1 1 0 0 1 1 1 1 1 1 1 0 0 
299 32 36550 1 1 1 1 1 1 1 1 1 0 1 1 1 1 1 1 1 1 1 1 1 1 1 1 1 1 1 1 1 1 1 1 
300 32 21899 1 1 1 0 1 1 0 0 0 0 1 0 0 1 1 1 0 0 0 1 0 0 0 1 1 1 0 1 0 0 1 0 
