1 35 313 36 3 43 1129 202 94 149 2084 28 646 54 737 147 300 151 605 16 1420 214 1142 68 2253 238 1541 245 1413 8 221 7 1939 137 1284 165 1174 183 500 122 1525 23 1003 136 221 200 1755 127 741 173 80 165 2339 130 834 33 75 213 1676 43 1428 137 875 48 1503 245 1599 198 415 235 147 209 2072
2 35 1497 89 733 164 1851 41 2193 133 586 50 1686 86 744 214 1373 236 1571 239 2388 54 1468 216 1337 209 496 54 2377 107 1479 17 863 18 675 163 1584 177 1751 62 215 241 1193 152 1857 114 1954 188 1727 77 1769 204 115 112 1858 38 345 136 1731 195 1164 217 1805 135 830 50 1550 88 2261 79 437 192 269
3 35 2116 35 1178 143 761 171 2045 185 253 238 1665 12 804 246 948 199 547 25 1606 98 652 234 1256 79 2319 232 1290 110 1680 160 2359 242 518 51 1437 201 1923 194 1826 17 2098 57 1543 121 254 194 1931 35 2215 194 2263 24 2165 160 1022 139 460 65 1030 41 1570 41 1885 67 953 222 1977 199 1512 17 247
4 35 2353 47 2260 140 1958 159 1729 119 2178 100 1922 33 1833 193 1465 16 958 237 663 32 1593 114 659 199 707 109 1688 11 2224 162 1320 230 580 159 1615 220 810 14 1649 43 1437 145 2021 165 605 86 285 150 1254 216 2450 188 1603 214 1465 78 1745 207 1178 94 1074 86 701 213 418 145 2332 49 2474 177 662
5 35 698 100 1257 243 2449 115 2480 47 2277 219 1382 106 461 58 564 75 1158 56 1084 236 545 195 1019 62 2356 19 2271 80 1657 230 2147 42 200 76 966 176 242 46 1774 128 701 207 946 158 1347 211 1148 232 884 3 168 202 259 140 829 91 1333 56 1120 158 393 74 1321 51 2453 72 1125 198 209 31 1961
6 35 206 123 2001 206 176 120 129 203 2053 101 1168 114 2143 212 295 248 1776 101 2033 154 1110 64 592 92 742 102 608 232 2223 237 1674 125 780 44 155 57 959 38 297 128 2015 218 813 125 1057 198 1100 176 2003 97 1796 22 685 30 1107 248 750 144 274 66 1510 101 585 220 943 235 965 241 1555 116 1249
7 35 1941 165 18 232 606 68 823 87 1692 228 738 65 2483 85 792 25 9 237 1418 161 799 234 425 36 708 145 2295 213 135 73 2041 24 145 9 633 244 783 98 1496 4 690 48 1864 201 2238 250 810 2 1968 108 2244 95 650 53 1580 25 2408 89 1649 2 830 108 1934 79 809 246 2137 1 517 232 1341
8 35 2435 18 373 134 1764 196 2097 140 870 17 2408 151 299 194 1392 38 1580 224 2187 118 963 70 2090 118 1252 56 801 192 1824 49 351 162 2166 244 1480 221 436 148 1119 38 2209 164 2260 119 754 239 939 250 1487 159 1203 165 206 169 1916 148 410 240 469 57 621 131 430 124 2401 119 382 105 412 110 298
9 35 1446 149 727 53 963 228 1072 106 1918 30 2037 91 1949 231 1742 159 2240 200 421 225 126 213 1971 104 1018 25 939 174 1097 225 1808 99 375 184 2065 134 2192 41 2396 29 2259 200 7 188 1993 104 2162 233 188 229 795 60 1776 14 1031 235 2336 210 1487 10 500 84 2048 79 1719 217 26 215 9 94 582
10 35 3215 75 401 195 498 226 1967 42 493 165 1123 196 2314 42 985 59 1027 23 1029 75 147 198 1021 104 2388 48 1410 4 1994 245 700 189 351 34 1075 69 1565 218 1983 228 1283 117 1877 75 1844 90 1358 242 871 154 81 115 2158 79 2151 144 91 34 1414 234 1001 215 2176 172 1154 224 1541 51 455 113 48
11 35 2345 132 1573 124 1687 113 227 155 1305 103 682 232 1324 30 1920 61 83 181 261 132 468 195 1419 11 2442 142 1278 227 2386 36 1553 36 1261 92 1279 233 791 19 1481 44 322 188 889 71 539 132 335 10 2171 118 2122 166 2313 205 1141 185 2083 229 354 196 1735 127 652 58 799 115 767 129 2207 226 90
12 35 3004 229 908 58 161 190 1424 237 2030 180 589 66 1090 33 1662 93 2264 57 1393 15 952 1 1178 11 2188 94 910 127 1161 152 1071 47 1926 126 667 5 398 165 2197 213 166 62 291 210 2432 66 1047 217 2039 237 1429 225 1529 31 307 116 613 135 1211 83 142 169 771 42 699 143 2489 172 591 40 2182
13 35 2512 248 1638 238 1498 20 1630 133 1733 39 1070 124 1834 18 2115 65 1786 229 2028 221 929 74 2418 58 2412 133 2248 149 1153 21 860 163 1718 20 1689 14 1593 1 806 108 1377 6 638 130 1892 90 49 194 47 205 1733 142 1769 160 2418 2 1631 243 621 30 670 152 234 189 2478 21 918 144 2478 94 2347
14 35 2284 124 21 129 250 225 720 184 1141 232 186 8 1550 121 2358 71 1838 218 1784 123 1909 6 1021 181 1467 75 1019 145 2229 192 334 133 786 179 2447 33 1940 28 1575 156 965 158 2326 169 1852 34 1171 219 2267 132 304 124 814 193 324 204 2439 135 1233 34 1014 149 92 25 1867 78 1981 30 2145 60 976
15 35 185 80 2309 207 1883 171 1378 107 2331 75 418 242 993 93 501 250 34 96 2097 113 821 120 1402 136 2421 135 1378 72 350 5 1349 217 1979 61 2480 34 759 112 2164 243 287 210 202 117 1603 84 209 205 1280 228 972 234 386 250 2069 196 1973 221 2445 113 910 93 221 216 1905 31 1116 98 38 200 545
16 35 3721 236 1915 218 413 64 395 233 1141 6 1336 125 1682 189 43 99 721 159 966 180 1148 87 995 54 2142 4 1913 246 1026 115 2249 248 1450 119 447 196 1790 231 352 228 409 165 2084 16 2120 85 2221 169 543 105 731 39 1239 50 1259 198 1800 82 747 165 1593 23 2248 21 873 86 1014 110 1075 21 1762
17 35 2616 33 1695 238 140 14 2285 117 1843 50 2271 121 293 237 1325 218 195 232 1635 76 2290 224 277 210 958 101 2096 213 1662 114 350 127 2089 230 2413 32 886 44 1299 2 1681 145 253 56 1840 76 2158 21 2391 134 345 229 1758 113 861 40 554 121 1063 19 372 107 1131 231 319 126 835 193 1369 90 1304
18 35 3439 144 745 135 1737 79 1764 157 2370 248 974 233 268 214 1144 182 678 126 1216 121 1270 92 1968 19 2440 30 1693 161 452 184 2006 125 1390 146 953 90 1173 160 1190 242 750 106 1492 188 469 6 1749 84 2365 154 285 248 972 210 355 69 2139 57 281 29 1810 28 2013 162 2061 93 2484 110 1689 129 1403
19 35 2925 152 77 1 391 149 90 139 1974 207 1644 174 863 81 1449 150 2498 192 11 96 2316 188 1457 195 559 13 1002 3 1589 39 1762 230 629 196 1554 224 1345 55 609 159 2298 147 1224 7 1611 162 467 228 307 45 1886 108 115 76 1370 244 1674 24 1281 25 2446 100 419 23 2095 68 1960 62 656 50 1898
20 35 813 177 2018 188 1557 46 447 64 927 121 2419 98 2483 250 1162 79 2197 148 1394 56 274 39 470 10 1702 224 1290 13 879 182 2265 87 1356 172 1180 180 2125 120 1184 129 204 49 1893 151 2372 183 788 14 1928 220 787 99 199 128 1344 199 20 115 922 150 914 167 863 209 1065 32 641 248 1417 181 1156
21 35 2395 199 1773 21 521 62 2444 169 133 47 1330 61 1594 32 983 130 2058 91 1434 10 1367 1 1118 161 648 147 763 62 1999 17 1890 179 1387 82 1691 198 2445 243 409 230 2288 37 900 117 521 52 695 185 2434 6 938 168 1446 237 944 93 1138 47 1117 20 492 116 1589 236 2056 55 1760 75 331 132 1570
22 35 3328 186 921 60 266 64 1369 185 40 151 1634 14 1225 62 960 58 2184 165 1756 124 423 188 467 227 1170 237 2328 211 1417 133 2198 152 45 76 424 226 2489 200 408 104 256 3 888 244 436 244 2395 154 388 241 1756 123 2029 93 172 235 39 158 1871 138 579 135 2031 106 134 212 1604 220 1026 201 815
23 35 1368 241 874 11 368 69 2399 181 1578 68 1606 229 1066 137 2379 92 93 15 1027 195 1307 100 752 73 640 30 1765 45 919 217 83 11 1232 52 391 149 2122 61 2179 220 1163 173 916 57 2348 98 1048 230 1276 136 1249 198 2099 10 456 166 992 122 1841 22 491 103 841 221 870 69 2332 230 1 139 1209
24 35 846 13 1597 182 55 137 2022 38 1016 139 1133 54 330 49 123 65 806 169 449 143 1295 154 2290 246 2215 94 379 158 1720 55 2001 109 2458 35 1999 95 1085 160 344 125 1776 84 1559 158 1832 35 526 180 1907 246 1142 202 141 201 1801 166 636 163 573 63 1036 3 1392 100 775 4 664 155 2199 238 2033
25 35 150 159 1712 76 251 222 2447 94 963 140 1707 54 503 58 1422 152 2315 137 708 107 384 236 1862 250 1156 241 1937 5 921 217 1016 13 1226 189 946 146 2060 3 954 182 111 119 80 29 1009 125 1453 229 1860 120 1122 186 529 88 1271 234 855 156 446 112 930 204 2266 141 2352 79 2102 55 1747 193 1757
26 35 1374 225 985 190 1540 214 206 135 1223 149 1654 33 502 100 449 210 1024 97 1173 245 154 192 377 18 1792 135 631 231 1128 193 830 231 2346 54 58 200 640 36 2493 177 1921 219 2069 40 917 50 108 216 405 108 828 117 1503 152 12 213 2007 232 1499 162 122 13 1066 221 1906 48 2121 107 1007 92 825
27 35 1735 2 1633 12 852 18 1464 206 1512 163 786 129 849 73 803 159 2040 3 1118 99 1186 200 1348 62 1472 151 934 71 647 70 994 225 309 6 941 198 1264 153 1600 109 1236 227 386 93 243 198 1781 66 1945 207 99 82 1107 155 844 82 248 243 1048 206 1657 93 163 139 1537 176 1815 226 303 187 2063
28 35 810 67 2161 116 154 241 2112 2 698 141 2259 126 1277 25 2317 186 800 12 233 248 1090 53 1593 29 2237 145 674 13 1537 40 1445 175 2429 49 2098 140 539 211 478 182 25 87 1664 157 398 38 2471 163 1900 94 321 241 733 176 460 27 540 211 1653 192 238 240 857 136 26 119 2171 127 2235 150 1304
29 35 2704 92 1948 21 202 114 804 157 347 113 446 2 1289 44 1787 229 1580 76 1393 228 1321 107 455 119 1783 18 1791 116 543 134 1083 13 1712 112 2002 134 1628 138 23 136 404 127 1018 166 1017 178 136 3 365 72 2158 108 1865 220 618 15 312 213 187 87 416 175 1996 98 2225 202 2458 135 184 240 1619
30 35 1774 169 497 8 2163 203 734 53 2480 55 1617 147 897 191 2027 76 236 65 991 184 2340 186 2405 185 2342 30 644 152 92 210 229 178 257 172 1767 152 1564 18 1677 104 2008 87 1016 175 2382 141 1184 209 2023 123 581 84 2109 61 1034 121 2130 161 732 20 2013 200 563 233 500 27 498 160 898 139 1832
31 35 1418 86 696 44 1155 166 1669 206 2108 70 1101 167 1668 108 1464 145 647 1 2332 246 2221 83 2104 204 1414 192 83 141 2153 91 307 138 2074 3 1138 90 1448 96 1413 188 1458 31 1352 219 2198 140 2335 178 2100 204 24 51 357 137 796 194 1462 101 788 107 965 204 42 250 1690 175 353 52 1423 41 1772
32 35 3471 193 2194 181 684 186 1678 171 1164 38 1260 90 2033 97 521 187 981 177 1986 30 2 215 1361 130 1890 124 2359 120 720 38 326 150 1797 174 875 15 2224 32 92 169 1017 22 1821 137 2362 132 350 45 1394 129 1548 98 1371 238 1647 216 622 143 48 91 843 94 1056 83 1559 215 1493 174 1721 32 121
33 35 2698 78 374 180 461 85 2210 16 2433 63 2217 24 393 155 361 27 739 62 1283 247 2119 97 503 1 2462 24 280 17 786 45 1630 102 2148 83 761 156 992 186 440 44 1104 220 387 128 713 84 1 167 1674 120 1263 112 2381 38 850 126 690 121 966 124 900 38 901 134 2144 84 549 249 972 207 1321
34 35 2255 124 897 230 49 112 2026 10 2109 191 1621 94 1773 174 1464 179 1429 55 744 95 4 39 1983 91 1422 214 1774 214 944 46 2298 91 700 136 2435 179 439 162 1102 227 2338 235 1246 35 209 56 1140 108 856 31 309 80 2490 156 1787 105 1529 73 1568 168 1242 222 626 188 1448 213 407 81 1179 169 2239
35 35 4187 26 303 104 2257 224 2489 248 745 131 58 63 894 58 864 62 1151 60 1294 194 2109 76 1636 120 902 226 2145 151 538 191 1984 108 174 206 769 224 512 40 1217 36 1090 241 1083 54 1851 175 2045 118 1172 62 458 78 1461 222 182 150 17 109 1591 76 1625 136 2219 101 840 180 622 227 1594 60 801
36 35 320 246 1062 73 1338 10 758 161 1894 70 1 23 631 207 2454 185 1948 40 1075 14 446 244 1886 173 1921 95 1777 120 1065 206 2145 66 990 184 1606 164 935 67 1428 215 406 88 2364 99 578 21 1950 8 2326 89 2223 8 303 32 304 90 863 237 719 248 2017 59 1111 250 2269 60 1340 182 1770 161 43
37 35 4116 167 272 11 2394 41 453 131 578 220 1468 167 2128 71 2485 245 574 216 1903 163 642 205 1056 45 554 91 613 94 333 112 26 143 1396 119 664 105 1209 162 1513 29 1401 129 2336 69 68 223 1576 145 1930 5 669 122 1854 98 1054 174 823 227 1647 194 1625 96 1379 46 1541 184 459 37 1111 169 1267
38 35 1984 226 778 171 889 116 972 239 312 115 1492 50 1356 90 2194 195 560 118 1109 224 1336 232 1476 174 30 137 549 40 1186 145 1362 85 457 73 304 19 383 148 841 26 900 190 306 208 779 58 1255 25 832 109 534 39 764 114 2024 212 1712 210 563 213 1216 206 307 25 1021 109 129 196 1651 158 687
39 35 4211 155 85 169 335 229 2255 38 898 183 210 205 2357 198 1601 204 2319 18 1076 37 691 221 74 95 238 31 1479 59 1691 47 2335 201 954 244 2295 185 410 93 1575 199 1585 115 2285 158 22 187 1930 172 162 250 1620 192 1122 206 1688 149 438 67 2145 25 343 190 1228 236 2473 94 355 101 1244 88 243
40 35 2763 154 208 118 2485 201 2249 120 882 83 978 181 1803 39 1771 14 2361 190 2078 196 1255 59 252 201 184 33 2428 109 736 107 1488 84 2161 66 507 240 1209 45 678 119 883 227 1208 15 1559 103 2401 42 786 25 2020 204 374 155 259 200 743 200 26 189 1386 249 154 217 333 74 2185 23 1101 67 529
41 35 3683 250 2271 238 165 15 256 207 2190 23 2124 128 2376 231 2441 21 171 225 796 191 926 187 285 12 1651 140 2389 204 467 67 61 64 2226 157 1664 49 1393 72 1349 131 1590 2 1794 37 1218 86 2223 15 1906 88 820 103 984 205 593 173 334 162 117 97 2334 85 265 58 626 174 1668 216 844 146 936
42 35 3611 87 1439 106 2447 201 125 186 1252 243 2401 208 1757 103 1341 50 1280 79 339 14 698 59 701 186 18 243 1503 198 2382 192 1060 75 693 180 1673 214 2083 165 2214 39 948 140 2373 168 1453 37 723 41 1268 227 702 160 184 34 1133 10 1924 236 2182 162 1933 242 2139 126 1127 122 1373 149 913 5 1339
43 35 149 244 260 245 2351 148 1676 19 1645 99 605 191 539 204 2405 118 463 61 982 8 686 38 175 10 709 53 290 137 1777 40 1492 242 2157 161 1255 61 15 102 1215 33 2442 189 1733 215 585 59 1965 203 1973 53 523 85 2033 4 1349 54 739 114 2189 130 2331 24 2224 92 1550 234 1049 34 2351 177 2258
44 35 2881 149 470 177 1570 229 444 96 1007 37 1938 197 387 34 2059 74 1539 200 1346 135 1216 32 96 34 1421 123 2262 82 1768 99 452 17 872 141 2260 155 308 175 463 155 717 39 2366 162 1746 249 1684 157 2019 152 1444 190 1200 223 240 91 1731 181 2324 115 2022 142 1480 210 1045 20 1571 112 898 143 2209
45 35 2485 195 1021 197 1532 203 1413 173 310 227 519 128 2036 228 1020 200 328 226 1361 176 616 130 1412 108 37 127 866 180 2384 132 56 111 2228 197 293 184 843 196 2422 121 696 138 899 178 1309 75 746 41 103 233 953 235 1262 203 1922 243 7 140 1658 42 251 174 370 190 1076 197 565 11 366 96 518
46 35 93 20 1616 31 2209 182 35 100 1001 204 1396 137 776 221 1005 25 650 117 1407 120 1537 195 334 115 967 59 774 115 1502 164 1000 58 1750 108 289 50 1528 106 1394 68 1147 140 2059 39 2113 89 2387 1 1555 240 1127 20 206 219 644 147 167 227 1003 169 1423 201 1152 32 1975 71 753 101 238 35 2376
47 35 521 21 1620 48 1296 173 2255 217 1920 181 809 80 400 29 2279 8 1149 175 2180 183 541 86 1225 103 1610 58 692 166 1711 119 1586 171 1776 187 430 82 1061 164 628 122 957 89 2390 62 694 240 713 118 796 197 1599 18 988 201 1186 186 1734 62 6 150 1900 31 1963 127 773 154 577 238 1820 133 919
48 35 2374 168 1524 48 2446 244 2164 11 2098 143 2261 248 1737 72 1933 199 2000 228 776 36 1171 166 322 185 1590 14 354 199 1898 183 282 45 1979 22 2498 21 283 66 106 77 898 208 684 15 1644 168 1517 239 1942 2 1235 45 596 247 1972 103 559 115 917 29 595 88 6 32 110 187 66 65 91 16 1959
49 35 913 235 1444 71 2499 13 992 217 764 145 1083 167 1213 107 1482 60 1915 241 1774 77 120 31 718 200 2013 232 1744 152 1694 206 1868 39 2024 195 798 55 592 130 1375 41 511 126 110 163 1725 63 1375 68 620 9 1426 51 408 195 788 189 1000 238 2490 110 2437 174 221 229 1912 82 960 215 2289 215 1821
50 35 4418 13 1650 239 693 80 2095 50 24 192 857 20 509 142 1820 206 1119 142 768 129 878 190 1899 48 1554 93 1534 84 439 195 1014 226 2255 175 2433 73 2050 190 1814 112 1783 246 233 233 589 132 2004 150 507 210 1681 83 2296 196 1588 228 275 37 1698 28 1161 202 703 242 1995 15 1783 219 1305 204 1460
51 35 1224 242 1740 240 1586 26 1137 169 536 215 187 40 2232 82 211 246 2300 19 2342 109 1754 150 206 165 1594 161 1343 127 273 128 2153 180 1245 219 1078 27 1426 217 1266 217 2359 148 726 95 1322 205 1337 45 1906 139 1445 183 2010 114 1839 39 146 192 2008 62 1272 1 1708 192 422 170 119 8 2078 228 2376
52 35 535 12 419 2 2067 21 1153 105 1564 185 394 210 65 187 2247 147 498 65 1609 70 1140 106 192 134 925 26 1800 213 519 64 1035 101 937 51 1187 136 1613 188 1560 89 501 42 790 202 1545 35 1087 17 1211 229 652 28 2072 60 1263 14 134 240 599 60 400 167 801 237 233 119 458 177 541 226 528
53 35 1100 152 2117 75 948 227 2070 237 1506 73 369 215 383 201 1155 75 2247 150 1654 27 2034 207 1781 226 1777 83 148 58 1579 235 1737 92 1997 39 1970 224 2190 134 211 150 1207 197 2104 37 1414 188 1631 108 1101 221 509 241 1025 47 376 200 2173 115 2120 184 1487 118 1683 187 2424 20 1103 107 479 143 346
54 35 759 236 1018 137 983 153 2319 72 1746 74 1763 244 2209 69 2177 108 2179 233 23 1 2346 100 808 154 2373 241 2114 59 1579 156 472 167 1927 203 1856 244 368 99 941 249 944 180 498 128 2272 65 683 98 1659 17 161 166 2445 143 290 229 2448 179 57 183 1871 47 2001 212 589 55 2381 200 23 134 2246
55 35 1977 153 679 203 1291 175 593 93 1118 114 2007 163 2205 5 2351 225 1403 200 156 154 402 80 460 12 390 218 2334 152 820 128 1722 76 128 66 339 72 2285 22 804 147 1493 187 1160 236 678 200 1278 112 1588 57 449 156 1764 209 1220 118 1498 167 121 193 184 240 2093 149 572 42 1673 106 789 40 2415
56 35 567 109 2494 133 1029 9 658 59 247 71 1959 193 549 190 1142 145 2492 76 863 196 2332 205 921 124 1469 68 2234 5 2194 202 2036 101 2322 152 1833 43 211 132 942 226 1396 171 2202 134 1192 230 258 192 1749 196 114 150 1990 46 682 193 655 70 1293 187 627 226 220 153 2221 101 1778 90 1754 20 883
57 35 4596 204 1360 247 745 19 855 171 1846 13 1718 212 149 216 251 154 251 134 636 75 2190 199 1159 119 1620 205 1114 167 264 159 195 159 2432 57 634 32 192 119 617 227 1560 206 1640 174 897 212 2383 116 2064 178 2017 101 2463 14 1359 180 2199 224 1651 165 1827 42 1052 58 2027 126 1576 153 1374 11 311
58 35 1361 1 474 33 2175 184 2005 73 52 228 2130 74 1534 95 386 99 1550 3 1248 109 1523 93 1873 110 1810 46 1568 237 2048 67 1430 244 1734 63 2500 94 1332 114 118 231 304 126 451 25 1234 87 134 202 1951 206 296 215 1120 41 1610 192 1546 245 999 182 688 118 1700 155 2086 98 2344 59 575 37 935
59 35 2631 99 1214 12 1389 135 2002 93 1895 9 2300 20 198 28 2235 80 2084 133 163 219 247 226 1897 45 2063 171 2179 242 828 77 430 142 793 26 2320 235 54 13 2207 91 1829 160 1628 67 1220 240 384 19 1256 74 420 208 358 92 568 213 446 62 1640 75 922 224 710 49 750 125 468 146 1976 212 1422
60 35 1447 204 464 21 418 50 985 228 720 92 1398 81 2292 29 1532 139 219 153 241 125 1967 86 1715 211 883 111 326 214 237 17 692 177 1920 32 2258 218 645 113 221 130 853 72 1061 75 1020 81 2099 93 1227 29 826 165 1734 12 889 193 993 33 169 194 2250 232 2257 35 165 42 1539 214 350 140 1262
61 35 4169 156 297 142 2292 215 1625 92 1894 200 1281 91 2217 21 2444 238 541 13 1856 18 273 24 1381 237 279 72 893 102 2346 162 634 206 590 19 1997 236 1881 145 1371 179 543 135 1376 195 117 96 2413 156 911 90 1575 98 2357 159 937 143 448 67 1095 118 1915 163 2216 85 279 33 1378 159 1894 205 1441
62 35 1379 3 215 160 1122 134 223 23 739 24 512 38 1078 141 2089 164 2488 189 1309 173 443 211 212 53 168 48 871 54 1192 215 360 213 400 230 320 40 2125 44 1310 65 363 30 2035 54 443 107 683 22 2015 95 1018 60 964 64 1585 230 192 75 1965 177 1389 244 1449 66 2078 36 1705 30 2021 154 221
63 35 3070 179 1957 249 946 115 1400 16 1058 51 643 54 1451 203 2160 226 1188 151 467 195 776 196 1930 161 200 142 1554 23 1081 2 159 20 1182 42 306 201 1507 112 2218 17 2164 53 75 107 1513 159 425 220 1546 191 258 146 1297 132 2362 173 25 18 517 87 539 207 860 18 898 163 2042 59 1486 143 1435
64 35 962 235 574 161 478 233 2254 133 2145 47 1324 59 211 204 2391 173 1862 210 546 10 1050 144 1185 88 1452 34 525 233 937 116 2497 66 2094 69 2463 23 193 183 2408 214 1912 138 1521 113 1531 106 682 202 973 31 1151 166 2315 161 964 87 1607 224 2048 162 1724 169 525 175 1363 26 843 176 623 66 2459
65 35 1461 116 238 83 1194 34 999 34 934 146 1885 91 1961 162 2333 77 2156 171 915 99 2418 243 1446 127 324 19 2137 242 1127 158 284 61 693 2 442 213 2115 66 1711 230 348 117 723 25 2301 187 127 236 250 34 238 132 2466 163 1640 10 447 82 891 21 859 101 2290 198 777 245 2315 97 34 120 1015
66 35 4460 182 279 21 826 2 426 27 718 139 978 75 411 153 1923 168 1190 117 1484 240 736 171 590 87 298 79 714 250 288 147 2219 54 1966 196 251 208 1824 114 668 93 470 143 2193 135 1349 212 1056 212 1526 139 1115 86 739 59 899 65 1784 96 2369 82 1889 102 545 128 1647 167 77 229 81 142 2336
67 35 1416 46 1241 110 1072 44 1895 246 2235 63 1216 139 441 244 108 103 610 17 1866 66 810 211 617 131 2423 128 816 198 2182 96 2478 129 2039 43 2465 26 1339 53 1759 102 1822 114 323 101 2475 248 2193 105 1569 204 1107 109 377 175 1525 236 501 76 2361 246 2441 130 364 15 40 43 470 244 509 133 2213
68 35 348 133 1925 144 782 168 1906 118 862 205 123 12 1709 119 1542 67 1370 98 349 116 1456 4 2286 173 980 161 359 71 61 2 784 9 2000 192 1722 220 2014 191 2372 21 365 80 1444 142 2272 158 175 200 186 135 353 245 1622 43 1262 100 59 198 2105 5 2002 145 796 70 836 71 1211 181 2228 196 736
69 35 3370 233 1220 146 2395 34 294 38 1787 191 92 242 1092 167 1717 219 243 57 1234 9 1664 26 849 158 1384 155 1435 156 1998 59 1829 237 1997 65 1491 190 1221 10 66 210 2024 14 761 115 873 88 1000 100 754 164 1788 8 1140 129 236 176 1992 13 277 143 2290 131 150 51 2465 133 1482 238 941 170 680
70 35 3383 63 205 164 2296 79 491 245 1702 155 1083 3 2178 217 1802 10 595 113 1302 119 284 244 2139 171 985 168 240 203 2135 13 504 194 2004 92 611 183 433 17 591 148 791 136 1899 214 1546 35 1376 184 2411 167 276 81 1460 162 945 27 400 231 529 181 1547 188 288 138 612 228 1616 67 485 123 116
71 35 2504 215 1173 209 1070 225 214 153 361 209 2228 243 1767 73 1019 132 447 129 562 21 2403 105 159 223 1645 164 2419 231 515 208 2280 25 1505 55 1036 17 2402 240 1875 230 710 153 1211 150 2392 111 1762 208 1229 34 156 129 709 148 2082 248 2482 32 807 81 242 240 1116 204 2175 210 596 121 2165 55 2103
72 35 195 171 1307 138 1898 6 1886 118 765 11 546 114 501 121 228 154 1440 89 992 215 1114 170 1261 161 2253 125 1488 229 1165 110 328 140 1726 81 1632 126 1291 238 2376 217 2383 190 2482 71 2326 241 2472 49 155 41 1655 13 1275 101 75 101 88 232 1515 221 2486 36 1669 53 1022 19 382 27 1857 37 335
73 35 618 11 2383 192 118 246 744 162 554 41 1196 52 617 65 2337 216 1542 33 1859 101 260 19 200 230 2463 40 738 147 804 28 186 231 1577 14 714 22 574 250 455 151 2226 16 1050 223 1688 116 2406 60 2021 136 1244 234 1718 192 1797 206 723 229 2296 12 2412 128 1238 212 817 196 2230 98 665 92 2027
74 35 1285 194 1018 90 1262 68 44 164 237 96 1894 90 2150 141 2412 123 401 186 1193 24 1124 122 31 5 1651 11 2467 130 590 100 1361 213 2355 70 1529 200 1624 79 672 240 1224 30 853 40 2215 232 1354 171 383 226 1372 157 1757 22 760 208 1698 121 1058 245 928 133 673 202 2374 89 2265 28 1915 13 1076
75 35 3179 139 66 39 1766 193 991 123 2052 185 2481 28 141 174 130 3 971 22 831 193 1550 157 2273 173 398 149 2088 12 2419 6 57 161 1308 79 1449 184 1705 60 506 242 359 91 2238 190 1350 227 693 29 1437 74 2128 10 802 101 669 41 457 119 925 27 572 216 2379 66 850 177 1 235 26 129 695
76 35 1856 136 304 19 1373 47 659 237 1310 51 1740 226 1996 235 369 21 1727 244 961 211 2425 121 1573 209 385 244 506 40 729 97 2050 104 75 82 276 180 442 69 1909 112 976 46 572 248 960 133 1806 62 2251 101 1681 234 603 128 1443 60 2329 13 1170 165 111 142 2233 6 1329 95 1001 189 1780 161 1327
77 35 3221 204 1724 117 2392 28 112 36 1971 37 1131 92 1884 224 1058 157 548 117 1477 211 1910 66 989 180 383 194 1932 126 679 161 425 199 1555 128 817 182 2102 201 2414 166 73 47 195 133 1386 148 498 52 921 37 2181 171 274 43 2364 125 2052 248 1709 31 1580 178 426 26 736 226 1029 18 1550 28 1322
78 35 1959 186 2207 99 1481 69 439 192 2131 192 2476 35 1937 155 76 84 1288 140 1305 13 397 243 448 83 586 81 834 134 2375 29 948 6 206 36 1274 96 728 183 373 36 1761 113 2291 18 1227 27 1558 122 374 93 1477 192 1702 27 2447 91 1647 132 200 231 1408 61 2055 99 2086 134 799 33 2140 249 1630
79 35 333 76 941 125 1104 215 593 147 1271 228 1567 51 87 11 1918 156 1614 22 1871 118 2 29 1890 206 2497 123 2482 188 19 134 2170 35 359 90 444 45 968 33 886 145 2073 233 1489 230 1221 170 623 248 2423 143 2026 58 1442 122 1887 40 1318 149 1802 200 846 35 1630 228 1079 206 2209 238 2002 66 1229
80 35 1625 76 500 52 1442 210 112 132 1516 222 930 223 1585 220 353 48 1827 45 1960 16 1283 68 2116 18 37 15 459 169 1888 91 933 97 1226 125 1538 126 956 131 674 245 726 56 984 241 922 62 2061 235 1240 218 332 116 2400 82 1036 49 1818 221 1299 114 892 55 1532 180 359 47 831 110 1714 39 1124
81 35 1250 72 2226 129 1907 110 778 58 2285 16 50 64 2388 194 636 109 2420 145 108 224 709 41 2089 162 1468 125 1546 138 1680 108 626 249 627 194 1195 87 2017 50 594 60 1711 19 350 98 469 92 1293 37 62 159 438 195 1410 73 1046 86 1244 123 2268 26 418 212 592 59 1369 57 333 149 1400 28 510
82 35 791 114 1055 166 334 18 2455 220 1163 92 1473 82 1758 62 811 185 631 158 873 186 2174 53 1756 240 1994 199 1676 42 1005 136 207 183 196 180 1234 89 1146 196 124 250 292 111 322 23 1596 210 689 135 2398 177 2438 14 1815 236 40 159 1957 171 2431 143 232 161 2300 95 1396 46 2078 151 1943 172 423
83 35 793 26 887 47 147 176 2004 211 1493 242 2066 77 1930 164 2170 211 710 125 1921 79 1519 109 1010 236 1798 202 63 64 1168 160 736 136 778 78 1214 56 2010 232 2110 248 810 213 1321 13 1833 31 1633 141 2068 139 54 78 551 52 2305 16 1494 5 81 144 2498 80 1022 116 2059 43 1166 232 2417 145 957
84 35 2644 86 165 168 699 113 230 110 2217 30 1562 40 851 4 1875 232 768 41 1550 66 1564 124 2296 127 2375 68 1411 237 1368 244 1015 207 421 212 344 87 2086 57 1148 98 1133 127 2170 179 1325 134 2365 122 792 74 1098 25 1998 24 506 143 660 82 1746 68 401 150 934 203 2334 140 11 8 1485 10 1479
85 35 900 248 279 183 1642 74 2464 142 1248 119 391 177 2447 81 1836 39 697 14 1665 145 1423 150 1239 6 345 14 1337 224 1373 95 943 177 1348 22 2042 162 450 196 877 238 297 92 225 42 1714 19 432 232 1791 48 2319 42 1533 36 534 117 1124 79 2497 189 1332 43 173 16 2326 205 712 13 204 144 1421
86 35 193 107 131 81 2003 250 658 92 98 31 1707 121 86 147 844 146 6 60 1910 119 300 246 169 16 660 26 1481 53 1850 39 2169 125 735 191 2360 195 2171 197 1008 114 1512 123 1049 240 1980 29 351 171 1047 7 1432 145 975 18 1647 158 1731 129 704 162 2354 89 1547 75 1208 194 1250 62 242 214 966
87 35 3716 51 2144 218 366 155 951 203 105 181 1675 39 232 10 1974 25 444 64 2367 67 1196 90 462 236 2439 76 442 193 2069 66 1773 53 234 202 2227 210 1446 184 226 205 287 57 1090 101 1054 223 2371 81 963 223 175 51 1890 120 1244 36 670 160 561 115 1127 84 2234 165 93 192 1419 106 2371 10 1637
88 35 349 14 1335 130 1148 60 2032 11 1928 229 2258 52 1352 199 1661 228 1295 56 1877 21 1037 234 1734 223 1622 104 200 19 1893 243 136 212 1253 218 1155 225 1420 137 1527 211 1265 159 431 88 1398 108 1448 50 405 2 1001 109 1648 220 536 4 974 121 2082 247 481 129 1249 201 942 52 1122 131 274 125 740
89 35 3113 174 1670 41 673 160 346 226 1222 31 1444 175 2298 88 597 169 670 108 1885 143 103 115 453 1 1716 34 384 51 1248 143 255 158 1255 182 1908 81 2070 241 1671 47 1896 246 315 10 1589 233 1351 110 428 178 2473 61 2081 202 249 159 595 58 2401 114 641 158 1001 166 409 44 2004 55 82 113 2223
90 35 1406 136 859 68 1194 210 55 97 393 81 2005 150 699 33 1617 30 3 112 1923 220 1363 70 2499 4 1388 9 415 73 1292 94 2192 16 2241 143 1509 229 1407 151 925 91 207 16 1775 48 1102 167 212 218 624 199 1236 180 1116 236 603 187 1280 130 2321 2 867 114 1724 191 1694 8 2131 147 1390 249 936
91 35 272 43 2162 10 109 15 254 1 2230 123 447 161 28 224 529 40 1285 126 484 151 543 139 388 110 175 144 594 90 2425 242 1736 198 853 244 753 174 2079 38 35 87 1298 91 1588 57 424 204 2089 240 1670 13 2132 3 78 235 705 45 2351 110 1226 25 845 30 1900 115 1367 50 870 11 1186 26 672
92 35 2187 57 2439 75 1220 34 781 155 2438 216 1078 144 2450 10 1848 238 709 94 564 8 432 150 669 224 184 195 692 103 492 153 2047 70 2412 44 1038 3 2103 139 1205 123 1529 225 924 221 882 219 1196 132 328 17 1869 80 1656 206 2025 132 165 249 2355 69 2490 8 2254 154 2162 50 639 131 435 217 2360
93 35 1884 163 1169 196 1149 171 1420 217 357 92 765 116 561 243 649 124 10 187 1962 89 2250 35 1903 82 1693 62 1903 93 1344 39 2118 34 387 132 2193 206 1588 39 660 225 948 88 2418 179 1268 120 1412 90 1202 131 1042 181 2256 189 86 245 1752 76 354 67 277 95 2308 177 1775 225 1335 152 1034 38 73
94 35 1414 116 2053 198 1405 126 773 166 2235 211 1197 59 1399 224 508 102 1487 99 2417 177 1910 219 1287 25 2107 196 252 63 2077 230 1718 198 832 189 217 15 1170 235 2403 196 1470 195 509 233 583 222 896 183 1419 250 946 49 2110 49 348 204 1717 202 2124 34 32 69 1161 126 1568 221 528 131 1434 34 1075
95 35 894 10 2489 123 1776 233 2330 192 1000 163 200 25 1073 26 571 12 603 175 1718 153 706 159 1799 30 1444 177 1428 6 300 78 2435 86 2102 200 227 117 87 118 1869 198 664 89 1786 250 2003 37 479 52 1332 56 299 99 2039 69 3 20 2048 240 1590 166 807 230 1971 84 11 58 677 77 2143 14 948
96 35 525 102 1986 184 549 144 1987 236 378 4 1190 87 498 50 149 67 53 165 1756 231 326 35 576 192 55 241 2450 161 338 111 742 113 2026 173 148 127 1776 204 695 2 1032 132 247 213 1675 110 1889 58 2167 96 2489 220 1169 24 1628 231 1023 106 2312 154 1596 82 1258 56 986 150 1658 43 1794 113 14
97 35 2208 116 1116 220 1800 11 352 108 526 95 1417 173 1822 26 754 194 2344 246 1242 247 1534 171 764 118 174 225 1674 22 1530 207 1804 95 2318 67 568 239 1563 3 2483 113 1787 64 278 232 1339 182 2439 19 2072 120 971 178 1586 45 2106 230 36 217 2046 122 1274 218 217 97 150 30 1786 51 2473 240 184
98 35 273 193 2000 168 2296 67 178 168 779 41 999 194 1571 62 154 193 2077 134 403 115 419 6 688 202 1564 146 806 67 760 239 500 178 2498 205 377 62 680 158 904 25 2103 236 240 217 1720 86 1934 40 2393 206 1478 230 2252 86 896 59 1657 14 2231 243 1213 103 1540 181 1112 77 1753 193 347 34 1420
99 35 2191 111 1591 158 2223 130 1993 128 784 139 1715 63 825 197 797 18 2112 218 537 130 1926 137 2248 46 2116 134 600 225 1667 136 1471 124 2123 33 1899 41 1414 7 1128 128 370 44 2338 57 1287 131 2135 81 2214 15 987 246 1677 230 314 27 42 146 64 166 958 221 43 27 2413 79 580 48 2277 187 705
100 35 2510 85 874 97 1678 62 1034 183 2049 15 913 201 385 223 646 43 1645 203 1056 41 243 198 500 190 560 70 616 214 2335 141 1974 199 1510 18 645 158 58 56 1974 95 545 229 1554 29 827 94 2265 104 1423 43 1130 1 2123 21 1113 191 1771 49 1501 9 2251 176 1621 75 2438 224 2218 152 427 245 2138
101 35 671 140 1488 142 1595 132 1684 18 1743 139 878 82 2499 8 849 100 1381 151 1779 230 2393 52 2122 50 794 61 1087 233 2093 4 155 103 171 159 834 92 517 182 527 141 1400 40 462 41 1785 72 619 64 426 142 488 36 187 6 2324 196 1345 31 2360 35 2203 108 1905 47 515 175 1545 187 326 27 2364
102 35 40 30 180 25 2109 36 2093 227 1364 83 1932 80 1952 231 1426 161 1610 154 2125 133 1769 154 1410 50 753 6 480 46 1342 104 2287 222 2363 109 1410 16 376 29 1393 82 2489 39 825 101 2463 84 1871 39 1349 138 2067 165 1819 70 1324 246 1636 58 2085 165 540 240 49 248 1555 32 43 152 2243 223 506
103 35 3417 222 1809 86 705 200 1646 42 169 47 2313 240 1697 28 707 26 1536 61 508 174 965 195 2491 235 890 103 929 150 201 129 1090 188 2168 176 1883 186 1788 86 879 1 2412 5 619 103 1031 82 279 192 1024 216 546 113 459 22 871 99 53 85 681 33 1345 111 2346 119 2442 84 910 199 2150 248 106
104 35 2094 21 1458 213 551 2 441 3 727 100 548 94 326 173 1444 201 1071 206 1250 64 370 19 185 211 1599 250 692 70 1200 230 1681 122 230 17 54 93 1867 121 1366 36 2345 175 1298 34 156 30 602 94 1595 222 950 208 212 210 39 45 776 156 224 136 2365 76 1316 248 1970 210 357 23 325 51 1901
105 35 205 148 311 121 212 225 374 50 1588 121 1563 188 2247 115 1709 221 862 62 1536 52 2185 158 1509 204 759 6 872 195 1430 211 1670 47 103 197 1179 55 346 70 1584 2 247 188 323 64 700 224 1522 111 2493 192 2368 103 68 81 1746 45 929 98 2394 129 1275 224 526 152 490 110 1767 174 313 229 1342
106 35 2523 184 145 69 1934 112 1560 153 1311 195 815 231 743 17 1292 204 194 89 190 98 770 118 181 40 1032 155 2151 140 1151 190 943 184 1301 245 384 41 1181 124 933 45 1029 91 1092 117 1099 47 1630 11 585 36 369 53 687 168 2143 244 1439 53 1452 95 246 224 1609 127 2439 33 1521 166 101 145 1331
107 35 2162 243 2412 188 197 65 1645 114 2011 62 2463 125 238 19 309 18 827 72 2319 59 1112 231 2156 95 2128 116 175 29 234 63 1348 105 1049 166 257 173 1704 98 755 110 1908 196 1262 69 2233 244 730 187 983 19 1030 239 1502 16 250 226 123 39 580 147 66 82 65 120 83 202 404 132 488 247 113
108 35 1069 209 2372 132 1141 194 132 123 2257 32 2055 92 2340 5 2221 197 2441 68 1810 66 2296 5 1746 63 915 241 2457 19 1579 173 1059 226 1319 66 349 4 1107 191 1132 245 2049 54 1887 53 1383 69 1368 215 152 70 2333 178 2074 105 854 195 364 214 1752 52 935 79 502 92 902 150 545 192 199 149 633
109 35 2379 126 2154 181 2249 205 905 115 2032 68 1315 134 1395 201 253 214 171 70 939 111 2269 22 1783 176 1617 125 1587 54 1029 54 1901 230 512 206 467 32 586 168 754 227 1243 153 29 197 790 178 440 20 424 216 1119 200 1420 192 656 138 1228 84 1138 102 2293 167 187 219 1743 75 2115 2 848 169 221
110 35 946 64 647 117 36 205 2332 31 1452 44 2187 209 1499 177 2500 39 1554 162 298 36 875 65 462 80 1933 130 329 18 857 161 355 99 1472 140 2088 196 363 11 1336 110 1122 224 2309 80 190 165 1302 233 1090 53 1995 108 1674 248 1536 149 1386 37 1342 209 1295 195 2418 110 100 154 437 107 1357 150 893
111 35 3349 62 1237 150 2081 145 469 124 1822 21 2111 182 673 31 347 165 508 234 236 51 752 16 184 167 740 197 82 9 971 80 1273 186 436 190 1800 146 37 154 165 104 130 235 1117 159 1901 96 611 109 2146 128 1862 79 1003 58 1003 204 1339 113 2085 204 904 195 1738 110 548 207 1621 178 580 71 1205
112 35 1084 132 661 193 2395 96 345 112 1198 194 2418 52 2070 190 2078 123 1589 124 915 211 2176 148 935 230 1367 16 1485 184 1232 142 1758 19 1011 126 2077 211 236 216 896 39 1609 10 2398 124 1518 188 290 50 943 7 1813 13 305 233 1976 157 2398 66 694 174 515 225 551 95 1468 151 1379 116 454 85 353
113 35 2165 4 1151 84 504 10 759 230 339 93 1501 44 268 246 1305 109 2466 57 1142 100 1036 54 2067 103 1439 20 182 67 1039 69 626 148 1960 135 168 226 949 227 623 215 627 230 2260 133 1807 220 2403 106 176 155 1301 146 773 146 2220 161 186 117 1986 44 1061 36 1166 154 2403 115 319 12 1937 42 1110
114 35 3371 212 336 56 3 52 713 94 989 75 1784 169 914 230 1720 30 2492 76 571 99 1426 92 2051 215 561 161 940 42 1523 118 1174 52 708 242 363 91 2467 41 2336 221 1270 206 1175 176 885 187 1281 114 2036 153 294 65 16 122 2018 127 1527 173 2022 202 599 146 1712 107 1565 30 775 122 2084 24 862
115 35 2518 40 1393 233 1053 222 2002 16 959 142 426 77 2047 217 162 191 1265 186 2041 183 1735 79 1190 9 854 162 179 183 66 245 1832 141 2320 35 1044 177 1544 195 1753 204 1172 9 1903 6 1061 209 878 155 701 23 1130 162 1968 247 623 188 929 111 2016 129 996 175 1419 148 2306 94 1573 16 278 50 1698
116 35 1657 159 698 179 1677 29 573 125 1060 117 882 77 555 92 530 219 2358 232 2244 53 1229 116 1188 41 2232 6 1848 140 1628 54 1892 206 1115 136 726 89 1295 76 267 138 2351 121 1054 85 1144 36 834 28 1972 15 1081 195 267 155 476 101 421 107 2012 114 2369 200 1231 158 1788 38 1770 229 1432 125 858
117 35 2945 167 135 50 1228 121 772 128 2353 193 2466 44 2281 89 171 107 508 121 2405 198 2308 236 1557 77 838 222 880 57 1200 179 2064 114 2490 191 2335 246 1414 214 964 14 2381 55 745 134 1706 203 275 64 1580 138 1134 37 891 143 1757 176 1648 70 1919 234 1727 206 1250 148 274 37 1069 76 2066 4 643
118 35 2217 54 1659 206 2248 138 1734 139 379 66 1094 177 636 170 1419 123 435 151 1399 97 1165 31 1842 80 1811 19 1030 233 2402 18 1540 205 1506 85 995 221 1424 230 1142 63 809 114 2141 81 587 56 2135 43 2099 16 2007 81 754 140 870 165 1163 10 2005 240 1323 238 61 246 248 1 2091 111 119 243 1634
119 35 2944 201 1103 100 950 221 1988 18 1268 127 100 242 894 14 594 192 534 198 1349 220 724 227 1658 224 2047 146 2419 23 2068 149 1468 136 609 147 1869 18 358 88 653 242 1866 46 254 133 877 154 1586 123 1723 235 1389 12 677 222 2223 13 1730 226 55 29 1979 230 1409 204 278 43 436 49 2326 181 1698
120 35 164 34 2486 91 1814 225 2240 208 1474 82 219 187 1638 101 2084 64 2295 20 1695 216 322 214 1692 140 82 28 2044 31 2289 183 270 187 1999 39 689 234 1891 13 2360 11 1703 109 1521 125 1390 9 1615 243 704 110 1368 72 1115 160 155 7 2443 198 532 167 2408 6 1006 176 459 21 2074 126 669 48 1528
121 35 2319 45 565 200 905 113 1095 65 490 204 297 195 491 175 2231 225 1144 138 1381 21 2323 170 81 8 1449 229 1792 198 345 245 491 175 1248 93 319 109 2325 244 1727 115 1528 99 594 108 2347 125 262 43 696 179 859 86 1362 160 1464 8 1031 4 2041 135 3 43 895 202 15 213 1052 218 1632 61 2376
122 35 379 174 2064 28 1686 162 1880 65 1471 114 295 4 9 70 2178 74 15 180 1651 197 2121 240 2333 198 54 11 2150 172 148 141 584 13 1144 5 2304 157 2354 160 1387 61 1972 226 2093 68 527 179 1884 247 1085 249 251 172 1421 107 2241 52 159 2 644 70 1339 77 1483 72 2443 87 1387 44 2122 64 2295
123 35 4004 248 2458 167 163 164 2219 151 1370 48 2472 152 1827 20 2380 50 963 211 2092 171 40 61 1157 11 1045 31 357 1 259 82 1724 169 2172 30 443 64 938 16 2219 215 1567 83 851 27 1082 223 758 173 962 238 1217 128 1263 161 2427 169 771 90 2333 87 1780 245 170 61 2452 25 1658 172 2302 102 433
124 35 2653 85 2317 120 1519 143 2279 157 826 133 601 225 1843 55 2257 21 1003 149 1689 155 700 201 792 84 69 166 711 162 1293 59 864 148 990 77 1098 69 1950 210 609 99 1146 134 350 242 809 166 892 58 1288 40 932 44 76 228 1256 54 470 24 73 4 1713 203 291 148 1006 22 404 240 539 192 529
125 35 1233 96 1192 244 2273 97 795 38 1950 90 1192 185 244 157 1028 194 1558 110 374 220 93 54 942 108 263 93 2395 91 1857 249 1447 47 797 67 180 113 157 27 2249 48 2100 78 17 213 1367 194 1448 53 448 187 488 208 998 227 1028 85 1254 188 1108 187 1720 140 2185 143 1957 93 800 227 1136 52 2139
126 35 2068 63 24 179 42 154 1249 222 5 26 285 147 1539 1 1030 142 671 187 2333 229 89 119 1385 63 722 73 1581 1 1966 27 1153 165 1527 131 1542 202 1919 173 626 203 286 241 439 226 1075 96 1786 133 1206 155 1307 159 1089 204 297 134 1040 139 548 209 1496 126 2071 52 659 187 141 115 1230 88 169
127 35 317 203 103 169 2271 37 696 202 1155 128 74 172 1295 178 420 148 575 110 818 162 227 51 2043 34 1303 217 431 130 160 54 1822 108 364 124 714 205 420 83 1020 233 1117 135 1543 122 1979 149 1507 240 598 185 1807 129 942 181 2460 238 906 193 1605 77 659 146 1288 100 1894 110 1783 171 8 170 1293
128 35 2354 165 2454 199 136 34 1214 230 886 113 2471 65 1055 162 323 198 1381 81 821 171 397 3 1003 249 114 204 1445 18 2497 62 59 87 578 228 486 194 2374 227 793 226 1708 128 362 47 290 129 1819 1 1559 188 2286 161 805 247 1373 177 652 207 2259 129 129 169 447 72 489 114 1677 159 1263 129 532
129 35 3059 108 79 192 188 153 2386 191 931 161 2 100 2008 247 2329 81 1926 173 1761 74 1188 112 2290 101 2391 34 1804 189 2036 51 1860 121 1850 105 1428 203 2074 29 1261 5 1895 3 1912 249 2160 126 790 244 693 63 2353 210 1685 104 1515 66 2310 221 2412 112 1784 25 2019 60 837 186 2170 181 1668 208 1150
130 35 4163 208 1436 89 501 212 1901 219 1253 74 381 129 1444 189 911 98 1435 51 181 137 138 153 2456 167 69 87 163 171 1606 106 1415 244 1665 199 10 87 403 208 1056 104 115 211 1867 157 1069 155 151 134 355 29 449 31 1494 129 1544 78 669 214 1748 165 509 22 1494 202 1583 211 2142 150 2272 86 680
131 35 2321 3 480 90 862 42 744 8 2485 180 1209 123 208 38 101 199 4 107 1437 103 1947 12 69 131 1649 62 2079 55 1313 143 2458 249 1309 54 1884 57 377 102 1566 241 368 131 2173 57 345 131 1647 155 521 201 1475 150 1952 201 221 246 1711 50 1514 55 2046 100 1614 86 896 126 458 125 949 39 481
132 35 2156 148 1190 141 226 39 309 56 1229 52 284 20 804 8 2202 44 2186 216 2249 43 1333 16 2068 197 2188 88 954 123 328 2 793 187 1368 20 2491 210 518 30 574 149 695 107 2251 125 648 104 1365 180 825 65 97 95 508 92 2240 243 2246 117 2188 131 2094 19 979 92 1156 151 1607 43 1036 69 2394
133 35 1509 87 1423 83 1990 247 1125 155 1221 246 463 40 907 128 1967 219 1854 109 1829 79 1851 4 2070 237 971 93 716 136 259 108 337 123 479 198 1142 201 1981 134 606 118 2391 139 2495 35 2294 189 1389 220 223 80 593 214 1224 80 1247 174 1264 134 1720 131 1564 17 1903 11 1560 167 66 179 1600 165 490
134 35 2363 117 2152 96 433 228 1588 99 1025 82 728 92 2278 156 1405 141 2158 135 374 161 600 177 680 225 1127 130 2339 52 429 61 645 90 1988 67 2160 63 1386 191 2479 96 2008 243 2163 229 1986 228 57 26 32 50 1889 174 2309 98 1759 188 364 11 559 171 2 154 675 86 1722 21 2492 105 1871 244 91
135 35 1946 1 1030 28 144 49 631 118 1291 108 1031 94 262 78 2476 205 245 222 228 184 1901 58 1521 58 85 99 2315 239 1508 212 494 123 1656 188 2401 99 1974 192 58 185 1564 92 1409 206 1867 95 495 205 1491 127 317 3 1914 214 486 94 563 210 2411 204 328 145 1246 153 1771 137 1321 60 1680 178 1604
136 35 4058 34 498 155 1352 169 1049 39 891 178 2149 51 1084 56 1403 126 970 130 2387 77 1219 204 1584 12 636 71 1807 161 238 221 616 133 958 167 2169 177 1551 244 1759 106 750 110 705 141 71 172 641 59 2428 231 310 130 1572 209 1313 22 1802 240 1487 142 1952 22 1280 223 1998 15 185 18 1727 191 63
137 35 717 60 2100 101 1751 13 1397 21 15 133 2041 69 396 212 2349 154 1095 64 2230 155 1914 181 34 233 1615 193 476 131 294 152 1069 222 1477 199 1582 167 105 19 155 39 845 204 871 80 30 125 1538 58 2471 115 2183 16 2448 116 513 69 1598 74 2261 138 60 206 1770 196 139 208 1675 149 2341 178 1284
138 35 591 198 565 95 518 234 94 184 1626 161 1108 80 1088 57 1213 66 2004 122 109 139 1301 32 66 92 1949 193 286 169 2482 205 477 157 1268 149 1656 96 1987 189 985 77 617 92 2083 114 1170 147 70 76 44 130 333 142 2064 2 2038 210 36 235 2343 93 1226 190 2109 98 850 121 2359 224 1480 16 833
139 35 2737 139 1617 127 23 201 965 214 2100 74 1964 55 726 91 763 126 1991 24 1492 247 1162 107 822 194 28 38 2230 54 1567 103 730 18 260 161 263 187 1574 204 2485 246 1688 112 2317 152 424 116 593 144 2244 180 539 24 844 49 324 227 2486 154 938 185 1800 162 554 219 87 146 1030 124 825 228 649
140 35 555 74 2112 54 2392 50 1699 180 1429 44 1923 191 823 216 116 79 984 43 806 17 616 135 1712 4 602 187 736 36 1324 235 692 58 470 40 1397 131 1659 100 1688 163 1945 168 1459 98 1185 111 1957 187 1879 180 155 67 1946 2 2160 4 717 74 2382 98 101 18 1091 193 1431 78 70 124 1178 175 744
141 35 3 183 725 249 1637 95 5 48 2165 144 1884 153 106 5 543 137 1104 1 1674 160 1531 32 1838 111 1504 228 193 249 804 188 1022 133 87 48 440 228 2019 94 1268 196 188 118 2428 85 1440 153 11 43 178 174 324 13 705 58 2177 86 720 71 1321 164 1040 133 2475 48 934 182 827 185 2399 33 2455
142 35 3438 119 876 80 2209 148 1727 60 1338 197 1700 234 535 104 2129 7 1409 172 1268 130 464 244 32 124 2052 70 819 91 1981 173 1772 121 166 128 1209 107 1969 160 1636 126 1414 195 2024 143 2374 64 2021 10 762 246 545 119 2436 206 181 177 806 58 1924 212 188 111 489 1 1088 105 729 10 767 204 751
143 35 2808 239 887 212 1346 2 985 240 2442 158 715 160 3 126 886 220 1309 191 1523 81 1818 221 704 249 1238 207 2485 12 67 143 1379 213 2265 50 49 127 975 161 2030 140 2073 96 1384 127 936 232 1543 112 1057 115 1911 186 1755 161 1937 158 2331 170 2372 26 1921 3 1049 88 1361 70 778 76 994 31 543
144 35 217 192 1638 177 1335 138 2436 60 1554 186 855 108 2354 177 1451 240 375 237 1407 128 342 212 886 184 793 242 138 141 744 126 1763 232 695 90 40 108 2069 20 1996 245 820 84 447 25 699 11 1027 84 28 114 941 213 1172 217 2367 164 452 90 454 52 2357 52 1808 50 1139 181 1424 148 1662 236 1646
145 35 2786 238 402 145 281 135 295 242 2187 118 861 119 547 119 1001 94 1804 220 1846 65 2060 117 1933 5 774 86 660 211 2240 17 1406 77 2411 246 844 61 680 146 575 68 2009 61 1475 245 231 61 2170 32 203 119 1615 206 1753 26 2015 55 2280 113 1089 13 2406 185 1639 220 720 40 608 72 990 217 134
146 35 4157 178 479 244 674 242 1629 187 592 88 1109 233 224 77 964 178 2427 28 2053 175 30 11 814 209 1021 50 698 161 2084 227 307 94 1666 48 2042 234 2310 55 1155 213 384 144 540 70 1082 182 1484 130 1014 153 1740 107 171 231 1925 10 1681 169 846 85 2263 36 1670 164 550 81 1450 40 773 128 174
147 35 4497 128 2032 194 1156 217 2100 212 1789 7 1184 109 1756 24 1724 132 1926 218 239 216 1933 168 172 35 2217 226 1277 138 1386 231 495 165 1469 100 849 86 1614 27 1483 211 1408 203 2048 192 2416 17 46 205 446 193 1187 56 2255 81 310 151 367 1 455 206 2084 41 1929 189 2215 19 1090 183 865 86 1902
148 35 1489 247 1745 136 329 114 1813 108 822 76 1664 186 2171 194 1270 197 25 80 967 137 2249 147 2035 244 808 78 1566 194 1112 204 558 161 954 104 417 127 1039 143 1279 139 1037 225 130 10 1757 241 1615 211 873 249 768 132 158 84 2112 170 1069 153 609 79 430 191 1801 23 2458 108 1845 220 1586 92 2315
149 35 1373 95 738 104 882 115 2423 101 256 203 165 142 517 163 688 8 1214 247 529 1 1510 32 2465 86 1094 230 610 102 1007 224 933 85 568 65 2165 90 1133 200 390 25 314 166 1650 112 1264 44 215 36 635 188 1665 114 1196 154 1153 146 19 21 1631 170 856 136 937 29 95 24 1295 116 1722 87 831
150 35 1534 122 102 239 449 56 224 240 656 138 2239 114 66 47 20 113 2068 102 2066 33 2163 128 643 169 671 90 547 21 96 177 2247 188 1148 192 1798 60 1344 109 71 186 1497 242 1175 155 701 38 1717 84 572 54 1348 51 1360 247 2291 196 677 168 1942 190 1305 239 1733 186 1684 27 980 169 663 196 1536
151 35 783 149 1228 197 324 129 2209 106 1402 191 1262 73 1565 235 1733 123 1899 130 401 13 493 147 2446 155 815 126 1549 209 1632 48 1313 27 256 185 2018 91 977 165 915 162 1094 119 2225 82 1566 61 1235 6 321 196 602 37 1694 11 2300 27 87 44 1901 211 849 8 315 128 1921 226 158 6 470 195 1326
152 35 2624 214 1841 140 633 204 1623 48 54 73 1541 20 733 243 2280 242 226 56 2165 243 649 17 1670 229 1887 48 1840 132 986 99 711 33 1500 241 1953 62 1718 118 230 245 2443 65 1834 98 383 124 2170 87 270 123 1652 32 1646 73 737 225 1739 147 466 241 120 205 421 130 1178 87 274 164 311 56 1934
153 35 231 143 777 103 198 63 189 153 1761 44 2345 128 919 29 2079 48 302 94 325 249 792 100 864 125 2317 49 651 124 2203 13 310 43 2285 125 1748 102 1916 227 2104 187 522 215 2083 57 212 245 1646 102 2074 22 147 138 1393 185 2163 196 1730 168 2287 207 599 145 244 90 2172 147 1315 55 1427 121 1673
154 35 1530 207 483 10 1663 56 2102 67 299 28 1776 110 1691 137 2329 225 1926 243 1581 113 88 144 194 87 2231 197 659 18 595 204 1785 149 1664 175 2047 152 1689 38 505 204 2329 231 2318 43 774 52 1495 92 1907 137 1180 246 542 60 1347 197 1062 219 1031 245 127 53 1811 88 1651 41 727 135 328 217 780
155 35 1982 222 1360 42 448 34 2334 104 1664 109 1409 6 207 241 668 55 1532 90 1248 90 2162 250 1930 160 1406 190 2493 162 1406 65 1570 70 1722 200 2010 228 1598 116 1535 81 1426 121 120 201 1907 91 1671 166 2366 223 1919 205 2304 168 583 4 413 176 348 13 258 14 1452 142 889 208 857 124 1365 20 1546
156 35 2892 103 1046 194 1850 223 1691 210 1763 21 815 86 1572 182 1343 6 556 185 1439 60 570 99 2128 88 1892 181 895 18 1327 74 2096 223 1583 51 775 217 1826 179 1774 227 536 89 779 217 1910 136 2190 100 1528 26 475 140 630 202 538 186 777 243 2339 83 1421 136 97 210 2227 162 468 173 1179 198 1724
157 35 617 20 1719 233 1860 205 1525 122 1636 150 526 14 1390 139 1571 131 673 241 1821 198 1664 219 436 80 2465 53 1428 91 1601 91 1795 197 2426 133 606 67 1710 90 880 27 178 165 1135 63 686 201 862 247 481 222 2133 205 1669 184 2193 195 2380 214 1487 201 755 98 412 169 2068 62 1987 1 1273 60 1021
158 35 2711 222 2081 239 671 130 2330 116 1457 2 479 119 2418 237 1998 69 1345 215 738 13 1920 17 238 246 763 194 1605 28 1080 132 2111 220 2202 17 1534 217 1821 57 1191 112 2030 62 93 181 1918 140 15 198 671 199 1796 129 1631 173 1452 104 259 127 1636 88 1365 168 2181 161 1281 171 2056 214 61 7 668
159 35 1125 91 1440 247 1580 217 1001 173 420 86 2058 94 624 96 1532 4 2431 176 1335 248 1287 39 1312 32 1476 38 2286 123 2193 131 1261 137 2480 15 1657 190 1351 80 977 236 1598 232 526 117 1672 110 2081 175 1247 36 540 83 253 122 2490 57 1764 184 69 245 770 38 186 32 1406 188 159 181 1748 31 1199
160 35 2069 163 1112 50 2339 230 984 53 1770 26 643 159 1365 112 1914 65 1676 199 1591 168 1559 192 1450 184 1433 242 2273 105 1236 17 1190 186 1212 103 2269 231 2112 173 1771 15 2233 209 1039 163 2401 230 1505 34 1208 240 260 211 946 167 357 79 1056 68 1270 65 1620 213 2008 43 1109 191 73 41 2329 187 569
161 35 2586 84 247 210 2083 85 1138 223 375 60 1686 116 264 218 1762 212 2198 31 282 103 122 53 172 105 2297 45 1616 149 367 135 365 136 402 209 935 176 159 13 2353 50 1125 110 1581 82 2067 52 803 35 1150 116 2100 38 1885 102 1408 222 630 144 945 62 2011 26 1972 116 662 47 405 249 1725 242 1983
162 35 1320 121 2245 193 1134 239 1141 167 2127 78 1134 85 2378 191 465 175 236 75 1991 50 454 9 316 22 1239 124 2407 245 248 29 2263 73 178 228 2113 168 2043 33 2394 62 1135 82 2058 234 574 136 2041 4 264 243 375 50 372 143 1625 37 809 53 1335 221 1846 200 2394 111 1330 65 2208 243 1309 63 284
163 35 915 100 756 50 2060 241 818 42 675 166 2299 211 1974 87 69 6 322 133 1905 166 1542 190 2034 26 589 123 1310 111 901 58 971 223 2277 133 243 86 1569 244 317 172 1824 42 2068 1 2011 45 2406 193 1280 108 564 40 864 2 1060 197 1355 91 90 121 568 19 887 25 850 199 911 141 1430 73 19
164 35 1559 151 2418 146 2475 138 2324 141 2455 191 587 121 2314 205 1836 226 400 86 530 36 2442 95 643 95 1818 141 1669 31 39 123 1598 250 973 29 950 140 2373 165 1284 216 1310 4 47 78 236 6 210 189 1673 235 2053 12 2067 190 1592 41 1170 64 2477 135 1825 29 443 42 1886 78 2116 245 273 239 1787
165 35 3820 198 1506 66 1671 190 1984 50 375 160 2272 103 1976 40 21 173 1628 132 1635 101 2266 39 931 150 2124 10 1777 36 1903 147 519 166 2303 92 48 158 166 53 2229 12 1498 199 169 21 135 183 1295 82 294 82 731 183 65 7 459 76 218 6 72 180 224 226 173 224 1710 187 78 232 638 26 1063
166 35 5325 98 1255 146 1581 233 2067 130 2027 81 1447 114 1885 232 826 103 2389 245 1062 124 1714 63 1174 113 254 250 1036 131 22 224 505 218 2155 153 2422 72 744 148 1362 196 943 212 641 92 410 191 96 121 1065 175 1870 236 1306 32 439 144 739 60 1082 131 90 130 1689 169 2171 161 913 207 1268 202 1552
167 35 2402 237 2091 185 231 206 2381 122 314 102 333 115 1674 15 1140 95 649 143 63 39 360 47 417 7 1803 130 1613 146 378 126 773 43 1445 150 7 204 1762 155 1431 46 712 198 567 4 109 68 561 28 2498 240 248 106 651 63 2310 206 1817 73 72 37 1656 116 1065 108 502 163 1933 117 200 228 1917
168 35 337 105 2433 73 1172 204 2056 120 2138 81 1614 147 2170 99 1424 214 2027 225 288 72 1457 217 397 162 238 185 1201 87 1264 241 778 175 2360 166 778 30 941 117 1586 111 1262 189 1988 153 675 71 907 221 1020 5 147 234 913 6 452 81 544 13 1727 71 1998 122 233 96 2278 216 1786 187 1256 53 1056
169 35 872 242 970 228 1787 55 1649 42 495 185 1005 137 513 77 389 120 492 173 587 58 2098 173 2288 209 430 148 1949 217 159 113 97 62 1359 1 1338 51 71 120 1026 158 665 56 1532 121 702 195 900 33 2476 171 1249 144 2339 119 886 21 1143 206 2216 104 669 112 476 204 417 88 1844 242 1205 226 1390
170 35 3211 138 1516 198 1856 164 1689 79 1008 81 1576 125 287 241 2240 155 353 34 396 32 871 235 220 50 2414 69 9 11 2023 12 2443 78 925 1 350 223 747 180 1083 164 1361 190 2466 115 2029 127 2063 118 2442 206 1962 111 1055 149 62 96 619 144 1216 220 1024 190 431 44 671 167 2111 38 1011 194 712
171 35 2365 220 2111 119 1263 194 1251 247 828 63 648 88 1971 169 1814 226 1369 119 462 112 954 115 327 163 2355 194 2125 213 651 19 1832 189 1525 23 1295 218 2217 107 199 182 2297 146 2337 240 1795 60 157 82 262 197 2064 64 2284 113 2107 85 456 198 1472 210 1912 91 1473 109 2301 226 506 192 973 62 466
172 35 1478 232 58 27 1496 33 494 211 1410 103 925 233 2408 146 536 112 670 59 2416 51 1330 135 1368 199 2003 13 1693 238 167 161 832 108 1270 203 545 160 1907 199 697 2 1784 64 2476 20 1719 184 2384 43 1909 93 1414 94 2074 198 2357 191 2424 120 1084 40 1514 9 2465 7 196 168 97 36 46 134 1834
173 35 4012 10 955 95 1596 199 1347 120 1887 202 846 171 1844 141 431 103 2151 106 1221 24 437 78 174 92 1471 215 230 151 1608 218 64 222 2191 108 91 97 1713 154 242 190 2498 180 2452 68 2303 42 5 244 760 197 386 68 952 32 487 29 361 33 604 158 774 99 1263 84 877 124 1912 228 211 76 2109
174 35 1831 39 1915 149 1470 19 383 124 2204 133 1481 203 2226 236 1772 95 778 172 2493 30 1330 13 549 127 352 182 1073 38 1549 150 419 240 172 207 2482 96 560 115 682 155 403 154 1244 180 1029 11 168 64 593 195 171 153 383 211 11 51 96 198 1797 107 1754 72 1757 42 2134 35 1488 100 634 87 511
175 35 4113 11 1237 199 997 154 1779 219 2227 5 1387 62 221 154 596 217 1745 172 352 90 1931 117 2433 75 1351 138 1093 233 1253 20 1037 87 97 22 304 42 1206 250 1131 37 204 99 2356 217 1450 199 1296 142 1801 113 2086 134 1510 215 259 231 32 104 1837 204 1738 66 1666 117 1228 28 887 40 2443 211 852
176 35 3174 124 2341 32 1554 104 1717 195 1609 108 1359 195 1107 17 1080 29 1826 214 362 82 943 140 1156 137 1369 194 1617 135 1908 129 1177 77 43 207 578 90 2356 239 781 52 1473 153 1543 240 345 69 2147 172 1686 50 698 150 1817 78 335 243 1248 164 82 152 525 38 742 115 1858 36 1074 76 68 234 848
177 35 2757 86 2149 247 1583 129 519 195 1754 156 1607 231 2094 184 565 216 2341 130 2391 31 2355 81 971 35 1948 112 1577 36 218 82 1879 33 2497 249 1243 75 1839 241 795 128 1598 151 883 17 976 224 15 115 2192 212 1624 249 137 246 1427 21 786 199 502 118 1911 132 1720 186 1817 175 74 24 101 130 2394
178 35 917 153 263 60 77 84 1239 17 2134 122 2394 209 642 31 1111 179 1114 159 407 211 2364 127 630 37 182 27 1443 197 1358 98 606 31 2291 121 694 250 2009 229 1836 25 552 87 815 85 2462 121 103 106 719 93 2105 130 979 211 797 230 848 140 287 134 2107 120 2490 147 2332 33 2038 32 1072 48 596
179 35 2940 232 616 149 1993 102 1169 71 629 128 891 112 620 106 603 246 1303 127 1465 51 989 83 249 78 1971 56 1610 57 2359 170 2363 102 722 5 1800 141 1325 3 436 142 749 62 751 242 996 241 823 87 709 60 2010 127 1308 245 112 214 199 58 725 186 1202 228 1688 39 2378 155 1374 1 69 183 242
180 35 2955 240 1380 122 1804 126 1156 47 2476 240 331 21 2460 65 727 72 1179 22 749 28 2283 172 2185 150 740 117 2450 154 766 234 1286 21 615 117 1854 127 1834 53 2071 82 834 130 1465 152 762 150 754 180 2238 134 144 47 228 11 778 161 2137 53 2201 29 2493 74 2500 222 664 132 7 232 1514 209 3
181 35 853 184 339 19 1343 216 2336 84 1672 172 2445 210 829 120 1640 136 1397 37 1452 12 710 150 1627 241 2032 237 1540 122 1467 10 1109 180 887 53 1342 8 1483 189 1119 176 578 42 327 167 1765 78 824 246 428 153 561 131 293 127 842 70 2400 167 1722 218 1333 21 1664 49 1747 78 1413 119 1239 76 567
182 35 2384 177 1762 40 222 167 1979 167 918 182 1196 50 575 128 1289 185 602 100 1809 6 1762 2 2046 42 185 17 1152 133 820 94 2219 64 2029 148 1246 60 1475 189 2383 84 2237 200 1641 209 220 180 847 145 881 180 1683 7 530 177 1888 185 234 99 284 35 1797 219 919 136 2274 199 2305 126 1830 205 783
183 35 3001 246 1805 8 601 85 389 129 1250 4 2042 223 1872 228 1133 122 191 219 114 137 2034 99 418 6 668 36 907 188 2382 10 2303 1 1290 237 141 61 1153 175 131 41 132 151 780 99 2378 144 1761 51 1513 128 192 248 1193 124 20 163 1613 140 2092 105 1622 143 1361 239 2085 90 901 68 618 101 1569
184 35 4195 184 1125 109 67 148 1005 131 83 212 871 198 1153 14 1432 10 1002 239 1068 147 921 222 2314 25 1937 169 413 140 1434 183 2048 195 178 108 378 209 1996 17 1129 175 161 113 2232 62 1117 180 848 33 820 1 1111 63 1212 173 1992 152 1454 117 2311 163 1942 53 203 51 2483 69 245 121 1484 144 1400
185 35 3829 59 52 205 906 156 499 134 138 56 2015 69 1761 84 1770 223 2134 200 842 65 705 45 1200 80 1193 25 516 108 1307 133 1872 107 1781 29 1306 79 767 81 1593 173 2023 65 539 194 505 221 1010 82 2353 47 248 93 2238 157 2020 218 917 113 652 63 1309 63 1061 229 2026 32 1976 198 752 61 313
186 35 1396 106 849 235 421 155 832 87 1076 244 1198 247 130 59 104 173 1182 11 2435 173 2096 96 419 68 1381 71 2112 200 1402 229 1093 154 578 186 133 89 1245 137 1016 76 690 245 962 91 2256 57 1587 105 542 83 382 139 991 235 318 165 170 165 1181 219 1625 12 871 166 2100 47 2457 34 86 193 1039
187 35 755 147 2403 14 1464 141 1590 230 2093 53 1563 72 638 35 1036 117 2398 14 1135 106 1674 222 1466 174 1736 178 706 121 2346 171 1008 154 2390 35 515 43 373 177 1295 70 503 50 227 61 2217 245 1541 88 2122 86 901 134 2073 204 820 42 795 58 1629 207 634 115 669 236 2177 156 971 175 1770 8 1889
188 35 3022 16 2268 12 1701 35 2211 113 1176 88 869 34 1208 122 2334 195 1532 219 2087 148 1575 185 906 82 2298 75 1704 17 2278 189 1394 73 1457 48 2056 116 910 104 1335 46 555 44 1187 214 864 13 1251 84 1934 10 1976 234 2076 103 1812 36 1150 233 1149 60 746 51 1321 77 1558 219 718 190 677 239 1288
189 35 1285 151 1801 249 2452 60 350 76 594 205 712 25 132 205 338 38 2115 170 2485 228 456 236 160 14 782 38 1425 176 2093 193 1650 9 1988 25 1327 51 1404 206 2059 81 1837 125 613 75 1501 196 235 70 1911 106 1257 143 77 21 2028 198 1986 4 1423 188 2042 31 703 123 2141 30 1961 207 2115 4 1800
190 35 2026 150 2499 68 103 249 1986 66 636 66 780 123 2322 110 316 139 2177 55 1166 134 1251 16 685 109 202 194 1612 114 2061 241 2423 71 429 97 2169 184 2298 15 437 32 2140 151 1561 155 907 202 651 78 2485 54 1526 212 1494 20 447 101 134 13 419 88 1845 101 2043 233 1639 111 774 22 1272 70 1538
191 35 1002 56 273 179 2359 38 945 87 1551 80 2460 148 1972 175 43 136 2226 92 21 142 2332 217 1929 39 1783 72 1035 108 1398 175 2021 45 895 222 1773 244 1173 78 567 155 1300 245 280 233 915 248 1817 247 251 90 1997 165 1030 40 982 77 1798 238 129 61 84 116 163 14 1876 98 2073 39 1417 110 916
192 35 119 225 403 151 1584 92 873 105 1838 34 1935 126 2453 147 45 204 1440 220 1780 44 933 38 741 219 2474 71 44 39 548 144 295 31 2399 182 1655 185 723 147 450 127 26 226 1562 22 999 111 346 46 1201 103 522 237 1339 64 251 16 1375 7 1729 22 1575 107 487 236 1219 220 1548 216 776 137 1199
193 35 1806 114 2069 104 1131 23 2347 197 1204 142 149 164 541 192 1515 122 1465 236 528 10 1296 8 656 243 649 85 2464 35 1667 110 2411 228 2045 206 66 137 1183 162 2174 202 1443 244 639 232 824 128 635 30 1779 5 558 90 340 107 1652 120 2461 58 2332 146 1271 36 2466 59 2296 143 400 26 1760 43 1389
194 35 4400 83 333 58 177 123 2186 177 2128 34 166 137 1903 216 1789 119 2469 164 1839 209 2111 69 700 22 874 168 1171 244 370 14 2392 157 785 143 177 139 1754 31 2487 69 538 136 1500 80 2467 108 1814 155 2168 233 1260 77 2291 148 1334 194 2072 200 1153 16 471 54 66 238 775 157 1966 228 12 211 536
195 35 965 1 359 102 101 205 293 178 1451 121 819 171 70 120 1107 199 892 32 588 6 1325 200 1927 70 1906 143 2078 109 1695 147 1716 138 750 75 2146 36 1350 198 1685 43 1704 187 388 143 2234 101 1188 135 1907 46 1810 153 458 221 1378 101 1777 92 2500 172 1431 42 628 104 815 165 482 245 2202 91 1574
196 35 2727 109 111 124 1563 6 425 91 846 77 221 119 353 87 1911 33 227 244 2019 177 1568 94 301 172 960 8 1593 219 13 70 1273 68 1385 86 890 230 792 177 953 180 1018 10 1885 134 152 158 2163 16 2178 240 1840 120 2170 78 1328 237 1090 230 1867 207 1795 79 2398 117 1077 212 14 29 1735 146 1680
197 35 4855 79 2481 12 1245 74 882 214 2085 250 1295 45 109 4 998 2 499 114 1744 195 1896 243 464 245 1904 173 288 183 1700 205 505 114 2307 127 2472 72 974 87 2400 244 2135 212 2046 241 880 73 1700 163 688 243 849 237 2488 16 1816 128 2367 18 579 193 906 245 754 95 1081 151 1923 224 786 162 1420
198 35 2996 195 2153 34 1546 188 520 87 614 243 409 11 1090 162 1735 84 470 243 580 7 594 24 787 243 81 75 1598 128 1674 65 688 172 1327 171 1943 51 1581 156 1222 161 1334 8 1918 152 2415 198 526 184 245 168 1129 222 1243 235 141 214 1430 29 1355 114 249 168 1677 94 1588 26 2048 219 523 181 2276
199 35 2576 6 521 232 374 210 1876 239 2251 93 545 232 960 144 2269 93 367 15 1287 76 626 33 122 111 2366 37 456 194 1221 23 2317 38 2407 177 780 139 922 48 8 60 1899 103 2263 89 1108 45 480 68 286 157 768 39 2112 249 1102 177 421 33 708 84 1034 124 1772 178 600 88 1110 177 432 233 1113
200 35 3034 119 57 50 1903 82 2137 128 408 226 1967 105 517 27 1497 128 1975 244 1178 174 417 244 1222 93 1237 198 125 146 2243 223 2074 181 1768 204 86 220 2188 156 2232 241 2095 174 1084 212 2046 223 357 165 1751 92 12 19 454 130 1506 57 234 75 2308 137 1293 134 1912 7 1128 24 906 117 1332 94 752
201 35 1008 51 886 177 2312 105 407 104 1486 50 856 160 453 174 1809 245 643 86 32 250 1401 249 321 204 200 56 1327 188 1178 113 2178 25 1743 94 1423 51 916 133 1397 197 2116 249 2227 119 412 50 2169 203 1191 247 23 74 1063 170 1039 114 1838 247 701 29 1371 120 2022 14 2112 189 806 7 1483 164 1234
202 35 3647 149 604 105 1593 32 1262 90 823 154 625 207 1230 248 334 44 1258 181 1497 66 476 178 1110 181 493 240 2420 148 2144 105 358 125 971 78 1187 57 2395 74 1640 223 1525 95 641 54 1205 57 2158 116 2251 174 375 229 2070 12 1213 44 411 59 1240 225 301 24 2060 114 982 209 1546 10 818 135 1880
203 35 515 213 586 58 1802 92 2114 151 845 124 796 12 1373 30 2409 104 1469 187 188 57 507 46 1989 105 730 239 836 200 62 74 1697 80 2046 88 1692 245 1134 231 1262 190 586 122 2477 89 912 199 1605 126 846 4 356 33 1501 116 657 121 1743 227 1884 147 339 165 1068 142 2275 60 1143 68 46 143 2242
204 35 3787 198 1283 207 1782 228 404 186 143 56 1224 33 873 192 1257 76 1025 188 168 72 670 18 1346 211 1086 129 1770 124 289 166 493 78 668 68 976 206 754 68 827 237 2338 72 2451 124 1167 162 2481 184 70 128 763 74 1354 61 1453 64 1021 3 305 236 1594 157 1699 28 40 245 2292 48 1846 24 1811
205 35 959 202 2380 198 312 15 484 58 1852 230 1663 179 150 36 1748 175 451 45 1108 124 2073 72 1268 203 70 85 165 127 1817 46 2071 122 2159 200 570 83 564 181 123 163 1823 114 179 123 1745 157 2312 122 77 193 926 63 2347 108 931 70 2132 234 1195 88 399 13 1960 146 51 149 2239 50 2393 186 217
206 35 3817 225 1167 66 388 242 32 147 1293 211 1495 104 1004 157 1107 132 2069 31 2019 16 1963 94 12 135 1177 166 2477 136 244 43 166 197 1688 51 2440 28 2467 106 339 141 1083 113 1144 98 1055 49 1705 52 1352 237 564 198 2479 23 1182 6 1037 40 322 167 242 95 1922 53 767 163 2363 83 1389 161 1229
207 35 4385 68 2206 241 2225 74 2486 234 668 114 583 207 2166 238 1886 175 1791 187 431 203 529 235 370 64 126 197 392 120 392 176 1337 91 1307 141 1984 201 1433 91 169 59 1295 107 985 49 1501 218 205 159 1869 140 1042 206 404 133 2127 70 1860 105 2175 135 10 8 1932 110 1880 153 1214 145 2407 36 1967
208 35 1617 34 237 190 1541 103 1523 199 931 125 126 213 1293 234 1440 139 640 14 91 30 1093 88 1802 193 991 146 264 153 1631 242 1029 218 891 147 1314 3 200 164 143 32 1038 102 1533 123 696 65 1115 148 1352 102 2357 197 2473 32 1714 83 126 246 1398 164 792 5 2323 205 2093 36 2426 84 1569 135 270
209 35 1018 178 1750 196 653 107 186 166 1157 48 36 65 578 152 1589 88 2068 113 1482 78 2359 170 1492 111 256 49 925 83 1931 213 113 34 1229 218 1489 244 369 92 827 66 1037 86 2156 192 858 19 1869 143 88 246 604 187 2129 91 1298 41 11 214 1776 168 1619 141 680 40 997 168 2127 96 1615 248 1773
210 35 1067 234 391 175 1123 92 1266 232 2162 195 1099 139 1339 33 1528 47 2026 249 2354 49 1403 225 406 7 1468 245 199 165 1137 242 72 32 1157 234 40 123 2393 104 655 214 790 139 1738 250 1585 105 843 59 1987 181 1564 230 2015 84 572 206 1882 117 2132 64 179 57 384 128 110 225 973 110 1239 110 622
211 35 3635 14 1132 177 2210 83 1154 84 1034 184 741 16 2089 66 1664 121 401 67 650 155 1833 183 840 120 2007 214 836 95 1149 55 2048 158 995 4 1952 243 557 195 298 178 1207 28 2035 200 1658 139 1451 145 419 216 1683 169 2234 52 898 65 2310 220 1001 250 2183 186 769 71 705 76 1685 109 153 160 1342
212 35 1598 55 732 185 1750 227 352 86 1357 23 1970 250 223 152 1321 100 1575 128 2095 166 622 79 1485 130 548 184 967 70 2484 77 1316 248 693 76 1111 91 1128 188 986 161 175 61 1083 118 1343 50 1916 117 1065 180 475 209 4 237 1139 79 1395 75 93 134 278 22 1396 138 999 139 1518 116 223 67 1259
213 35 2024 205 1321 183 2002 194 2415 116 1659 114 360 117 1569 152 67 152 2075 65 2207 155 1172 111 760 17 1421 54 817 212 1649 11 1213 87 1729 30 2478 125 1999 99 492 133 2294 249 1364 177 932 138 1446 58 618 126 286 84 182 95 484 17 2010 96 1270 216 145 152 2023 121 834 173 2359 60 49 125 2383
214 35 2218 225 1954 214 365 97 2055 35 636 12 940 57 2290 59 731 51 1588 56 171 90 116 115 284 113 1719 209 2333 102 1538 85 1729 143 695 212 1104 46 33 131 1622 212 1906 101 98 161 365 43 381 12 973 229 539 249 1236 126 936 113 696 9 1938 148 263 172 361 235 1007 34 1456 163 1543 216 468
215 35 817 215 1081 52 828 35 118 114 200 230 1678 90 1023 248 1194 48 1849 136 1851 143 870 83 1193 106 1339 92 1097 148 61 140 585 96 1118 240 1393 184 2407 180 1367 25 1727 78 881 179 718 250 1207 80 755 236 1752 123 617 170 500 80 1119 78 442 77 1337 144 693 161 2398 139 1563 4 1972 136 2492
216 35 3220 49 2025 110 749 117 2146 66 685 152 1695 41 2366 96 1911 244 911 229 1293 69 501 231 238 1 245 161 143 52 785 26 422 245 1472 50 1366 169 1426 59 658 17 2154 1 1456 90 1776 125 719 193 2048 61 1353 98 1835 144 2407 10 688 157 284 219 1203 42 1006 56 1757 178 2012 41 1498 134 1923
217 35 3834 25 2375 190 1052 175 2095 37 1378 245 336 198 1667 173 511 14 773 67 87 247 1842 213 940 122 1424 16 764 51 432 9 436 4 2303 123 2494 206 1958 210 613 173 1293 103 1217 82 1790 133 221 117 1576 59 160 75 715 211 2299 210 1363 175 1897 223 2290 73 1945 65 520 129 553 192 345 126 2033
218 35 2909 137 2046 249 692 88 1622 49 161 139 2070 134 1944 26 1511 26 317 224 1493 196 518 214 1877 95 1642 178 328 34 1682 175 1018 62 1479 81 1878 156 1031 205 442 238 585 226 2374 224 28 136 1610 238 601 70 2385 85 1104 141 44 194 728 133 1017 229 259 227 792 244 2274 153 917 127 1257 97 732
219 35 4230 24 824 131 405 240 767 155 1268 60 1295 152 1346 230 1927 238 934 216 1094 165 347 226 2392 130 2133 245 330 230 2496 15 581 135 2 206 676 120 429 154 1433 153 720 39 393 69 1809 217 1440 87 930 97 1167 98 1594 118 1691 238 513 223 1030 236 535 189 1462 184 1958 142 448 11 670 132 804
220 35 4073 64 644 249 1143 62 2117 180 1133 86 215 172 2025 155 2159 72 359 205 1439 146 1279 200 290 73 477 78 468 72 1424 115 1643 25 1924 93 1607 58 737 139 1167 51 1135 208 438 168 1899 106 1021 30 988 130 977 231 2321 219 1126 30 2210 93 2411 95 1782 169 1878 46 1594 128 115 18 1000 206 506
221 35 857 92 819 199 1998 21 177 90 464 19 581 220 1315 230 1260 79 195 56 917 137 1032 234 1138 41 1791 240 2187 145 2439 145 1132 81 1034 180 1976 227 1946 222 509 181 97 1 1785 66 1201 40 676 103 11 118 1315 128 2116 88 1047 204 2046 176 462 85 196 177 1319 60 1506 26 1885 134 259 106 209
222 35 2685 21 1624 133 1705 66 2109 18 915 27 869 71 622 16 1550 170 457 141 1830 203 59 155 168 10 1231 17 692 40 1490 190 1542 212 1529 151 743 8 1465 6 665 38 2398 116 1376 169 1028 155 314 242 1683 57 1351 224 1152 244 77 216 1080 176 2010 56 2171 107 2229 226 1059 93 1471 26 2189 21 1011
223 35 3997 126 234 175 799 58 652 76 1751 194 1649 15 1666 215 2449 213 1479 64 1285 46 123 120 644 212 651 83 1421 178 1516 141 879 231 919 16 255 50 1600 142 611 169 643 103 2003 65 1616 31 2304 170 1875 89 1483 153 1526 130 527 117 737 221 1303 132 399 114 2366 124 81 162 1098 208 1282 178 1892
224 35 572 107 694 168 1016 190 640 103 2192 53 2344 239 672 54 2105 120 1908 241 16 87 2233 84 1429 240 1789 170 34 224 255 41 2285 84 325 163 2249 245 1117 47 204 102 2024 150 1825 239 1375 42 1663 2 1266 210 1226 108 542 96 1792 244 1123 91 1457 177 1376 85 1119 142 1204 83 2067 216 1171 180 1872
225 35 756 241 758 130 940 30 1429 53 848 128 324 75 944 87 71 168 1341 215 1298 199 2335 64 1743 79 2168 86 1679 148 1148 209 644 219 834 236 1479 232 779 58 881 115 2178 145 1457 38 2451 4 354 97 2034 95 1153 75 1720 181 1829 78 230 217 2208 72 1574 98 837 211 1232 211 2021 243 16 239 2177
226 35 1148 190 1827 184 795 247 1457 202 260 110 555 42 2460 147 2317 225 413 171 888 40 1158 91 720 218 1716 76 1827 15 2471 85 1052 33 59 190 1784 60 2494 178 313 172 158 84 1066 44 2408 179 1498 63 2124 120 973 24 2466 37 1085 158 1062 204 2433 86 2322 212 2288 228 1651 91 370 86 750 119 1790
227 35 3726 84 787 34 362 226 259 182 116 155 633 200 882 216 1419 158 1990 143 1932 166 749 222 1407 202 1345 98 2084 225 1238 71 2489 81 360 160 769 36 2465 232 1887 38 2268 244 1534 195 397 216 1026 111 852 57 1378 243 1963 48 1311 199 1154 143 686 101 2330 112 1095 171 2149 185 2185 47 1602 132 1304
228 35 2431 190 2436 120 341 125 2019 213 2425 188 693 76 730 158 1577 198 1064 91 534 223 2194 205 2403 135 1006 151 2166 136 985 35 1631 137 1333 4 400 181 1874 173 835 249 1972 182 543 93 35 172 1508 70 26 177 349 174 642 20 481 31 1495 240 1582 77 2289 233 236 48 2276 170 1445 186 1621 214 1081
229 35 339 208 255 178 1293 198 1104 192 162 250 941 226 121 209 1429 53 59 115 872 163 2168 69 2325 125 193 148 1237 65 821 122 1025 176 109 237 1257 164 2048 76 2178 198 1078 7 108 226 453 81 75 48 2440 94 1131 42 200 102 1916 88 174 248 670 169 1882 156 2061 215 2273 74 1068 149 2330 4 2087
230 35 2735 76 358 123 1733 205 831 115 526 68 2321 42 1618 180 2499 179 1869 215 2193 128 802 212 1062 249 1483 69 631 47 315 36 2034 41 634 96 655 224 808 71 1943 4 1004 46 1586 15 2341 53 1645 39 788 74 2000 167 1609 93 2146 2 310 214 578 82 1244 102 899 93 186 84 1505 31 60 247 926
231 35 1178 165 880 146 965 35 1195 215 2007 225 1713 170 1298 29 380 221 1628 243 302 83 299 124 1356 48 1758 109 583 12 644 182 98 149 49 178 1284 147 2213 241 1975 107 1396 58 1644 185 1352 36 860 120 208 27 1107 160 1657 150 1215 116 219 160 595 138 131 68 2457 132 1425 245 1066 67 1682 76 1906
232 35 227 214 179 88 1635 249 1084 176 900 178 1883 47 187 42 889 230 2125 226 95 177 324 127 343 174 2484 84 2310 112 953 116 817 124 402 83 2072 124 188 111 1400 174 2005 195 181 77 1196 240 75 147 1202 109 197 17 2050 231 524 30 1450 223 2459 110 593 65 1771 108 1715 185 361 230 527 129 1942
233 35 4047 202 1956 118 1771 214 2349 176 1926 25 293 34 2462 222 93 35 982 11 2174 227 1765 152 1731 56 2261 36 2157 82 1995 31 1345 243 376 144 1424 83 2129 27 1058 198 1847 151 171 51 1214 176 1409 12 377 52 552 66 1711 19 1679 124 1124 188 2171 206 1980 180 512 239 953 36 1781 174 1494 249 2029
234 35 4496 58 802 116 2276 181 1317 176 1828 28 2192 28 2302 179 790 209 1781 24 2447 214 1399 243 2265 73 2007 238 1948 126 2045 215 231 85 235 175 2311 181 2146 218 141 119 1616 6 126 80 1353 176 728 148 254 181 742 44 2309 87 568 184 453 226 127 208 865 32 1254 183 166 66 1236 189 1628 50 493
235 35 1920 208 200 135 735 66 1777 134 645 138 1655 98 1685 104 1746 117 1302 220 2375 67 491 63 538 243 874 232 376 176 1298 100 2419 238 1244 196 810 106 724 243 2128 111 483 57 957 145 2334 29 2276 120 492 34 2230 45 1629 55 1380 161 756 134 1103 165 584 106 564 136 104 117 867 173 2114 66 139
236 35 241 156 2369 86 963 39 1666 36 1891 211 1224 122 1075 129 123 7 1260 152 2178 139 1579 160 1898 201 2000 117 1440 107 1169 80 945 165 651 3 777 167 381 177 702 29 22 195 139 56 252 197 2296 53 88 39 2178 42 1743 75 141 14 332 22 54 204 1803 31 164 174 1765 190 1715 226 279 226 1370
237 35 2213 88 327 243 1145 51 1690 25 1883 249 1467 211 459 246 2319 115 2454 73 1211 118 356 197 1074 142 2410 34 982 241 113 104 3 114 2462 189 271 44 1793 48 1152 69 359 106 2068 42 943 182 2055 167 785 89 1165 165 2339 170 2344 219 1135 200 495 41 772 8 89 47 379 165 1637 245 676 35 2457
238 35 390 239 3 117 405 8 1740 144 692 16 1279 195 1056 250 1034 69 1209 230 706 235 471 210 1616 245 550 122 1473 87 125 95 407 207 2138 116 1750 210 218 246 251 225 2311 123 1325 198 1683 150 1319 53 378 5 1544 163 2135 62 1785 131 2074 51 887 109 1047 182 30 180 2126 138 374 163 2472 139 915
239 35 2499 192 1295 189 34 167 695 239 1149 159 1165 10 2435 202 233 22 717 139 1820 246 2386 85 1231 141 1134 162 597 64 26 209 825 61 183 249 2235 78 728 190 2163 6 581 120 437 217 1692 168 1832 208 1199 98 2345 101 543 107 1642 154 66 176 180 123 189 154 2455 183 404 102 993 112 1596 76 1953
240 35 3292 235 1995 218 946 187 1740 123 1873 163 2085 20 518 79 433 127 2401 18 2171 83 1805 116 1510 234 674 144 1434 101 1684 133 1260 177 692 40 182 240 643 173 1165 102 240 22 708 179 2040 101 2175 41 1211 207 757 159 1350 1 872 57 1878 228 124 173 706 218 2434 191 529 188 755 66 1073 113 983
241 35 1388 85 1472 1 863 6 2166 157 253 65 674 119 1696 213 420 218 1351 6 999 29 1756 60 449 43 2137 34 109 17 621 138 631 114 1017 158 1519 19 1922 116 1606 146 1207 45 616 138 2335 34 745 234 1057 57 310 88 1673 31 1330 61 2060 166 1182 92 716 203 326 57 58 97 868 187 1558 4 2069
242 35 2520 113 1091 137 117 244 161 197 71 189 429 158 508 184 2258 146 654 91 526 227 2369 213 1081 230 1846 132 1566 246 2402 180 1782 224 1422 1 667 235 2435 65 9 191 897 39 673 137 1191 193 751 142 149 121 2276 136 1427 84 1241 7 1506 197 799 41 606 51 1809 120 185 231 1704 74 980 221 1454
243 35 2584 153 1709 234 2274 83 1541 85 1280 40 682 148 1419 133 2245 149 1459 133 653 104 462 158 2385 47 1127 119 1969 204 2015 210 1483 147 1329 229 2272 91 2397 176 2308 78 1403 19 1717 87 322 23 1027 39 1555 2 1311 86 2079 157 280 114 1267 87 817 240 1235 219 1043 27 699 68 1729 64 417 75 1429
244 35 3279 7 1542 67 978 2 690 171 1028 151 63 101 865 61 32 158 1150 201 2359 123 1064 35 600 55 1717 116 591 21 1711 113 1242 48 481 203 2305 14 1632 14 1155 88 1377 220 1653 34 146 159 2059 78 2330 93 309 99 1154 202 1610 66 684 58 2454 38 55 118 327 190 1157 200 686 136 1794 156 689
245 35 3942 58 624 3 769 224 785 124 1709 127 526 43 636 248 112 76 531 248 959 70 1472 199 913 196 1439 250 991 219 165 4 433 122 1882 85 1316 115 963 98 2442 194 2292 201 520 50 2313 167 806 7 2457 187 1707 45 2267 144 1983 229 1426 63 1641 91 1710 21 147 49 180 120 787 10 1897 2 1437
246 35 515 209 962 126 2229 85 744 189 1955 59 1189 239 115 65 1772 52 10 23 335 69 2480 13 2004 73 624 225 1920 32 713 21 1805 132 673 58 1419 44 564 216 1527 2 1204 204 1315 203 327 176 2158 135 309 46 1063 241 1606 120 1754 109 948 54 1926 127 415 104 1989 69 1674 42 302 89 848 215 336
247 35 2706 159 1879 212 1662 133 753 3 2001 68 1816 137 229 30 1437 158 1849 207 1986 29 2374 167 101 148 1834 29 604 79 88 22 1840 180 756 160 215 160 1377 1 1719 71 2384 84 926 157 1007 230 1736 41 984 178 1783 113 604 161 1667 52 44 250 1748 193 2315 199 611 174 904 66 2487 14 1185 130 1906
248 35 3803 25 1210 158 84 39 259 119 1306 215 2495 129 368 52 1802 153 1900 13 2066 109 1869 105 2012 101 1147 56 681 220 731 224 2046 97 2162 70 773 11 2147 228 161 169 8 92 558 156 668 183 1399 53 98 152 1737 165 1597 99 118 50 1766 177 1000 96 1701 206 1331 6 1708 188 292 6 2075 113 1560
249 35 2190 120 1319 159 133 224 1295 179 585 89 665 215 1906 26 1453 247 2466 234 869 41 1299 245 2178 96 1636 162 2151 164 1296 31 174 140 1570 197 1498 183 2292 140 593 131 1579 22 1424 222 35 196 1524 69 50 65 2111 4 662 137 1815 119 66 224 759 199 1602 84 914 24 1271 79 1429 163 273 229 361
250 35 4081 200 1381 7 2464 85 1635 206 1356 12 1410 68 1550 245 2393 53 960 189 896 139 989 40 1309 96 2195 239 202 119 780 3 525 169 62 237 551 83 53 152 557 92 2153 163 2474 205 1355 68 1870 188 2169 239 1359 105 2307 151 1459 131 650 169 856 212 852 103 2231 19 391 133 489 232 394 207 1400
251 35 2862 22 2385 102 1952 129 1335 182 23 233 876 43 599 48 663 245 765 88 1001 210 2227 98 1929 103 1470 167 1322 219 698 245 280 162 537 140 875 35 1273 30 1723 143 708 203 1865 203 1396 169 858 48 1923 46 678 153 1649 31 1457 46 1733 187 1131 88 1093 25 67 65 1236 6 295 30 1407 206 1055
252 35 3000 8 2451 103 708 195 61 119 1559 137 334 12 600 226 825 193 607 213 1045 145 1804 199 428 126 472 234 329 34 71 160 536 43 2205 142 1908 14 1933 191 1034 18 2147 197 1620 30 1973 237 2429 6 1563 221 1395 32 214 228 1402 113 2224 168 1549 232 1490 232 1730 57 2492 131 1533 61 885 11 1897
253 35 860 90 1384 64 723 37 1378 160 456 200 2421 153 1648 163 487 242 1771 48 25 103 2191 245 965 90 441 111 429 201 1201 170 1840 105 1928 233 2338 196 629 78 1780 127 2188 70 1200 137 364 131 2429 70 1571 72 676 156 299 44 201 145 93 180 989 83 729 167 483 185 262 93 1048 33 879 236 1115
254 35 4 116 2108 133 1404 107 241 168 1527 233 2438 19 1573 93 1894 25 192 198 1042 185 477 38 170 183 1795 53 1608 66 809 182 386 11 542 148 1512 158 2106 57 723 9 1977 16 1552 74 1710 69 2133 75 540 107 1605 154 36 117 2336 114 509 172 246 241 1842 241 650 198 1162 89 2040 113 2435 31 481
255 35 1026 150 985 87 1065 187 1363 150 1911 162 965 241 1960 45 939 134 485 97 498 22 659 88 332 237 1962 88 652 237 2096 204 383 9 1644 241 897 12 2209 174 1184 61 2439 12 1076 206 1442 90 721 143 1619 126 1402 135 810 122 897 158 2112 87 1584 134 553 4 2115 200 956 201 1188 41 1508 201 1832
256 35 2268 219 428 148 801 97 2492 226 2409 3 216 166 679 107 930 101 224 182 2322 236 1701 24 1715 148 209 190 238 249 185 120 1422 127 299 48 994 203 1100 45 913 133 1059 162 931 93 1538 183 1422 38 1964 208 1860 64 2107 9 911 116 1462 34 2400 46 13 7 855 106 1822 224 830 110 496 27 1313
257 35 2381 110 2436 189 2234 112 1796 112 2377 61 6 96 402 198 2406 200 76 52 1158 131 1080 56 940 25 2290 94 1647 34 1184 9 1891 137 117 56 478 158 436 110 39 135 644 94 1730 165 233 46 91 80 12 13 150 110 2048 22 2110 58 922 92 2438 179 1361 187 2046 121 1159 191 2165 193 2319 44 549
258 35 3966 20 1043 80 1578 55 1066 99 722 195 65 81 2345 31 1128 124 2438 97 2207 12 1309 82 887 200 76 55 873 49 839 176 494 174 1056 191 1274 230 1603 87 898 171 971 7 2294 86 452 49 839 246 1837 203 881 155 718 41 2430 211 2445 138 2355 236 1530 242 1605 166 305 225 421 243 1764 174 1124
259 35 62 198 1960 164 1648 53 448 110 2157 158 258 148 2245 127 1010 199 1030 98 796 77 165 173 1971 218 2280 31 1177 58 1290 68 1909 158 1253 244 1729 112 1821 227 1089 115 1068 24 1740 149 621 210 599 201 1362 249 1410 13 691 135 1991 26 1718 160 836 169 1527 173 2482 27 1562 197 2494 102 1074 37 697
260 35 1706 105 1909 19 2269 95 2500 199 635 23 1594 161 233 62 2151 29 1648 130 1734 47 1690 100 487 196 24 191 1640 101 413 188 1509 73 386 71 2422 199 446 206 1019 143 1033 22 1883 210 2187 89 797 209 251 222 788 197 2357 207 1316 37 396 59 1744 97 1452 146 633 50 1706 93 1891 68 465 235 192
261 35 987 13 467 66 1072 133 314 170 1579 156 2287 69 2072 186 917 67 405 183 1860 83 645 156 2031 161 181 201 2190 106 308 56 2098 95 1149 212 1832 143 186 240 2098 20 583 68 1535 200 726 230 2269 180 289 241 1575 29 2140 182 1478 233 47 187 1155 48 1019 123 975 106 2060 232 1554 49 175 187 982
262 35 4300 58 1307 194 2211 74 1134 109 262 215 2082 120 2345 24 1316 196 891 113 1945 101 598 172 901 60 2029 120 2257 138 493 244 385 214 987 37 934 197 2378 138 104 198 1211 234 1237 144 1858 216 923 121 1724 204 2404 186 383 233 476 83 2268 134 1098 63 2135 220 964 2 399 168 205 146 2023 140 858
263 35 1120 194 477 6 1953 6 1495 107 1971 107 260 68 1193 77 2058 236 1777 41 498 49 2023 1 1309 246 997 246 93 245 1976 14 387 193 1588 18 1093 109 2496 93 191 10 2275 71 2036 32 1765 36 2 85 2461 167 1556 34 2094 171 835 69 1438 205 2281 135 1521 220 2158 218 2025 243 1311 15 470 207 226
264 35 4303 37 886 149 827 218 966 5 304 33 556 33 2390 186 2232 207 440 164 1731 162 1560 28 1700 107 2172 199 2059 26 743 169 537 223 8 216 1436 230 218 195 1457 132 2230 101 1413 138 1243 198 937 79 40 115 1675 196 31 207 704 142 967 45 364 49 2246 83 1394 22 3 164 1082 185 2265 68 2461
265 35 2653 222 806 55 945 119 2196 133 138 67 364 205 1903 150 2408 206 121 30 2304 105 311 221 1165 32 24 130 1262 18 2 116 101 145 1710 25 810 104 317 196 989 33 1795 173 796 210 2259 58 312 223 918 124 1007 32 1989 170 1311 33 2388 10 738 217 2344 63 1184 18 1836 244 1164 129 1811 14 288
266 35 2102 3 301 84 2436 111 2249 236 427 192 494 224 480 129 160 68 734 119 280 43 1890 81 2254 70 869 146 997 186 726 42 966 47 2243 96 881 25 245 66 938 96 2396 60 987 178 2234 117 1778 13 1709 188 1867 149 2195 16 1928 130 1737 26 2287 16 436 182 1463 124 574 205 143 119 378 99 2342
267 35 234 73 339 113 1992 114 192 137 840 105 2496 195 2233 51 264 205 380 207 2342 26 984 21 1965 130 1264 94 1337 67 1963 70 210 207 1167 15 527 164 1961 22 2131 3 799 233 372 10 1645 238 1549 138 1459 197 983 49 750 169 952 240 2416 89 1992 65 493 191 397 3 673 76 1208 88 1506 148 2404
268 35 3768 115 2409 161 1019 219 1406 26 1123 239 1612 111 2301 71 472 212 29 158 217 52 562 243 1709 238 1123 178 2137 7 1211 250 2111 134 1981 133 1882 118 1344 24 2170 188 1625 195 1341 140 776 231 1467 192 1222 115 2180 89 1694 14 1369 164 1895 133 2254 235 1780 177 1837 53 400 180 2177 139 1899 93 1692
269 35 524 121 2278 208 1541 131 2464 131 2499 106 107 60 1443 8 2042 17 391 2 2227 79 1149 71 960 12 670 95 2098 224 979 176 2256 105 2418 229 342 148 1941 41 1995 204 895 124 67 50 312 166 558 201 133 163 279 134 61 71 1754 36 937 221 2017 38 2042 240 2466 17 224 95 21 96 392 179 644
270 35 607 30 41 159 74 229 422 119 2117 179 2122 166 1173 218 746 48 1941 100 2370 81 2298 165 649 215 394 34 1338 226 1535 195 590 186 334 33 2248 58 616 53 1045 239 2480 117 1436 80 2089 250 2010 195 2017 110 931 3 1573 74 2331 153 488 124 668 195 1633 14 888 161 2150 154 2412 216 426 193 181
271 35 1297 130 1419 5 928 180 737 197 1812 99 2318 48 1527 247 1068 168 400 20 1598 155 1347 245 2313 167 2292 220 1709 162 604 43 255 15 1038 104 2037 233 343 77 1515 5 1133 142 1151 235 320 64 2419 197 1560 12 2263 93 583 42 710 46 1143 49 1283 231 37 95 655 151 2208 26 1925 91 424 7 2349
272 35 281 194 2112 110 522 27 1545 35 1185 160 2153 245 2275 2 672 249 1818 122 404 244 2433 227 790 52 1915 158 2416 43 1301 33 2348 201 851 68 2297 234 484 71 309 108 2365 230 1976 120 625 123 409 163 987 148 889 107 1032 68 2335 69 1561 235 605 122 1973 119 141 63 1723 50 1519 234 1549 164 1048
273 35 92 203 2008 72 1031 69 2031 1 1506 10 2269 89 1467 194 2206 193 1569 69 1947 186 37 142 424 160 1727 33 1001 115 729 210 1304 152 2434 157 2390 186 1348 11 1811 97 1375 193 1035 134 1118 176 790 137 1403 156 673 240 170 92 2302 70 2458 133 1175 114 1628 127 180 205 433 71 890 43 1965 158 2067
274 35 3974 169 1141 155 1543 121 1463 10 500 169 1134 149 1069 42 2060 117 413 21 964 198 1921 137 248 32 712 25 1901 136 2027 98 380 107 1893 180 1983 248 1834 24 1164 141 1417 75 1711 56 309 90 1722 168 85 221 720 70 2467 85 1424 174 2028 47 667 209 1230 159 1875 95 1606 75 524 196 1625 54 60
275 35 3639 250 755 230 2434 21 2096 64 393 56 1827 215 595 160 1187 116 2053 84 2392 184 112 47 1666 59 697 24 1591 97 1792 227 1307 203 705 116 2447 56 337 160 2206 71 1131 137 112 21 2256 88 794 83 2000 199 781 195 1570 230 1002 22 1099 5 2143 152 2266 108 1451 167 1866 213 413 187 361 235 1307
276 35 3015 148 1838 98 2132 34 2483 192 26 2 841 27 596 39 1085 86 1865 202 648 226 2357 28 1446 192 1894 229 1028 178 2024 141 2040 196 18 134 2128 176 1577 246 1650 16 2107 248 1088 162 1634 77 2121 173 1250 41 694 172 2093 164 1901 231 27 227 4 244 47 20 1225 237 643 69 950 65 1672 39 1793
277 35 4291 35 1873 170 423 57 428 92 2312 56 1872 159 1462 123 1342 6 335 76 1137 157 2075 23 10 140 1303 127 1168 245 1089 97 2014 76 2317 77 1949 203 506 192 96 135 1545 226 1067 212 819 227 1845 218 1372 191 721 30 230 98 817 16 537 135 2077 209 944 204 702 246 1726 153 866 88 1720 118 2204
278 35 793 83 982 168 2413 195 1871 157 958 131 2421 114 1047 211 1886 63 2047 193 452 123 2279 183 1463 38 2084 208 2201 71 2184 198 1191 58 798 116 1082 46 1734 197 823 39 2206 62 2422 74 2371 127 439 143 903 38 758 174 695 213 1320 76 414 21 2306 66 2456 22 1727 92 1035 146 1446 242 1639 114 2254
279 35 2891 69 2433 88 595 76 319 96 866 119 1262 140 1420 88 1304 110 240 61 1598 68 358 76 2030 211 1722 160 55 151 1088 137 304 12 1724 135 1926 1 474 183 1850 193 210 235 691 233 2134 35 2449 116 241 205 2134 48 1913 219 2273 218 1802 159 2110 146 736 23 1665 110 81 24 470 224 1205 77 1513
280 35 4080 213 691 154 585 41 169 123 1017 54 1925 20 1354 208 2459 120 1123 65 998 169 499 41 595 233 1572 64 600 78 2248 246 1060 26 2356 249 1584 237 878 63 1172 86 136 242 2285 138 1555 77 800 73 217 59 456 177 1035 13 1995 235 637 148 1828 152 180 229 180 85 129 217 1005 232 1638 217 1616
281 35 933 37 2175 248 30 198 1950 147 2367 61 2292 156 2281 37 1617 107 1994 55 2122 106 2258 198 1603 171 2202 164 1494 190 1482 224 1017 36 1378 220 1725 197 307 22 1937 17 39 65 2023 150 2077 4 1807 97 381 243 634 181 968 37 1795 159 599 213 384 18 1599 34 2239 225 1133 219 1343 39 4 152 1936
282 35 3596 45 1941 103 915 241 809 148 1147 79 1983 107 1813 115 1914 54 517 44 568 173 126 168 289 145 2405 9 376 192 1391 25 608 116 1510 105 467 164 1490 233 418 238 181 161 209 73 1164 199 419 114 2275 131 2359 72 2198 94 886 179 1286 136 828 141 533 80 1587 115 1133 35 1899 137 395 82 192
283 35 3985 111 1468 81 1754 176 2058 80 399 163 73 246 2000 14 525 224 125 21 2295 27 249 220 2325 153 386 212 1905 68 1151 144 1105 174 1269 38 1686 146 1866 112 63 157 310 232 2381 45 1954 74 686 29 1989 205 2180 212 6 187 17 135 1143 52 751 36 1880 1 2290 172 787 104 269 176 613 103 1768
284 35 2760 178 240 77 364 188 466 122 1166 206 932 48 1966 64 724 135 998 18 1046 228 2384 14 689 54 2109 170 1756 80 2384 225 348 60 16 150 1052 39 1346 62 1663 37 404 32 2340 61 1340 160 410 68 1418 202 792 232 150 188 2485 92 1087 140 328 105 2329 215 994 174 1884 212 97 228 600 4 2113
285 35 4733 162 379 105 1756 174 1945 12 2443 22 1683 218 160 173 96 22 2419 41 2446 22 1745 218 216 102 2300 86 1113 225 1814 12 2321 236 1668 164 571 79 2177 24 861 44 1036 212 381 221 1353 54 1433 250 14 119 914 92 1206 240 956 224 902 235 1533 138 1025 244 2019 205 1185 177 1535 190 781 152 1886
286 35 539 172 914 108 1908 127 18 30 175 168 1064 68 628 146 1143 243 1742 179 1827 3 571 72 1889 243 1708 183 84 147 761 149 1795 7 1932 22 348 60 1703 206 2279 107 1053 52 228 200 1303 68 135 66 1437 245 602 1 1925 66 609 184 444 126 482 1 596 249 656 183 1483 68 980 62 628 241 2008
287 35 258 165 974 204 670 123 1905 122 1311 71 835 227 1072 189 1726 240 533 124 94 197 455 48 1591 18 952 78 1885 113 1132 198 106 157 162 100 1890 145 2393 203 1828 231 2130 223 533 125 21 8 2462 174 1347 188 2271 177 1995 60 760 149 45 145 2232 191 1981 73 939 16 1342 101 2452 22 986 151 1053
288 35 397 193 1398 34 971 123 63 196 1074 186 2393 241 2462 218 1613 106 242 108 766 28 1395 192 315 181 826 197 1571 177 2038 150 944 100 464 143 1560 148 1292 147 461 59 2340 239 2277 121 2285 245 1830 167 247 200 1076 235 1317 7 934 185 738 96 730 166 1902 53 1216 64 1124 25 1645 92 924 139 1389
289 35 3832 225 625 183 1901 32 1746 11 2366 215 2056 227 2191 178 1238 215 351 141 307 241 2052 232 2485 207 1900 137 1261 52 1247 68 1767 117 1914 199 1749 74 283 118 446 22 1955 215 1893 184 1145 233 1673 54 1536 116 1108 47 946 129 2470 187 1579 135 1155 73 687 138 1302 111 1431 162 2274 213 1821 167 1729
290 35 2944 7 1762 11 1028 177 2307 226 1319 25 442 97 1974 193 730 230 1580 75 2174 115 2101 241 933 114 2229 245 650 13 2016 143 2160 238 1418 219 806 71 349 190 1158 186 1966 204 173 23 1391 144 843 224 112 73 472 210 978 109 1714 207 1212 160 1387 54 1010 2 1918 62 129 4 1752 65 1379 6 1710
291 35 1937 31 1833 43 453 180 866 158 1902 56 522 38 1967 5 2462 34 2066 248 223 24 932 230 1725 107 1430 26 427 217 1697 250 797 156 1708 206 390 191 1393 29 475 182 2264 87 298 57 1786 207 2207 240 327 1 2117 91 1648 71 881 153 14 185 1755 33 984 38 2318 199 2083 198 1812 43 545 239 2239
292 35 1692 102 613 62 1162 137 754 227 2428 44 2443 31 352 176 486 17 2178 114 1136 43 1606 71 726 205 356 156 2240 42 996 123 2179 131 788 124 2092 20 1698 69 307 203 1023 156 2241 135 1301 194 708 135 1421 198 919 28 867 56 2035 148 1856 6 1151 13 2156 233 51 225 1456 16 755 212 1086 209 647
293 35 1386 166 656 188 1636 233 77 83 782 221 2061 164 1360 79 1113 236 855 131 1689 79 1008 178 1804 66 331 169 767 166 1771 138 1923 198 1942 119 2117 233 550 9 984 230 1466 144 21 109 244 213 984 12 2016 196 295 224 1557 134 792 111 1751 242 1539 239 539 22 2299 197 265 69 1376 123 1040 246 1559
294 35 2624 117 534 148 181 73 461 208 2387 17 2239 61 2486 77 1275 58 1848 33 798 125 806 216 1942 79 160 203 1002 11 2188 134 2045 231 2364 239 666 58 1976 18 683 26 1889 28 1967 82 884 131 1738 112 593 114 229 196 2028 63 248 197 227 234 754 136 670 39 1556 118 254 69 2124 93 1936 178 2181
295 35 31 42 237 36 172 162 1184 57 2231 169 2127 108 266 110 252 12 2262 234 1283 30 1186 200 1622 140 470 43 192 1 922 28 476 151 891 23 83 132 1413 163 963 119 929 44 1395 96 850 201 2199 135 255 208 1496 78 1362 120 1848 199 2152 163 336 114 1331 232 419 6 110 51 235 212 970 1 2423
296 35 2600 116 309 250 2376 173 1524 24 703 237 92 85 968 99 2412 250 473 175 82 217 445 107 63 193 622 29 726 195 1878 178 2012 16 1904 178 870 142 1349 34 1919 34 1069 139 724 184 854 107 1099 30 796 98 425 141 1414 10 1316 163 1548 27 563 89 2382 82 1822 119 457 225 248 80 1280 208 2286
297 35 1810 27 1692 195 593 213 1547 217 1084 227 1314 39 1576 189 228 214 740 22 2068 43 464 181 1851 103 2274 82 2176 161 1543 128 1262 182 1412 104 577 96 1869 180 668 222 235 89 357 210 2288 227 2110 189 1202 226 1803 36 2442 236 1554 95 633 61 704 63 2042 69 1432 133 1276 40 164 89 1402 149 203
298 35 3658 216 872 152 2007 80 800 25 2270 28 967 177 493 103 1767 25 2087 45 224 5 11 163 2314 6 358 154 674 27 484 171 1220 157 1520 126 1796 1 2152 108 604 71 1402 220 1197 201 2489 64 2354 170 1344 163 1085 60 1138 90 2103 149 2466 158 2306 126 1679 90 2074 171 1950 159 772 110 742 80 2402
299 35 2343 61 1452 138 1983 35 2452 31 1337 243 2275 157 1321 135 1336 87 2248 44 2088 204 1319 149 1486 209 1771 208 2456 217 1551 25 283 219 1345 69 327 182 1960 23 1386 166 2145 51 1326 96 636 219 1128 61 563 49 524 68 2419 146 2286 113 2180 116 364 117 2264 147 1275 86 1351 7 694 77 635 171 2114
300 35 1544 16 727 228 635 104 244 173 2435 102 288 86 1796 122 1717 47 2254 182 167 70 1107 5 764 21 885 15 1800 237 2031 197 2346 118 554 34 1704 83 1841 165 427 234 343 168 438 53 264 145 1827 175 26 80 531 211 243 45 222 191 1349 61 286 87 1657 113 1348 102 2355 212 561 81 403 212 445
