1 37 3421 36 3 43 1129 202 94 149 2084 28 646 54 737 147 300 151 605 16 1420 214 1142 68 2253 238 1541 245 1413 8 221 7 1939 137 1284 165 1174 183 500 122 1525 23 1003 136 221 200 1755 127 741 173 80 165 2339 130 834 33 75 213 1676 43 1428 137 875 48 1503 245 1599 198 415 235 147 209 2072 18 883 74 1635
2 37 483 41 2193 133 586 50 1686 86 744 214 1373 236 1571 239 2388 54 1468 216 1337 209 496 54 2377 107 1479 17 863 18 675 163 1584 177 1751 62 215 241 1193 152 1857 114 1954 188 1727 77 1769 204 115 112 1858 38 345 136 1731 195 1164 217 1805 135 830 50 1550 88 2261 79 437 192 269 83 342 118 1428 77 1705 205 1850
3 37 3694 238 1665 12 804 246 948 199 547 25 1606 98 652 234 1256 79 2319 232 1290 110 1680 160 2359 242 518 51 1437 201 1923 194 1826 17 2098 57 1543 121 254 194 1931 35 2215 194 2263 24 2165 160 1022 139 460 65 1030 41 1570 41 1885 67 953 222 1977 199 1512 17 247 119 469 226 1394 196 1585 173 1188 218 997 193 329
4 37 2394 193 1465 16 958 237 663 32 1593 114 659 199 707 109 1688 11 2224 162 1320 230 580 159 1615 220 810 14 1649 43 1437 145 2021 165 605 86 285 150 1254 216 2450 188 1603 214 1465 78 1745 207 1178 94 1074 86 701 213 418 145 2332 49 2474 177 662 130 994 126 2425 245 1143 248 462 228 2187 139 1056 47 580 57 748
5 37 1977 56 1084 236 545 195 1019 62 2356 19 2271 80 1657 230 2147 42 200 76 966 176 242 46 1774 128 701 207 946 158 1347 211 1148 232 884 3 168 202 259 140 829 91 1333 56 1120 158 393 74 1321 51 2453 72 1125 198 209 31 1961 42 1225 201 2056 18 1199 13 2024 206 1004 117 1134 215 2111 30 2475 178 1006 204 1536
6 37 1231 64 592 92 742 102 608 232 2223 237 1674 125 780 44 155 57 959 38 297 128 2015 218 813 125 1057 198 1100 176 2003 97 1796 22 685 30 1107 248 750 144 274 66 1510 101 585 220 943 235 965 241 1555 116 1249 11 1646 2 2320 61 671 83 869 170 2275 74 644 249 850 80 244 1 2362 142 1605 80 2331 43 355
7 37 3126 145 2295 213 135 73 2041 24 145 9 633 244 783 98 1496 4 690 48 1864 201 2238 250 810 2 1968 108 2244 95 650 53 1580 25 2408 89 1649 2 830 108 1934 79 809 246 2137 1 517 232 1341 123 177 38 1331 177 1952 210 1392 87 166 241 1505 30 1933 140 377 158 2239 219 1180 97 694 209 1179 126 553 81 1912
8 37 794 49 351 162 2166 244 1480 221 436 148 1119 38 2209 164 2260 119 754 239 939 250 1487 159 1203 165 206 169 1916 148 410 240 469 57 621 131 430 124 2401 119 382 105 412 110 298 127 1485 73 525 97 2279 108 1051 192 299 204 904 195 2301 175 1582 224 1998 43 2245 13 2126 198 1037 102 250 94 1736 110 2244 181 982
9 37 2837 184 2065 134 2192 41 2396 29 2259 200 7 188 1993 104 2162 233 188 229 795 60 1776 14 1031 235 2336 210 1487 10 500 84 2048 79 1719 217 26 215 9 94 582 75 741 41 1946 50 2257 197 420 50 1641 113 1955 232 412 99 587 103 229 103 743 15 1974 103 1037 239 480 141 40 200 2446 70 1884 36 338 108 682
10 37 647 218 1983 228 1283 117 1877 75 1844 90 1358 242 871 154 81 115 2158 79 2151 144 91 34 1414 234 1001 215 2176 172 1154 224 1541 51 455 113 48 179 1316 158 1234 169 1127 23 1548 131 1027 69 2311 133 295 192 602 9 1810 27 1311 47 1947 142 106 245 1416 128 2270 239 352 156 359 127 911 128 2328 80 186 149 439
11 37 4629 188 889 71 539 132 335 10 2171 118 2122 166 2313 205 1141 185 2083 229 354 196 1735 127 652 58 799 115 767 129 2207 226 90 132 2283 91 575 17 1891 143 2365 203 1800 59 655 109 325 167 927 227 570 140 141 96 10 118 107 219 939 91 1265 117 1515 108 462 193 1255 67 48 40 1646 220 2121 17 618 30 2094
12 37 99 66 1047 217 2039 237 1429 225 1529 31 307 116 613 135 1211 83 142 169 771 42 699 143 2489 172 591 40 2182 186 2473 164 2374 150 193 163 1323 174 390 107 1235 184 179 212 647 179 2288 203 2204 93 733 242 571 242 1325 225 1487 116 201 86 1630 172 198 169 140 160 7 81 1078 138 60 64 1296 190 894 5 1936
13 37 1594 205 1733 142 1769 160 2418 2 1631 243 621 30 670 152 234 189 2478 21 918 144 2478 94 2347 162 1240 3 1289 25 2247 72 1837 115 2313 19 80 155 1210 236 701 184 2173 179 1222 191 60 103 1804 147 749 102 1442 223 1920 34 1325 79 1782 245 328 194 280 158 1558 97 1579 233 1689 186 334 118 2186 227 1311 31 1237
14 37 3518 193 324 204 2439 135 1233 34 1014 149 92 25 1867 78 1981 30 2145 60 976 133 799 231 2069 189 1704 138 1063 234 741 42 2413 100 921 51 2491 4 951 210 1124 83 1199 141 1355 243 1350 138 719 35 50 135 2167 198 603 248 334 76 1119 217 2429 29 2091 21 1163 161 840 21 2050 128 2271 98 2333 39 2497 207 1959
15 37 2882 221 2445 113 910 93 221 216 1905 31 1116 98 38 200 545 10 2354 192 2176 42 639 40 2329 115 58 134 1250 169 1889 5 983 73 1587 97 1799 115 869 100 533 215 32 192 2457 103 1141 225 2477 145 1183 45 1960 179 2310 36 2273 41 1642 209 157 212 843 223 1685 55 1049 74 390 124 492 126 1975 180 811 75 1644
16 37 577 23 2248 21 873 86 1014 110 1075 21 1762 213 325 170 2376 14 131 229 1166 185 496 228 1208 30 2364 133 2176 20 2319 164 751 229 2237 28 2098 96 1005 210 2124 167 1135 35 1268 209 2299 242 312 89 433 130 16 169 1443 26 553 184 754 216 208 240 1332 35 2283 176 1130 87 391 56 1203 107 187 38 1070 114 2301
17 37 3404 126 835 193 1369 90 1304 151 1435 75 1348 174 789 177 1563 237 2471 98 2326 27 2139 115 1819 68 1255 122 1204 127 913 197 185 244 291 170 1606 46 1838 201 1249 139 1459 96 897 118 1597 119 2420 75 1055 150 1876 47 51 175 834 237 1536 29 2479 98 2100 36 683 214 563 29 289 181 275 202 1614 207 928 249 1097
18 37 3301 129 1403 189 1514 8 1 40 1481 9 1387 198 2065 165 1736 87 804 145 1491 250 1916 2 954 232 1878 146 1950 56 130 101 28 159 386 177 2298 63 1957 156 2238 135 541 61 1583 230 1464 123 61 162 1620 47 2278 31 448 189 1080 12 756 137 2439 168 239 129 248 245 992 42 225 210 680 196 618 66 497 190 1823
19 37 1132 202 1871 156 453 45 635 93 1208 242 979 249 2494 117 786 220 1476 140 552 28 381 47 94 171 2236 129 127 88 1816 227 863 136 1714 118 1800 213 1199 119 1287 21 490 190 1508 238 1823 79 132 193 2200 79 986 20 1275 135 1984 2 1148 93 1495 92 1666 87 2084 107 313 65 2472 142 1810 116 449 199 1773 21 521
20 37 2956 245 1688 14 466 133 610 160 312 99 1292 206 909 144 100 137 9 112 1608 65 1461 77 616 200 163 189 1782 139 813 170 1978 245 2422 41 2294 229 364 90 1167 53 518 70 1841 244 53 94 1674 145 2368 95 921 114 466 112 196 50 1152 159 2357 206 547 176 748 34 1314 157 1611 186 921 60 266 64 1369 185 40
21 37 2379 164 136 123 611 96 574 219 1645 176 1233 43 1871 47 2264 117 2363 233 2104 142 1330 220 1514 5 757 43 2252 249 1998 41 1040 26 23 89 2431 44 2439 240 1534 39 2409 176 1223 203 930 18 2345 4 1573 188 1372 58 1349 204 1054 14 2114 161 2191 103 2001 82 1561 241 874 11 368 69 2399 181 1578 68 1606 229 1066
22 37 2763 238 914 10 146 103 1948 131 999 76 729 64 293 177 450 92 2170 9 101 124 512 40 1485 213 607 218 2198 117 1728 92 567 235 979 105 2295 128 1354 125 1973 210 95 46 1653 100 1216 185 211 50 1029 85 2209 87 687 234 2293 1 1381 121 820 13 1597 182 55 137 2022 38 1016 139 1133 54 330 49 123 65 806
23 37 4547 45 1422 130 1538 229 2455 222 934 38 1578 172 542 201 1088 246 349 200 946 109 1595 35 1243 178 834 156 1577 184 349 53 1795 191 2454 115 2015 15 2009 181 1653 64 1625 58 626 104 21 140 995 78 37 67 1545 220 2376 204 502 159 1712 76 251 222 2447 94 963 140 1707 54 503 58 1422 152 2315 137 708 107 384
24 37 2696 187 2494 116 2402 194 50 93 2162 102 123 123 1882 95 1459 206 27 96 1815 12 1181 8 289 101 1250 146 2283 186 1194 113 1853 53 873 128 2336 86 1551 45 1118 93 2032 227 1406 236 785 211 541 175 1926 176 80 225 985 190 1540 214 206 135 1223 149 1654 33 502 100 449 210 1024 97 1173 245 154 192 377 18 1792
25 37 1116 64 2308 113 1927 83 2303 235 534 6 2000 64 353 250 1761 193 2187 207 396 92 496 11 2156 41 1075 83 1161 151 1518 2 2126 201 2319 150 1618 13 125 107 2209 191 475 213 1063 101 918 83 680 2 1633 12 852 18 1464 206 1512 163 786 129 849 73 803 159 2040 3 1118 99 1186 200 1348 62 1472 151 934 71 647
26 37 734 100 2244 31 55 95 1976 127 1522 160 1083 124 2265 39 924 25 1971 179 655 195 2061 10 813 111 1546 85 813 25 2428 105 2060 166 924 17 1383 154 1751 182 2259 31 1867 207 967 67 2161 116 154 241 2112 2 698 141 2259 126 1277 25 2317 186 800 12 233 248 1090 53 1593 29 2237 145 674 13 1537 40 1445 175 2429
27 37 2116 210 1393 54 2107 48 1819 3 861 167 1570 40 374 248 1628 190 932 33 2403 74 1752 46 268 54 2110 166 1913 24 2395 86 1351 3 1183 218 1266 224 1493 131 465 92 1948 21 202 114 804 157 347 113 446 2 1289 44 1787 229 1580 76 1393 228 1321 107 455 119 1783 18 1791 116 543 134 1083 13 1712 112 2002 134 1628
28 37 1462 3 1360 41 1262 102 1658 102 1776 14 29 37 711 216 1071 187 2200 62 146 32 2122 19 867 42 1741 200 975 223 2013 246 1343 19 2397 162 1632 169 497 8 2163 203 734 53 2480 55 1617 147 897 191 2027 76 236 65 991 184 2340 186 2405 185 2342 30 644 152 92 210 229 178 257 172 1767 152 1564 18 1677 104 2008
29 37 2613 102 1749 239 1406 119 2082 203 1222 59 839 211 605 104 1204 213 1605 74 195 202 1994 57 2325 50 264 50 1598 90 1390 184 991 86 696 44 1155 166 1669 206 2108 70 1101 167 1668 108 1464 145 647 1 2332 246 2221 83 2104 204 1414 192 83 141 2153 91 307 138 2074 3 1138 90 1448 96 1413 188 1458 31 1352 219 2198
30 37 2199 234 1777 210 2036 3 505 36 1363 80 1936 147 1005 79 1065 97 2032 5 2500 169 1743 36 515 143 401 178 780 193 2194 181 684 186 1678 171 1164 38 1260 90 2033 97 521 187 981 177 1986 30 2 215 1361 130 1890 124 2359 120 720 38 326 150 1797 174 875 15 2224 32 92 169 1017 22 1821 137 2362 132 350 45 1394
31 37 556 155 976 138 2379 165 2160 63 1422 5 909 85 935 106 828 156 2146 150 1734 173 315 13 1988 78 374 180 461 85 2210 16 2433 63 2217 24 393 155 361 27 739 62 1283 247 2119 97 503 1 2462 24 280 17 786 45 1630 102 2148 83 761 156 992 186 440 44 1104 220 387 128 713 84 1 167 1674 120 1263 112 2381
32 37 1279 85 1253 69 1207 97 1236 90 377 91 1334 215 832 55 2490 98 2070 133 1852 124 897 230 49 112 2026 10 2109 191 1621 94 1773 174 1464 179 1429 55 744 95 4 39 1983 91 1422 214 1774 214 944 46 2298 91 700 136 2435 179 439 162 1102 227 2338 235 1246 35 209 56 1140 108 856 31 309 80 2490 156 1787 105 1529
33 37 2558 157 1675 125 2220 63 1878 145 2124 41 808 118 1685 224 1231 26 303 104 2257 224 2489 248 745 131 58 63 894 58 864 62 1151 60 1294 194 2109 76 1636 120 902 226 2145 151 538 191 1984 108 174 206 769 224 512 40 1217 36 1090 241 1083 54 1851 175 2045 118 1172 62 458 78 1461 222 182 150 17 109 1591 76 1625
34 37 1050 222 1008 84 1793 63 2261 160 592 81 2308 246 1062 73 1338 10 758 161 1894 70 1 23 631 207 2454 185 1948 40 1075 14 446 244 1886 173 1921 95 1777 120 1065 206 2145 66 990 184 1606 164 935 67 1428 215 406 88 2364 99 578 21 1950 8 2326 89 2223 8 303 32 304 90 863 237 719 248 2017 59 1111 250 2269
35 37 3107 134 1815 177 1605 5 192 167 272 11 2394 41 453 131 578 220 1468 167 2128 71 2485 245 574 216 1903 163 642 205 1056 45 554 91 613 94 333 112 26 143 1396 119 664 105 1209 162 1513 29 1401 129 2336 69 68 223 1576 145 1930 5 669 122 1854 98 1054 174 823 227 1647 194 1625 96 1379 46 1541 184 459 37 1111
36 37 166 127 2310 226 778 171 889 116 972 239 312 115 1492 50 1356 90 2194 195 560 118 1109 224 1336 232 1476 174 30 137 549 40 1186 145 1362 85 457 73 304 19 383 148 841 26 900 190 306 208 779 58 1255 25 832 109 534 39 764 114 2024 212 1712 210 563 213 1216 206 307 25 1021 109 129 196 1651 158 687 106 1545
37 37 4825 169 335 229 2255 38 898 183 210 205 2357 198 1601 204 2319 18 1076 37 691 221 74 95 238 31 1479 59 1691 47 2335 201 954 244 2295 185 410 93 1575 199 1585 115 2285 158 22 187 1930 172 162 250 1620 192 1122 206 1688 149 438 67 2145 25 343 190 1228 236 2473 94 355 101 1244 88 243 209 1537 21 1171 249 2009
38 37 3843 120 882 83 978 181 1803 39 1771 14 2361 190 2078 196 1255 59 252 201 184 33 2428 109 736 107 1488 84 2161 66 507 240 1209 45 678 119 883 227 1208 15 1559 103 2401 42 786 25 2020 204 374 155 259 200 743 200 26 189 1386 249 154 217 333 74 2185 23 1101 67 529 159 2492 228 2373 17 144 26 2063 219 221
39 37 2514 128 2376 231 2441 21 171 225 796 191 926 187 285 12 1651 140 2389 204 467 67 61 64 2226 157 1664 49 1393 72 1349 131 1590 2 1794 37 1218 86 2223 15 1906 88 820 103 984 205 593 173 334 162 117 97 2334 85 265 58 626 174 1668 216 844 146 936 217 869 144 1055 245 2001 13 1857 126 2422 241 2080 176 1021
40 37 1862 50 1280 79 339 14 698 59 701 186 18 243 1503 198 2382 192 1060 75 693 180 1673 214 2083 165 2214 39 948 140 2373 168 1453 37 723 41 1268 227 702 160 184 34 1133 10 1924 236 2182 162 1933 242 2139 126 1127 122 1373 149 913 5 1339 193 2440 26 2446 236 1480 168 189 165 985 61 1908 54 2034 241 1175 47 602
41 37 143 8 686 38 175 10 709 53 290 137 1777 40 1492 242 2157 161 1255 61 15 102 1215 33 2442 189 1733 215 585 59 1965 203 1973 53 523 85 2033 4 1349 54 739 114 2189 130 2331 24 2224 92 1550 234 1049 34 2351 177 2258 10 1490 47 1770 157 2281 45 953 101 361 194 1970 39 335 206 737 154 1997 135 1341 122 318
42 37 1556 34 1421 123 2262 82 1768 99 452 17 872 141 2260 155 308 175 463 155 717 39 2366 162 1746 249 1684 157 2019 152 1444 190 1200 223 240 91 1731 181 2324 115 2022 142 1480 210 1045 20 1571 112 898 143 2209 160 1946 103 1961 154 2024 142 1727 31 2263 52 1278 204 2271 102 1992 33 2257 137 1751 62 1299 142 1079 4 1265
43 37 1981 180 2384 132 56 111 2228 197 293 184 843 196 2422 121 696 138 899 178 1309 75 746 41 103 233 953 235 1262 203 1922 243 7 140 1658 42 251 174 370 190 1076 197 565 11 366 96 518 111 197 162 306 221 1814 4 996 101 2039 140 1363 78 2203 101 244 65 1163 141 1193 154 1950 34 1146 97 582 78 1143 151 1631
44 37 761 58 1750 108 289 50 1528 106 1394 68 1147 140 2059 39 2113 89 2387 1 1555 240 1127 20 206 219 644 147 167 227 1003 169 1423 201 1152 32 1975 71 753 101 238 35 2376 6 208 162 476 130 1726 226 2164 192 1806 81 791 40 281 228 79 115 1742 218 1823 55 854 123 1022 161 577 70 1657 172 1181 159 1702 178 1866
45 37 217 82 1061 164 628 122 957 89 2390 62 694 240 713 118 796 197 1599 18 988 201 1186 186 1734 62 6 150 1900 31 1963 127 773 154 577 238 1820 133 919 30 1671 153 474 245 2433 217 101 210 1428 227 2477 174 712 194 1986 200 2277 78 360 118 1657 33 1845 159 137 36 1988 190 1825 29 441 198 215 250 202 29 657
46 37 195 77 898 208 684 15 1644 168 1517 239 1942 2 1235 45 596 247 1972 103 559 115 917 29 595 88 6 32 110 187 66 65 91 16 1959 151 2347 145 707 250 123 100 2162 77 1444 109 1662 122 1062 149 595 192 2409 178 770 12 304 72 1991 202 2320 175 1520 170 2055 187 389 203 1948 80 543 60 1291 138 403 52 1258
47 37 3894 163 1725 63 1375 68 620 9 1426 51 408 195 788 189 1000 238 2490 110 2437 174 221 229 1912 82 960 215 2289 215 1821 49 125 165 2385 70 797 210 491 3 1912 86 199 51 1413 182 2059 112 1416 77 1284 88 1892 190 476 156 924 154 838 44 1947 102 2253 226 1747 244 721 205 1893 182 1113 179 2460 24 2323 59 1311
48 37 3045 150 507 210 1681 83 2296 196 1588 228 275 37 1698 28 1161 202 703 242 1995 15 1783 219 1305 204 1460 220 2417 174 2393 159 257 114 1689 54 2141 19 396 224 811 22 2455 230 187 235 1082 176 1493 21 1644 160 1606 135 1261 28 1275 216 1796 125 2182 108 265 143 2163 127 2167 236 1471 73 942 133 2042 134 442 191 1390
49 37 2092 183 2010 114 1839 39 146 192 2008 62 1272 1 1708 192 422 170 119 8 2078 228 2376 64 117 42 15 207 206 116 1049 157 1844 40 2095 7 1867 225 1470 50 645 161 693 114 1053 20 1335 93 260 180 2129 52 640 104 1008 94 506 119 1360 162 1879 156 885 51 414 79 2012 155 343 109 169 122 2281 66 280 208 597
50 37 4431 14 134 240 599 60 400 167 801 237 233 119 458 177 541 226 528 34 1513 212 741 95 2265 207 2369 151 730 37 2146 39 2004 116 746 225 1498 166 267 204 2065 179 2251 178 823 15 575 158 2343 174 911 200 385 197 2237 219 1333 22 1495 121 1963 211 365 142 1875 164 1077 111 2208 51 2403 103 465 38 1996 218 1146
51 37 4065 184 1487 118 1683 187 2424 20 1103 107 479 143 346 56 2355 102 1362 99 1524 232 719 175 738 177 2435 221 684 218 1077 218 2323 3 10 235 996 81 1537 238 2404 212 586 158 1553 48 1667 193 2024 186 2431 37 985 95 2490 95 1797 50 1275 228 642 69 972 166 161 17 1655 245 1423 29 2286 245 1784 6 1827 188 463
52 37 2817 212 589 55 2381 200 23 134 2246 38 1526 68 2022 130 1749 60 930 112 1137 201 1630 221 50 236 2249 141 1997 16 1533 41 795 46 118 39 2175 234 1519 82 1276 173 757 13 660 34 713 229 214 81 1466 150 1868 116 2351 68 1997 128 1111 159 562 45 1552 177 2089 122 1178 150 1661 13 1922 19 2395 210 1488 58 418
53 37 1722 106 789 40 2415 106 1083 250 1327 103 83 66 583 25 704 196 1930 55 1891 115 1443 250 756 87 1951 234 2041 93 1233 147 677 224 44 220 2012 204 1001 233 1515 184 430 22 1313 95 2260 140 1709 221 1335 120 2296 26 1915 175 1951 12 1495 199 454 69 1928 66 695 130 1866 63 2255 22 1525 223 1009 178 898 176 194
54 37 588 31 2036 136 2470 75 187 86 1710 185 130 172 2111 15 2153 26 1532 26 1337 64 745 219 1984 116 1184 162 2042 112 1668 27 1586 20 1582 244 567 64 317 20 1190 62 2265 156 2055 164 1731 90 2120 239 1155 207 1771 202 1004 247 132 136 1799 220 2237 166 1649 183 416 106 571 203 1253 158 1529 138 104 32 2371 1 474
55 37 1766 218 1832 201 726 6 2277 213 733 154 947 39 988 155 30 125 1085 153 927 188 1092 181 456 157 2367 205 666 143 2436 174 626 250 931 134 1138 12 2310 31 1256 46 249 124 862 14 2015 196 2058 30 2148 112 410 161 1915 155 2447 100 1814 69 1177 170 1541 209 979 235 584 58 370 94 814 99 1214 12 1389 135 2002
56 37 1407 190 82 230 197 20 276 224 792 209 1321 17 2181 25 2256 190 445 207 1709 218 2413 83 761 43 1417 80 254 232 2342 6 122 221 902 183 1595 163 668 122 2399 39 190 126 740 42 2080 36 918 57 2125 45 613 164 741 93 2239 71 486 75 1243 47 1456 198 2117 143 1620 204 464 21 418 50 985 228 720 92 1398
57 37 4106 230 289 154 1386 22 1527 25 1242 197 851 172 2107 89 1109 33 2135 24 170 70 1766 192 313 226 2175 65 1126 23 1294 86 711 107 746 102 802 210 929 123 286 83 1647 174 119 89 1926 100 325 17 1931 225 2316 226 349 17 420 154 2136 35 1394 127 896 156 297 142 2292 215 1625 92 1894 200 1281 91 2217 21 2444
58 37 3019 55 128 186 173 28 237 139 2367 28 720 90 1016 235 1619 64 2051 59 188 200 2353 189 1449 138 1783 55 1341 138 1944 12 951 242 1559 92 900 158 973 236 1590 94 1423 45 661 110 1178 192 1627 222 844 28 330 138 1582 190 2050 145 2332 3 215 160 1122 134 223 23 739 24 512 38 1078 141 2089 164 2488 189 1309
59 37 2821 45 2107 22 524 17 471 88 534 120 2145 36 2122 40 2294 32 397 213 435 131 641 37 292 204 540 45 1061 69 216 202 946 102 591 97 632 159 2296 20 745 197 1767 139 2439 145 660 208 353 171 291 203 1538 23 941 179 1957 249 946 115 1400 16 1058 51 643 54 1451 203 2160 226 1188 151 467 195 776 196 1930
60 37 4007 20 1419 156 229 109 11 16 198 119 419 31 2002 151 1113 222 169 217 522 8 1065 152 1587 43 2195 155 1903 26 1452 130 1315 237 1724 3 173 52 863 54 2070 86 175 90 1626 205 590 149 1427 144 1814 235 574 161 478 233 2254 133 2145 47 1324 59 211 204 2391 173 1862 210 546 10 1050 144 1185 88 1452 34 525
61 37 1227 94 1160 250 658 210 684 247 225 20 1829 241 2137 192 1379 153 1121 154 1053 69 2012 98 303 116 1656 232 1609 97 865 161 2235 205 1619 173 1688 53 1745 137 252 85 1760 63 656 246 519 116 238 83 1194 34 999 34 934 146 1885 91 1961 162 2333 77 2156 171 915 99 2418 243 1446 127 324 19 2137 242 1127 158 284
62 37 3557 70 13 45 2128 212 653 172 2296 35 1168 73 245 231 1867 13 2356 25 334 24 1317 247 1628 164 92 45 811 90 207 86 1008 229 1980 78 2445 232 962 4 1200 102 882 182 279 21 826 2 426 27 718 139 978 75 411 153 1923 168 1190 117 1484 240 736 171 590 87 298 79 714 250 288 147 2219 54 1966 196 251
63 37 1771 183 1134 67 925 47 1427 220 1349 135 2112 106 2115 153 1383 112 859 74 587 90 645 179 960 237 817 189 1020 55 1276 165 1664 8 2283 9 1415 234 2467 46 1241 110 1072 44 1895 246 2235 63 1216 139 441 244 108 103 610 17 1866 66 810 211 617 131 2423 128 816 198 2182 96 2478 129 2039 43 2465 26 1339 53 1759
64 37 2455 183 1137 33 1006 248 2474 220 1042 157 2038 111 1084 38 1742 153 2356 51 757 237 2457 245 1294 37 150 4 421 47 2431 51 1330 222 810 133 1925 144 782 168 1906 118 862 205 123 12 1709 119 1542 67 1370 98 349 116 1456 4 2286 173 980 161 359 71 61 2 784 9 2000 192 1722 220 2014 191 2372 21 365 80 1444
65 37 1751 228 1578 18 1994 19 1348 36 2445 163 426 127 996 6 1980 211 47 201 1448 80 697 84 707 122 1810 223 1952 74 208 233 1220 146 2395 34 294 38 1787 191 92 242 1092 167 1717 219 243 57 1234 9 1664 26 849 158 1384 155 1435 156 1998 59 1829 237 1997 65 1491 190 1221 10 66 210 2024 14 761 115 873 88 1000
66 37 1537 76 1639 179 73 114 1286 24 1755 200 126 28 1426 229 1303 15 504 247 1322 149 2371 95 1693 68 1971 63 205 164 2296 79 491 245 1702 155 1083 3 2178 217 1802 10 595 113 1302 119 284 244 2139 171 985 168 240 203 2135 13 504 194 2004 92 611 183 433 17 591 148 791 136 1899 214 1546 35 1376 184 2411 167 276
67 37 4802 146 1620 95 265 40 2310 53 1802 155 1877 29 1376 62 2278 162 665 49 1222 12 1776 215 1173 209 1070 225 214 153 361 209 2228 243 1767 73 1019 132 447 129 562 21 2403 105 159 223 1645 164 2419 231 515 208 2280 25 1505 55 1036 17 2402 240 1875 230 710 153 1211 150 2392 111 1762 208 1229 34 156 129 709 148 2082
68 37 4358 249 311 81 807 25 2396 112 2039 218 2093 60 1204 217 548 211 1197 171 1307 138 1898 6 1886 118 765 11 546 114 501 121 228 154 1440 89 992 215 1114 170 1261 161 2253 125 1488 229 1165 110 328 140 1726 81 1632 126 1291 238 2376 217 2383 190 2482 71 2326 241 2472 49 155 41 1655 13 1275 101 75 101 88 232 1515
69 37 3875 249 357 167 524 103 190 39 270 186 365 34 118 11 2383 192 118 246 744 162 554 41 1196 52 617 65 2337 216 1542 33 1859 101 260 19 200 230 2463 40 738 147 804 28 186 231 1577 14 714 22 574 250 455 151 2226 16 1050 223 1688 116 2406 60 2021 136 1244 234 1718 192 1797 206 723 229 2296 12 2412 128 1238
70 37 518 82 1951 223 973 67 913 203 352 194 1018 90 1262 68 44 164 237 96 1894 90 2150 141 2412 123 401 186 1193 24 1124 122 31 5 1651 11 2467 130 590 100 1361 213 2355 70 1529 200 1624 79 672 240 1224 30 853 40 2215 232 1354 171 383 226 1372 157 1757 22 760 208 1698 121 1058 245 928 133 673 202 2374 89 2265
71 37 3414 192 129 108 754 139 66 39 1766 193 991 123 2052 185 2481 28 141 174 130 3 971 22 831 193 1550 157 2273 173 398 149 2088 12 2419 6 57 161 1308 79 1449 184 1705 60 506 242 359 91 2238 190 1350 227 693 29 1437 74 2128 10 802 101 669 41 457 119 925 27 572 216 2379 66 850 177 1 235 26 129 695
72 37 4540 136 304 19 1373 47 659 237 1310 51 1740 226 1996 235 369 21 1727 244 961 211 2425 121 1573 209 385 244 506 40 729 97 2050 104 75 82 276 180 442 69 1909 112 976 46 572 248 960 133 1806 62 2251 101 1681 234 603 128 1443 60 2329 13 1170 165 111 142 2233 6 1329 95 1001 189 1780 161 1327 104 2037 173 1170
73 37 3934 28 112 36 1971 37 1131 92 1884 224 1058 157 548 117 1477 211 1910 66 989 180 383 194 1932 126 679 161 425 199 1555 128 817 182 2102 201 2414 166 73 47 195 133 1386 148 498 52 921 37 2181 171 274 43 2364 125 2052 248 1709 31 1580 178 426 26 736 226 1029 18 1550 28 1322 186 1858 221 984 149 690 44 1913
74 37 133 192 2476 35 1937 155 76 84 1288 140 1305 13 397 243 448 83 586 81 834 134 2375 29 948 6 206 36 1274 96 728 183 373 36 1761 113 2291 18 1227 27 1558 122 374 93 1477 192 1702 27 2447 91 1647 132 200 231 1408 61 2055 99 2086 134 799 33 2140 249 1630 132 753 95 1247 111 2142 60 1470 128 2276 157 503
75 37 3191 11 1918 156 1614 22 1871 118 2 29 1890 206 2497 123 2482 188 19 134 2170 35 359 90 444 45 968 33 886 145 2073 233 1489 230 1221 170 623 248 2423 143 2026 58 1442 122 1887 40 1318 149 1802 200 846 35 1630 228 1079 206 2209 238 2002 66 1229 19 753 50 517 145 2091 12 1312 152 2218 93 2223 159 2193 36 478
76 37 1234 45 1960 16 1283 68 2116 18 37 15 459 169 1888 91 933 97 1226 125 1538 126 956 131 674 245 726 56 984 241 922 62 2061 235 1240 218 332 116 2400 82 1036 49 1818 221 1299 114 892 55 1532 180 359 47 831 110 1714 39 1124 98 717 223 1287 191 1095 78 577 229 153 5 633 239 1936 64 1087 242 1441 11 2239
77 37 3322 41 2089 162 1468 125 1546 138 1680 108 626 249 627 194 1195 87 2017 50 594 60 1711 19 350 98 469 92 1293 37 62 159 438 195 1410 73 1046 86 1244 123 2268 26 418 212 592 59 1369 57 333 149 1400 28 510 84 1132 106 1655 34 176 246 2196 117 911 148 819 176 614 82 1844 64 1571 88 1852 218 521 176 2393
78 37 2380 199 1676 42 1005 136 207 183 196 180 1234 89 1146 196 124 250 292 111 322 23 1596 210 689 135 2398 177 2438 14 1815 236 40 159 1957 171 2431 143 232 161 2300 95 1396 46 2078 151 1943 172 423 41 251 89 463 15 1752 201 2110 150 2412 207 763 193 1633 217 2108 71 1249 193 781 152 1082 101 2352 180 2019 7 634
79 37 741 160 736 136 778 78 1214 56 2010 232 2110 248 810 213 1321 13 1833 31 1633 141 2068 139 54 78 551 52 2305 16 1494 5 81 144 2498 80 1022 116 2059 43 1166 232 2417 145 957 46 854 17 1680 70 1124 23 1093 222 298 157 392 86 37 188 2316 77 401 155 655 157 1235 230 1267 238 676 142 2363 137 2435 102 2067
80 37 791 212 344 87 2086 57 1148 98 1133 127 2170 179 1325 134 2365 122 792 74 1098 25 1998 24 506 143 660 82 1746 68 401 150 934 203 2334 140 11 8 1485 10 1479 173 2473 28 1829 165 733 247 1420 125 1181 40 1768 245 808 184 382 70 138 167 1447 143 1497 124 56 35 134 134 2240 138 950 95 1769 135 217 205 1613
81 37 2328 196 877 238 297 92 225 42 1714 19 432 232 1791 48 2319 42 1533 36 534 117 1124 79 2497 189 1332 43 173 16 2326 205 712 13 204 144 1421 59 1069 14 809 201 2497 66 911 10 303 171 1206 9 1463 85 1458 1 593 191 1190 30 2452 17 156 66 255 149 524 185 384 217 1241 74 1905 236 1948 218 1963 101 1140
82 37 1793 123 1049 240 1980 29 351 171 1047 7 1432 145 975 18 1647 158 1731 129 704 162 2354 89 1547 75 1208 194 1250 62 242 214 966 12 503 215 2176 37 1547 96 2026 11 1801 168 390 24 95 198 241 45 635 237 668 120 895 47 2356 244 760 45 1929 207 660 178 530 24 2013 223 2099 145 1832 23 2047 29 566 109 1004
83 37 798 223 2371 81 963 223 175 51 1890 120 1244 36 670 160 561 115 1127 84 2234 165 93 192 1419 106 2371 10 1637 219 136 134 1293 115 595 204 108 193 2282 226 517 136 1981 167 2279 130 556 188 205 104 2332 174 2229 163 1035 20 184 190 2424 14 2114 126 2177 116 2248 142 1369 153 2106 127 1582 44 873 140 1078 145 500
84 37 3631 2 1001 109 1648 220 536 4 974 121 2082 247 481 129 1249 201 942 52 1122 131 274 125 740 20 1740 167 401 68 1595 35 2258 123 310 145 1748 230 880 60 1683 67 1080 189 1430 11 1146 46 3 172 340 39 508 125 1426 26 1578 126 1816 191 803 207 2405 168 465 190 2458 32 91 159 2330 136 1095 43 1778 248 609
85 37 2227 202 249 159 595 58 2401 114 641 158 1001 166 409 44 2004 55 82 113 2223 183 1356 86 680 120 2100 6 965 40 805 201 1497 70 329 162 299 1 1114 193 2196 137 697 250 34 139 88 42 722 130 940 220 156 225 1428 151 2290 141 1503 93 905 21 155 178 473 111 1662 22 2171 63 1989 124 1792 112 2359 61 1861
86 37 1353 130 2321 2 867 114 1724 191 1694 8 2131 147 1390 249 936 86 421 217 92 11 150 26 2 223 1225 45 1602 3 2238 53 396 129 1252 49 1507 55 1390 39 1095 18 1438 60 893 243 2414 174 1976 86 2432 76 1737 208 375 4 870 130 903 159 561 43 2037 209 2397 167 122 214 22 8 2349 71 443 236 1098 123 242
87 37 3900 30 1900 115 1367 50 870 11 1186 26 672 19 570 244 741 122 337 79 1548 244 2154 108 1440 245 98 185 2378 71 931 57 74 44 1491 67 2238 19 1944 70 1024 50 1521 205 697 242 436 104 26 211 1390 121 1225 153 2245 93 2208 89 2187 120 1312 33 168 187 797 166 2056 203 1315 17 2483 236 687 249 77 226 1537
88 37 1979 50 639 131 435 217 2360 126 1625 117 1952 115 1707 142 2167 36 913 77 1153 57 2427 65 1232 1 1869 197 888 225 348 191 814 170 617 191 927 135 388 212 332 39 1319 220 2052 159 383 66 2242 95 872 242 1787 127 1194 142 893 121 1306 105 1805 226 1887 9 2442 176 759 36 662 28 950 231 1768 178 2249 134 1515
89 37 169 38 73 103 1157 206 1979 141 1252 78 1657 224 2110 120 590 140 2240 51 1014 149 982 242 1767 191 2182 129 242 211 1953 26 630 208 2299 172 1976 84 1889 22 146 117 2342 241 1958 147 1949 51 2326 59 2220 90 1821 142 2491 95 488 211 482 35 2037 172 2011 213 336 4 687 117 1254 157 2206 53 1303 144 340 108 675
90 37 2634 249 1230 178 2328 233 1918 100 1630 20 241 108 259 58 118 61 1750 172 1530 71 1585 180 295 145 1763 143 52 30 774 244 860 211 1999 23 1163 9 1174 187 1972 67 886 179 2499 201 366 48 518 134 551 30 989 204 686 1 192 205 2395 159 1653 81 2291 198 838 2 576 68 765 215 131 95 586 102 1986 184 549
91 37 1620 199 2354 38 35 119 866 50 495 15 663 6 1644 176 2307 33 350 58 1912 6 2410 245 1610 34 1105 75 1126 203 1722 15 1269 178 2039 70 12 104 1317 25 2127 168 1093 189 578 217 957 249 2200 117 240 163 2303 103 1054 232 1540 160 820 126 560 99 1492 166 425 180 1124 2 298 116 1116 220 1800 11 352 108 526
92 37 1262 142 1724 183 255 76 1937 235 2460 125 2463 154 1709 77 1176 18 2246 168 212 153 2070 181 947 232 669 57 2389 157 28 249 1124 179 634 28 2319 134 1816 244 185 208 1198 98 1774 159 448 211 2297 4 2165 205 1212 128 2176 22 967 15 291 179 505 248 2398 19 1165 193 2000 168 2296 67 178 168 779 41 999 194 1571
93 37 3975 16 1929 208 1340 41 1145 42 53 69 2014 157 1459 81 668 76 2384 50 1779 250 2043 38 613 68 1577 91 244 211 2358 24 2162 172 860 194 392 240 2056 148 2292 226 857 90 585 166 131 224 2422 122 1024 154 1803 112 767 176 1924 35 331 142 148 111 1591 158 2223 130 1993 128 784 139 1715 63 825 197 797 18 2112
94 37 3720 54 1292 193 1370 225 457 212 1334 60 2245 167 1360 148 1238 213 325 190 402 142 68 113 1275 37 436 234 563 129 1309 214 806 222 142 99 2455 168 2297 32 267 5 1460 7 1652 96 2206 5 269 242 783 58 475 228 1861 71 1367 85 874 97 1678 62 1034 183 2049 15 913 201 385 223 646 43 1645 203 1056 41 243
95 37 1167 50 1892 56 691 62 2131 234 1402 198 1989 151 175 65 1571 6 559 198 943 55 2281 156 285 83 931 227 1038 143 421 113 9 213 206 112 1910 178 490 151 88 226 1753 163 744 244 2235 222 1518 43 2445 214 1518 140 1488 142 1595 132 1684 18 1743 139 878 82 2499 8 849 100 1381 151 1779 230 2393 52 2122 50 794
96 37 1655 109 2326 210 40 16 1023 18 1587 84 916 52 1820 53 1402 140 395 47 405 179 719 62 631 43 1413 49 355 19 52 233 1954 135 302 236 343 221 1071 191 469 52 1744 155 1861 33 269 237 491 30 180 25 2109 36 2093 227 1364 83 1932 80 1952 231 1426 161 1610 154 2125 133 1769 154 1410 50 753 6 480 46 1342
97 37 3652 229 2214 237 1082 141 154 38 284 140 813 249 381 83 1002 247 835 188 381 135 1380 207 1648 182 693 133 2459 164 573 209 1646 54 2398 5 2474 156 314 5 1513 225 2226 51 26 222 1809 86 705 200 1646 42 169 47 2313 240 1697 28 707 26 1536 61 508 174 965 195 2491 235 890 103 929 150 201 129 1090 188 2168
98 37 2061 189 1851 179 853 88 7 242 47 62 1025 104 815 28 1914 103 2152 55 1126 46 219 88 985 6 847 69 321 135 1107 235 1188 245 835 91 1987 215 2472 11 1994 21 1458 213 551 2 441 3 727 100 548 94 326 173 1444 201 1071 206 1250 64 370 19 185 211 1599 250 692 70 1200 230 1681 122 230 17 54 93 1867
99 37 3184 137 352 235 1746 130 334 16 300 61 940 160 2214 95 2076 22 2091 4 446 78 1557 23 1358 237 755 132 2475 197 2099 36 222 33 507 191 1257 148 311 121 212 225 374 50 1588 121 1563 188 2247 115 1709 221 862 62 1536 52 2185 158 1509 204 759 6 872 195 1430 211 1670 47 103 197 1179 55 346 70 1584 2 247
100 37 871 33 633 70 2236 153 1106 250 1915 237 1026 7 808 175 443 93 974 240 1282 128 2231 53 1517 49 1093 177 1735 32 2282 135 113 184 145 69 1934 112 1560 153 1311 195 815 231 743 17 1292 204 194 89 190 98 770 118 181 40 1032 155 2151 140 1151 190 943 184 1301 245 384 41 1181 124 933 45 1029 91 1092 117 1099
101 37 329 163 104 59 355 37 521 69 1680 215 2436 144 530 146 943 25 2233 161 1270 244 323 153 1656 11 1445 134 1486 243 2412 188 197 65 1645 114 2011 62 2463 125 238 19 309 18 827 72 2319 59 1112 231 2156 95 2128 116 175 29 234 63 1348 105 1049 166 257 173 1704 98 755 110 1908 196 1262 69 2233 244 730 187 983
102 37 1444 103 2383 151 156 25 2255 13 387 58 1465 7 820 7 1197 9 2019 41 1319 49 2464 12 1253 209 2372 132 1141 194 132 123 2257 32 2055 92 2340 5 2221 197 2441 68 1810 66 2296 5 1746 63 915 241 2457 19 1579 173 1059 226 1319 66 349 4 1107 191 1132 245 2049 54 1887 53 1383 69 1368 215 152 70 2333 178 2074
103 37 1567 86 1942 37 2133 176 518 94 785 51 917 91 1495 55 1920 20 1484 64 634 126 2154 181 2249 205 905 115 2032 68 1315 134 1395 201 253 214 171 70 939 111 2269 22 1783 176 1617 125 1587 54 1029 54 1901 230 512 206 467 32 586 168 754 227 1243 153 29 197 790 178 440 20 424 216 1119 200 1420 192 656 138 1228
104 37 3465 114 1016 230 1664 19 2181 175 748 212 18 85 1683 23 1231 64 647 117 36 205 2332 31 1452 44 2187 209 1499 177 2500 39 1554 162 298 36 875 65 462 80 1933 130 329 18 857 161 355 99 1472 140 2088 196 363 11 1336 110 1122 224 2309 80 190 165 1302 233 1090 53 1995 108 1674 248 1536 149 1386 37 1342 209 1295
105 37 3813 242 1099 10 1532 44 1070 136 1494 90 548 62 1237 150 2081 145 469 124 1822 21 2111 182 673 31 347 165 508 234 236 51 752 16 184 167 740 197 82 9 971 80 1273 186 436 190 1800 146 37 154 165 104 130 235 1117 159 1901 96 611 109 2146 128 1862 79 1003 58 1003 204 1339 113 2085 204 904 195 1738 110 548
106 37 1593 163 1773 58 707 121 1836 132 661 193 2395 96 345 112 1198 194 2418 52 2070 190 2078 123 1589 124 915 211 2176 148 935 230 1367 16 1485 184 1232 142 1758 19 1011 126 2077 211 236 216 896 39 1609 10 2398 124 1518 188 290 50 943 7 1813 13 305 233 1976 157 2398 66 694 174 515 225 551 95 1468 151 1379 116 454
107 37 568 36 609 4 1151 84 504 10 759 230 339 93 1501 44 268 246 1305 109 2466 57 1142 100 1036 54 2067 103 1439 20 182 67 1039 69 626 148 1960 135 168 226 949 227 623 215 627 230 2260 133 1807 220 2403 106 176 155 1301 146 773 146 2220 161 186 117 1986 44 1061 36 1166 154 2403 115 319 12 1937 42 1110 134 2120
108 37 3645 56 3 52 713 94 989 75 1784 169 914 230 1720 30 2492 76 571 99 1426 92 2051 215 561 161 940 42 1523 118 1174 52 708 242 363 91 2467 41 2336 221 1270 206 1175 176 885 187 1281 114 2036 153 294 65 16 122 2018 127 1527 173 2022 202 599 146 1712 107 1565 30 775 122 2084 24 862 195 398 140 2327 106 2216
109 37 1658 16 959 142 426 77 2047 217 162 191 1265 186 2041 183 1735 79 1190 9 854 162 179 183 66 245 1832 141 2320 35 1044 177 1544 195 1753 204 1172 9 1903 6 1061 209 878 155 701 23 1130 162 1968 247 623 188 929 111 2016 129 996 175 1419 148 2306 94 1573 16 278 50 1698 136 1581 70 1788 168 287 58 1248 106 1162
110 37 300 77 555 92 530 219 2358 232 2244 53 1229 116 1188 41 2232 6 1848 140 1628 54 1892 206 1115 136 726 89 1295 76 267 138 2351 121 1054 85 1144 36 834 28 1972 15 1081 195 267 155 476 101 421 107 2012 114 2369 200 1231 158 1788 38 1770 229 1432 125 858 104 1666 14 499 123 1210 78 1275 236 1926 247 440 229 886
111 37 2701 107 508 121 2405 198 2308 236 1557 77 838 222 880 57 1200 179 2064 114 2490 191 2335 246 1414 214 964 14 2381 55 745 134 1706 203 275 64 1580 138 1134 37 891 143 1757 176 1648 70 1919 234 1727 206 1250 148 274 37 1069 76 2066 4 643 164 532 166 2057 225 1371 174 1384 38 651 110 1765 64 1691 142 1221 44 1506
112 37 2752 97 1165 31 1842 80 1811 19 1030 233 2402 18 1540 205 1506 85 995 221 1424 230 1142 63 809 114 2141 81 587 56 2135 43 2099 16 2007 81 754 140 870 165 1163 10 2005 240 1323 238 61 246 248 1 2091 111 119 243 1634 130 2001 111 1000 95 2208 199 171 127 1263 10 2418 90 133 60 1911 54 1973 135 2200 73 2261
113 37 4117 224 2047 146 2419 23 2068 149 1468 136 609 147 1869 18 358 88 653 242 1866 46 254 133 877 154 1586 123 1723 235 1389 12 677 222 2223 13 1730 226 55 29 1979 230 1409 204 278 43 436 49 2326 181 1698 153 335 249 901 182 2247 224 2078 148 816 22 1868 164 1001 209 631 230 195 170 2156 33 2131 170 1398 9 275
114 37 736 31 2289 183 270 187 1999 39 689 234 1891 13 2360 11 1703 109 1521 125 1390 9 1615 243 704 110 1368 72 1115 160 155 7 2443 198 532 167 2408 6 1006 176 459 21 2074 126 669 48 1528 11 442 57 1993 91 1122 110 644 49 2032 30 1946 50 1747 224 2249 115 1373 139 209 233 1695 9 74 145 2286 180 1979 35 2445
115 37 4175 175 1248 93 319 109 2325 244 1727 115 1528 99 594 108 2347 125 262 43 696 179 859 86 1362 160 1464 8 1031 4 2041 135 3 43 895 202 15 213 1052 218 1632 61 2376 125 1739 207 271 169 1613 188 647 148 1132 30 38 1 693 218 740 2 1794 166 1964 213 2393 234 1971 6 104 215 1717 15 1402 59 125 115 49
116 37 4024 157 2354 160 1387 61 1972 226 2093 68 527 179 1884 247 1085 249 251 172 1421 107 2241 52 159 2 644 70 1339 77 1483 72 2443 87 1387 44 2122 64 2295 25 2477 246 1664 17 1631 222 1510 137 479 248 1518 183 195 238 497 97 2103 210 1709 4 606 116 107 105 307 36 5 26 819 173 1682 218 295 45 632 94 159
117 37 686 215 1567 83 851 27 1082 223 758 173 962 238 1217 128 1263 161 2427 169 771 90 2333 87 1780 245 170 61 2452 25 1658 172 2302 102 433 248 850 232 1198 152 1425 228 1564 83 1321 61 2248 185 545 226 208 101 1484 169 1541 70 2007 80 837 7 1656 72 1617 130 581 87 1478 99 761 110 683 195 2093 61 984 115 1336
118 37 2475 242 809 166 892 58 1288 40 932 44 76 228 1256 54 470 24 73 4 1713 203 291 148 1006 22 404 240 539 192 529 154 960 120 2438 228 969 80 375 195 891 120 1845 25 1570 103 1932 156 1094 38 2197 10 539 95 1075 27 924 240 906 186 2488 145 466 80 662 18 1125 16 270 225 473 210 780 2 2121 137 1939
119 37 2255 53 448 187 488 208 998 227 1028 85 1254 188 1108 187 1720 140 2185 143 1957 93 800 227 1136 52 2139 67 630 3 1781 5 1535 125 2214 1 255 29 1465 154 5 103 1411 68 1867 234 2290 9 1190 139 629 73 730 159 6 197 270 116 1641 153 1303 155 2015 192 1730 63 2028 29 2407 44 2257 108 959 179 1322 121 1546
120 37 4008 159 1089 204 297 134 1040 139 548 209 1496 126 2071 52 659 187 141 115 1230 88 169 109 2021 11 1681 228 364 70 2012 116 1277 8 1716 130 1778 42 1476 58 1093 82 1619 23 507 205 331 131 2166 44 1291 16 540 183 1077 37 1239 72 2046 42 830 102 2326 112 1342 155 1213 198 1484 151 2394 60 1848 181 1290 95 1809
121 37 3947 238 906 193 1605 77 659 146 1288 100 1894 110 1783 171 8 170 1293 16 1648 246 1981 14 340 122 2292 89 1130 248 650 106 1611 33 1980 139 810 83 1701 40 26 101 2483 12 2039 145 173 250 616 6 869 58 2280 49 1931 238 2263 80 2252 171 1279 37 469 29 1281 182 6 156 1879 229 1601 81 2465 138 1765 66 2066
122 37 4710 129 129 169 447 72 489 114 1677 159 1263 129 532 119 1077 8 1915 19 1530 239 1906 94 1602 1 992 201 2463 233 808 193 1726 177 737 119 1115 229 1005 240 340 181 1881 204 505 186 1203 185 1044 143 2029 208 288 127 49 190 25 192 2488 216 1254 79 2437 70 626 236 2100 169 1038 152 651 231 2206 242 1120 179 247
123 37 3401 60 837 186 2170 181 1668 208 1150 171 2074 144 888 51 2111 191 2184 126 733 39 1289 145 1889 92 976 144 503 19 1364 14 1526 246 1670 7 869 17 1708 161 1053 142 2435 167 1982 1 864 41 2079 106 1034 12 2104 187 1565 107 1543 16 1334 36 281 45 302 150 1281 155 780 67 2136 175 1642 51 214 150 2011 159 2104
124 37 858 150 2272 86 680 213 24 48 894 87 416 75 80 249 1794 121 1229 21 371 11 1987 1 1064 144 1024 195 113 7 1308 165 613 208 544 132 1428 246 2488 131 537 189 565 38 1011 157 2406 37 1308 218 570 35 1307 165 1542 53 2006 148 1496 196 2009 23 2453 172 497 152 544 205 999 162 856 90 1252 46 1249 95 384
125 37 1598 151 1477 119 1405 23 382 31 553 123 518 29 194 81 78 221 433 219 2152 225 423 134 157 207 1970 219 873 96 1229 33 20 80 1868 137 192 250 2099 52 297 58 1481 70 1063 226 1248 65 1035 137 1794 83 649 10 949 51 915 224 2426 225 1164 219 1309 210 188 98 912 116 1510 161 421 104 681 240 1576 87 1423
126 37 1905 199 2466 113 1550 123 2458 47 396 91 1272 197 2187 186 1088 183 784 186 33 207 2362 98 923 72 1354 26 1076 34 1230 48 1979 115 2008 199 1337 61 1175 240 1381 250 349 230 1881 139 2198 23 797 60 2132 123 796 125 1737 127 1339 172 1305 157 161 191 109 156 1662 7 1784 160 1642 49 807 117 2152 96 433 228 1588
127 37 1682 103 813 73 911 228 1557 141 1407 216 1349 38 1607 60 1762 68 2250 113 1296 234 519 43 609 65 894 199 661 216 629 139 1902 248 952 201 2426 217 2281 199 2272 6 255 4 491 189 1736 231 976 176 1875 37 109 56 1702 1 1531 68 859 173 209 250 1047 188 2440 10 1317 1 1030 28 144 49 631 118 1291 108 1031
128 37 2229 27 772 248 2044 25 2212 23 1840 191 578 153 578 9 984 232 2387 151 2116 50 1229 166 1872 241 987 198 1911 6 1844 157 917 141 2056 187 944 50 2043 150 1264 32 22 192 2140 49 940 57 2091 242 2040 33 1444 125 1525 178 1368 133 600 168 1776 161 1044 34 498 155 1352 169 1049 39 891 178 2149 51 1084 56 1403
129 37 2628 97 1295 239 762 122 2034 159 111 64 701 181 1604 24 2202 62 1330 96 1665 217 1762 156 2434 176 1054 75 1091 71 1408 8 1714 65 582 243 2303 31 1299 158 2083 132 217 181 2392 149 1420 196 211 128 2230 200 144 19 175 173 1906 7 2287 60 2100 101 1751 13 1397 21 15 133 2041 69 396 212 2349 154 1095 64 2230
130 37 1634 192 1801 4 2323 162 1927 48 1307 30 1518 107 2219 148 1985 159 1668 11 189 16 381 85 2035 88 798 3 1246 154 577 248 1143 219 157 245 1156 52 685 160 732 227 1374 6 2056 177 1951 14 2075 168 1482 235 1772 129 403 198 565 95 518 234 94 184 1626 161 1108 80 1088 57 1213 66 2004 122 109 139 1301 32 66
131 37 1006 195 1929 29 1688 249 2045 48 1563 127 1482 166 953 199 1881 99 762 62 915 209 1138 117 1467 7 754 5 1296 34 1420 207 11 204 2099 4 2347 235 922 123 1900 211 978 85 1206 236 2233 148 159 84 323 139 1617 127 23 201 965 214 2100 74 1964 55 726 91 763 126 1991 24 1492 247 1162 107 822 194 28 38 2230
132 37 918 157 1026 73 172 26 1604 27 1869 158 2040 249 2455 169 1118 232 1517 43 1158 60 1438 225 1799 54 238 85 487 33 2267 249 1536 94 1843 180 1616 56 2190 9 1451 103 1240 83 2272 65 1417 74 2112 54 2392 50 1699 180 1429 44 1923 191 823 216 116 79 984 43 806 17 616 135 1712 4 602 187 736 36 1324 235 692
133 37 4305 47 397 140 1302 166 1000 169 1625 195 1672 146 972 119 1104 196 1865 188 1799 16 666 195 15 216 39 72 739 239 975 11 179 110 1930 144 780 7 1232 118 1743 75 385 183 725 249 1637 95 5 48 2165 144 1884 153 106 5 543 137 1104 1 1674 160 1531 32 1838 111 1504 228 193 249 804 188 1022 133 87 48 440
134 37 2395 202 936 127 1955 19 1174 243 841 144 1524 2 424 18 1739 33 122 71 580 218 857 72 710 133 1631 104 1326 248 480 94 1816 83 1844 240 324 246 3 119 876 80 2209 148 1727 60 1338 197 1700 234 535 104 2129 7 1409 172 1268 130 464 244 32 124 2052 70 819 91 1981 173 1772 121 166 128 1209 107 1969 160 1636
135 37 2578 142 1945 203 1422 238 636 203 97 77 2460 55 1183 244 2058 19 1766 81 575 193 2112 19 1104 49 9 109 1046 73 99 77 2039 76 1929 239 887 212 1346 2 985 240 2442 158 715 160 3 126 886 220 1309 191 1523 81 1818 221 704 249 1238 207 2485 12 67 143 1379 213 2265 50 49 127 975 161 2030 140 2073 96 1384
136 37 1805 94 2312 155 1114 106 1143 192 1856 176 1607 194 1580 234 1696 238 255 193 23 105 879 137 700 78 758 100 302 55 1462 192 1638 177 1335 138 2436 60 1554 186 855 108 2354 177 1451 240 375 237 1407 128 342 212 886 184 793 242 138 141 744 126 1763 232 695 90 40 108 2069 20 1996 245 820 84 447 25 699 11 1027
137 37 3776 3 1138 95 2127 118 2170 237 1634 46 891 46 511 236 517 181 493 114 1803 143 1480 167 2354 165 110 238 402 145 281 135 295 242 2187 118 861 119 547 119 1001 94 1804 220 1846 65 2060 117 1933 5 774 86 660 211 2240 17 1406 77 2411 246 844 61 680 146 575 68 2009 61 1475 245 231 61 2170 32 203 119 1615
138 37 210 176 254 202 541 228 1130 109 129 241 1842 164 2198 72 392 61 719 99 2169 14 1661 178 479 244 674 242 1629 187 592 88 1109 233 224 77 964 178 2427 28 2053 175 30 11 814 209 1021 50 698 161 2084 227 307 94 1666 48 2042 234 2310 55 1155 213 384 144 540 70 1082 182 1484 130 1014 153 1740 107 171 231 1925
139 37 4026 169 1689 85 847 227 357 167 1637 55 806 145 399 78 1271 18 2229 128 2032 194 1156 217 2100 212 1789 7 1184 109 1756 24 1724 132 1926 218 239 216 1933 168 172 35 2217 226 1277 138 1386 231 495 165 1469 100 849 86 1614 27 1483 211 1408 203 2048 192 2416 17 46 205 446 193 1187 56 2255 81 310 151 367 1 455
140 37 517 209 401 193 1883 222 186 109 1826 87 853 191 2409 247 1745 136 329 114 1813 108 822 76 1664 186 2171 194 1270 197 25 80 967 137 2249 147 2035 244 808 78 1566 194 1112 204 558 161 954 104 417 127 1039 143 1279 139 1037 225 130 10 1757 241 1615 211 873 249 768 132 158 84 2112 170 1069 153 609 79 430 191 1801
141 37 2061 246 1079 185 2193 159 914 232 716 95 738 104 882 115 2423 101 256 203 165 142 517 163 688 8 1214 247 529 1 1510 32 2465 86 1094 230 610 102 1007 224 933 85 568 65 2165 90 1133 200 390 25 314 166 1650 112 1264 44 215 36 635 188 1665 114 1196 154 1153 146 19 21 1631 170 856 136 937 29 95 24 1295
142 37 1617 173 866 84 890 122 102 239 449 56 224 240 656 138 2239 114 66 47 20 113 2068 102 2066 33 2163 128 643 169 671 90 547 21 96 177 2247 188 1148 192 1798 60 1344 109 71 186 1497 242 1175 155 701 38 1717 84 572 54 1348 51 1360 247 2291 196 677 168 1942 190 1305 239 1733 186 1684 27 980 169 663 196 1536
143 37 1075 149 1228 197 324 129 2209 106 1402 191 1262 73 1565 235 1733 123 1899 130 401 13 493 147 2446 155 815 126 1549 209 1632 48 1313 27 256 185 2018 91 977 165 915 162 1094 119 2225 82 1566 61 1235 6 321 196 602 37 1694 11 2300 27 87 44 1901 211 849 8 315 128 1921 226 158 6 470 195 1326 49 2134 185 1395
144 37 3149 204 1623 48 54 73 1541 20 733 243 2280 242 226 56 2165 243 649 17 1670 229 1887 48 1840 132 986 99 711 33 1500 241 1953 62 1718 118 230 245 2443 65 1834 98 383 124 2170 87 270 123 1652 32 1646 73 737 225 1739 147 466 241 120 205 421 130 1178 87 274 164 311 56 1934 144 1428 78 1026 20 622 19 1526
145 37 2996 44 2345 128 919 29 2079 48 302 94 325 249 792 100 864 125 2317 49 651 124 2203 13 310 43 2285 125 1748 102 1916 227 2104 187 522 215 2083 57 212 245 1646 102 2074 22 147 138 1393 185 2163 196 1730 168 2287 207 599 145 244 90 2172 147 1315 55 1427 121 1673 14 2063 49 97 167 558 211 667 30 278 178 1098
146 37 3086 137 2329 225 1926 243 1581 113 88 144 194 87 2231 197 659 18 595 204 1785 149 1664 175 2047 152 1689 38 505 204 2329 231 2318 43 774 52 1495 92 1907 137 1180 246 542 60 1347 197 1062 219 1031 245 127 53 1811 88 1651 41 727 135 328 217 780 83 2219 136 420 45 338 234 1031 167 1081 141 52 21 2404 67 548
147 37 1117 90 1248 90 2162 250 1930 160 1406 190 2493 162 1406 65 1570 70 1722 200 2010 228 1598 116 1535 81 1426 121 120 201 1907 91 1671 166 2366 223 1919 205 2304 168 583 4 413 176 348 13 258 14 1452 142 889 208 857 124 1365 20 1546 113 1028 105 1932 185 2228 170 2097 177 209 82 856 158 1813 135 56 56 1848 144 598
148 37 5217 99 2128 88 1892 181 895 18 1327 74 2096 223 1583 51 775 217 1826 179 1774 227 536 89 779 217 1910 136 2190 100 1528 26 475 140 630 202 538 186 777 243 2339 83 1421 136 97 210 2227 162 468 173 1179 198 1724 147 195 172 2327 186 2042 153 1220 164 1498 53 131 139 1385 158 1304 68 2404 183 1979 167 2182 44 798
149 37 2107 53 1428 91 1601 91 1795 197 2426 133 606 67 1710 90 880 27 178 165 1135 63 686 201 862 247 481 222 2133 205 1669 184 2193 195 2380 214 1487 201 755 98 412 169 2068 62 1987 1 1273 60 1021 33 2216 209 2387 68 1299 233 1158 146 13 48 1190 242 2361 200 681 135 2147 74 130 192 168 24 2455 77 1931 161 276
150 37 5209 132 2111 220 2202 17 1534 217 1821 57 1191 112 2030 62 93 181 1918 140 15 198 671 199 1796 129 1631 173 1452 104 259 127 1636 88 1365 168 2181 161 1281 171 2056 214 61 7 668 144 905 144 2465 158 2163 101 1723 42 853 206 940 63 951 154 31 244 1753 134 2474 129 388 132 319 148 373 229 1225 220 1301 127 1361
151 37 4246 15 1657 190 1351 80 977 236 1598 232 526 117 1672 110 2081 175 1247 36 540 83 253 122 2490 57 1764 184 69 245 770 38 186 32 1406 188 159 181 1748 31 1199 66 1622 112 498 234 2297 99 521 177 251 65 1586 137 1118 192 641 168 1990 160 1675 156 1911 145 1837 144 2412 228 1046 124 168 119 1858 122 1028 227 2306
152 37 1947 173 1771 15 2233 209 1039 163 2401 230 1505 34 1208 240 260 211 946 167 357 79 1056 68 1270 65 1620 213 2008 43 1109 191 73 41 2329 187 569 108 835 25 2099 209 847 114 2223 38 592 169 1153 27 2173 177 2115 220 310 29 1029 13 526 18 1046 230 444 162 1483 37 1348 37 1352 41 2085 94 1754 16 123 236 493
153 37 1096 110 1581 82 2067 52 803 35 1150 116 2100 38 1885 102 1408 222 630 144 945 62 2011 26 1972 116 662 47 405 249 1725 242 1983 160 1207 225 1927 114 2386 115 1669 213 775 114 848 238 1903 47 1747 24 750 200 494 46 82 32 213 124 1235 241 2442 25 290 227 730 18 2272 212 1673 205 330 240 618 114 815 206 2333
154 37 2432 136 2041 4 264 243 375 50 372 143 1625 37 809 53 1335 221 1846 200 2394 111 1330 65 2208 243 1309 63 284 78 993 76 500 206 2401 82 415 68 1660 230 2104 198 866 7 52 33 1324 191 1651 155 1894 204 252 59 1221 131 1110 91 577 98 2230 228 1323 25 860 157 2432 32 1712 183 414 207 10 202 450 241 1922
155 37 3763 108 564 40 864 2 1060 197 1355 91 90 121 568 19 887 25 850 199 911 141 1430 73 19 60 1505 242 1457 248 1372 233 1403 246 1905 59 1206 232 2047 184 2255 40 859 53 353 245 948 65 944 182 1401 167 308 4 1221 160 2493 98 283 95 1398 238 1643 129 2153 131 31 5 778 24 53 21 1888 168 2345 206 120
156 37 380 190 1592 41 1170 64 2477 135 1825 29 443 42 1886 78 2116 245 273 239 1787 91 1978 151 654 168 1900 199 498 38 1597 228 1029 198 400 3 1726 163 1316 164 1006 227 387 94 1491 213 98 178 356 191 1469 52 1655 231 917 5 1576 17 522 223 111 150 1987 17 207 14 1824 130 812 30 817 74 1824 7 62 46 758
157 37 172 6 72 180 224 226 173 224 1710 187 78 232 638 26 1063 240 975 126 1454 159 2329 207 1300 203 803 145 1137 189 2312 83 1030 239 2441 107 1234 172 625 118 1123 26 2494 104 1306 3 2238 51 2180 216 1530 243 713 75 1479 137 1959 95 2115 65 917 41 1906 10 1203 107 1742 187 2357 131 315 44 1439 74 591 109 1301
158 37 851 130 1689 169 2171 161 913 207 1268 202 1552 250 2363 210 1847 24 2052 239 1211 32 1018 34 1149 168 149 114 946 65 1424 7 386 36 462 42 68 181 1292 162 1453 38 1258 78 430 145 1499 1 2033 177 1549 144 459 72 1975 57 31 11 679 57 276 250 2394 25 1051 66 622 231 2060 182 723 8 364 166 1151 107 1074
159 37 2459 163 1933 117 200 228 1917 148 1050 244 724 118 2037 206 1192 214 810 162 1465 217 982 143 2138 203 2243 29 716 146 2167 40 1613 24 1846 121 863 127 2408 78 1748 236 1659 78 293 95 1167 159 1104 127 1881 199 1530 68 704 91 2202 102 48 15 2339 92 57 46 803 55 129 173 701 200 1212 24 951 228 2156 179 1869
160 37 2186 53 1056 19 2414 97 2278 179 550 165 420 50 1848 101 1369 52 765 39 1192 50 1721 59 575 210 1730 229 2081 43 1477 195 2164 16 1125 10 618 136 3 134 501 8 1193 103 1579 67 560 154 1202 71 1944 90 326 248 1705 125 1433 234 1189 89 207 115 2056 222 1034 67 1112 48 2031 42 875 185 2412 121 2254 139 473
161 37 3614 152 1980 186 1640 169 782 101 803 158 1241 29 2410 224 1543 36 333 40 317 88 2348 22 492 242 687 1 107 203 114 245 778 93 6 35 2227 75 1791 109 1632 137 1893 247 1148 203 1262 207 1178 245 2054 197 1107 106 1487 7 960 62 1431 122 2191 103 1894 44 432 68 1662 212 380 102 1935 72 1834 220 2111 119 1263
162 37 2045 126 2463 83 628 65 872 198 1686 182 2255 137 1182 47 1116 96 1147 33 1628 236 1940 213 2121 66 190 184 1887 153 228 130 2174 222 1061 20 1817 230 1456 234 2397 180 594 16 817 27 1961 207 634 229 1122 211 844 46 1974 148 2098 192 904 148 1082 231 2253 51 1913 98 613 47 1170 232 58 27 1496 33 494 211 1410
163 37 2957 93 2329 241 1454 54 1119 67 588 242 504 133 1345 137 1986 201 122 170 2379 17 1603 84 1075 127 2026 55 1591 191 1984 70 18 179 640 248 197 172 1831 239 424 191 922 142 932 208 1975 236 1909 243 1194 109 398 152 84 247 63 20 1676 10 356 5 1340 184 918 10 955 95 1596 199 1347 120 1887 202 846 171 1844
164 37 2755 44 1024 216 1051 123 232 44 773 18 912 148 2142 23 1503 161 2172 7 2220 220 1079 10 965 172 1539 25 1892 250 1798 246 674 231 415 1 2431 76 1968 39 679 96 315 49 288 37 326 61 1577 78 983 127 834 88 1237 192 2271 22 754 211 2302 39 1915 149 1470 19 383 124 2204 133 1481 203 2226 236 1772 95 778
165 37 1811 250 291 133 127 55 1269 36 1811 108 378 155 1495 42 2393 18 2066 249 952 56 1145 69 1547 41 1538 125 1792 103 101 17 635 60 1950 18 1528 39 2109 2 501 10 1976 180 1066 176 718 176 414 214 347 149 996 64 864 52 1095 11 1237 199 997 154 1779 219 2227 5 1387 62 221 154 596 217 1745 172 352 90 1931
166 37 3522 244 750 136 1377 110 2322 126 200 104 868 10 218 31 414 121 2499 114 363 21 990 236 2170 145 1983 130 1411 181 1125 209 1336 151 2144 26 2302 4 1039 184 2036 174 651 167 1166 123 271 89 398 245 2102 86 2325 124 2341 32 1554 104 1717 195 1609 108 1359 195 1107 17 1080 29 1826 214 362 82 943 140 1156 137 1369
167 37 1426 162 1347 191 1289 118 766 5 2065 58 892 236 2385 79 519 148 1521 155 2394 35 685 215 1718 169 499 70 1494 182 779 34 2427 125 1635 9 1514 53 371 75 1141 186 351 108 759 7 2331 85 1775 86 2149 247 1583 129 519 195 1754 156 1607 231 2094 184 565 216 2341 130 2391 31 2355 81 971 35 1948 112 1577 36 218
168 37 2119 188 325 250 2481 125 745 184 2405 80 1276 160 1510 89 167 98 2238 2 1143 220 2119 163 2490 14 2460 143 210 79 1982 51 1179 192 1318 172 1852 182 1744 8 235 11 1299 240 1414 153 263 60 77 84 1239 17 2134 122 2394 209 642 31 1111 179 1114 159 407 211 2364 127 630 37 182 27 1443 197 1358 98 606 31 2291
169 37 46 70 2493 201 2281 184 247 56 866 82 844 247 1204 11 1053 72 924 211 1297 98 2103 80 2291 85 1394 29 1338 211 1196 249 1462 234 330 204 315 108 476 60 562 232 616 149 1993 102 1169 71 629 128 891 112 620 106 603 246 1303 127 1465 51 989 83 249 78 1971 56 1610 57 2359 170 2363 102 722 5 1800 141 1325
170 37 1964 44 1415 75 614 76 2419 100 2409 83 866 71 594 201 1268 131 2442 12 2135 20 579 73 1851 121 2278 169 382 238 1549 138 4 7 1828 25 1714 240 1380 122 1804 126 1156 47 2476 240 331 21 2460 65 727 72 1179 22 749 28 2283 172 2185 150 740 117 2450 154 766 234 1286 21 615 117 1854 127 1834 53 2071 82 834
171 37 1410 147 1513 77 1496 76 1799 224 1335 15 463 23 105 78 1605 214 529 221 288 250 734 250 2218 67 1320 1 2312 152 2089 1 1791 184 339 19 1343 216 2336 84 1672 172 2445 210 829 120 1640 136 1397 37 1452 12 710 150 1627 241 2032 237 1540 122 1467 10 1109 180 887 53 1342 8 1483 189 1119 176 578 42 327 167 1765
172 37 3075 83 2455 43 1525 57 1309 30 1263 85 691 240 1667 173 2173 134 203 167 490 175 776 142 1187 124 759 57 497 177 1762 40 222 167 1979 167 918 182 1196 50 575 128 1289 185 602 100 1809 6 1762 2 2046 42 185 17 1152 133 820 94 2219 64 2029 148 1246 60 1475 189 2383 84 2237 200 1641 209 220 180 847 145 881
173 37 2233 169 68 53 1765 189 1846 24 987 29 345 180 2182 92 1352 228 1990 231 1252 183 2045 79 1375 246 1805 8 601 85 389 129 1250 4 2042 223 1872 228 1133 122 191 219 114 137 2034 99 418 6 668 36 907 188 2382 10 2303 1 1290 237 141 61 1153 175 131 41 132 151 780 99 2378 144 1761 51 1513 128 192 248 1193
174 37 2240 2 1629 162 1397 210 1050 163 1424 137 2389 209 898 91 676 62 1009 157 1766 184 1125 109 67 148 1005 131 83 212 871 198 1153 14 1432 10 1002 239 1068 147 921 222 2314 25 1937 169 413 140 1434 183 2048 195 178 108 378 209 1996 17 1129 175 161 113 2232 62 1117 180 848 33 820 1 1111 63 1212 173 1992 152 1454
175 37 1090 232 1627 195 528 21 502 249 683 25 1207 149 1433 140 2422 59 52 205 906 156 499 134 138 56 2015 69 1761 84 1770 223 2134 200 842 65 705 45 1200 80 1193 25 516 108 1307 133 1872 107 1781 29 1306 79 767 81 1593 173 2023 65 539 194 505 221 1010 82 2353 47 248 93 2238 157 2020 218 917 113 652 63 1309
176 37 954 107 2284 203 316 198 1977 76 601 32 2425 106 849 235 421 155 832 87 1076 244 1198 247 130 59 104 173 1182 11 2435 173 2096 96 419 68 1381 71 2112 200 1402 229 1093 154 578 186 133 89 1245 137 1016 76 690 245 962 91 2256 57 1587 105 542 83 382 139 991 235 318 165 170 165 1181 219 1625 12 871 166 2100
177 37 141 246 331 9 1930 104 735 147 2403 14 1464 141 1590 230 2093 53 1563 72 638 35 1036 117 2398 14 1135 106 1674 222 1466 174 1736 178 706 121 2346 171 1008 154 2390 35 515 43 373 177 1295 70 503 50 227 61 2217 245 1541 88 2122 86 901 134 2073 204 820 42 795 58 1629 207 634 115 669 236 2177 156 971 175 1770
178 37 2965 189 457 16 2268 12 1701 35 2211 113 1176 88 869 34 1208 122 2334 195 1532 219 2087 148 1575 185 906 82 2298 75 1704 17 2278 189 1394 73 1457 48 2056 116 910 104 1335 46 555 44 1187 214 864 13 1251 84 1934 10 1976 234 2076 103 1812 36 1150 233 1149 60 746 51 1321 77 1558 219 718 190 677 239 1288 203 1505
179 37 3296 249 2452 60 350 76 594 205 712 25 132 205 338 38 2115 170 2485 228 456 236 160 14 782 38 1425 176 2093 193 1650 9 1988 25 1327 51 1404 206 2059 81 1837 125 613 75 1501 196 235 70 1911 106 1257 143 77 21 2028 198 1986 4 1423 188 2042 31 703 123 2141 30 1961 207 2115 4 1800 82 1500 250 674 11 2488
180 37 3959 66 636 66 780 123 2322 110 316 139 2177 55 1166 134 1251 16 685 109 202 194 1612 114 2061 241 2423 71 429 97 2169 184 2298 15 437 32 2140 151 1561 155 907 202 651 78 2485 54 1526 212 1494 20 447 101 134 13 419 88 1845 101 2043 233 1639 111 774 22 1272 70 1538 132 552 28 1784 236 372 95 865 156 796
181 37 88 148 1972 175 43 136 2226 92 21 142 2332 217 1929 39 1783 72 1035 108 1398 175 2021 45 895 222 1773 244 1173 78 567 155 1300 245 280 233 915 248 1817 247 251 90 1997 165 1030 40 982 77 1798 238 129 61 84 116 163 14 1876 98 2073 39 1417 110 916 56 2241 41 1501 159 919 88 1041 184 340 194 1255 246 1462
182 37 944 204 1440 220 1780 44 933 38 741 219 2474 71 44 39 548 144 295 31 2399 182 1655 185 723 147 450 127 26 226 1562 22 999 111 346 46 1201 103 522 237 1339 64 251 16 1375 7 1729 22 1575 107 487 236 1219 220 1548 216 776 137 1199 7 1139 207 1031 114 228 235 1964 121 1419 15 1640 55 1917 152 1220 147 2360
183 37 1264 10 1296 8 656 243 649 85 2464 35 1667 110 2411 228 2045 206 66 137 1183 162 2174 202 1443 244 639 232 824 128 635 30 1779 5 558 90 340 107 1652 120 2461 58 2332 146 1271 36 2466 59 2296 143 400 26 1760 43 1389 108 830 34 578 18 1221 219 1769 213 337 17 1367 191 2154 179 1185 247 1633 184 2081 212 686
184 37 3781 22 874 168 1171 244 370 14 2392 157 785 143 177 139 1754 31 2487 69 538 136 1500 80 2467 108 1814 155 2168 233 1260 77 2291 148 1334 194 2072 200 1153 16 471 54 66 238 775 157 1966 228 12 211 536 239 7 36 1016 11 2050 30 1779 146 1209 82 1702 7 1198 111 1990 90 311 59 58 133 1998 193 700 191 1426
185 37 2047 109 1695 147 1716 138 750 75 2146 36 1350 198 1685 43 1704 187 388 143 2234 101 1188 135 1907 46 1810 153 458 221 1378 101 1777 92 2500 172 1431 42 628 104 815 165 482 245 2202 91 1574 57 1082 12 1233 157 56 43 905 85 763 23 1189 36 866 192 327 23 2439 202 1762 157 932 31 1717 96 73 160 2183 2 700
186 37 4902 68 1385 86 890 230 792 177 953 180 1018 10 1885 134 152 158 2163 16 2178 240 1840 120 2170 78 1328 237 1090 230 1867 207 1795 79 2398 117 1077 212 14 29 1735 146 1680 156 789 249 111 125 734 89 2138 209 2496 130 441 11 37 100 15 50 1140 175 1949 190 2426 47 2447 191 1722 29 1828 170 2049 51 1133 231 1263
187 37 2438 72 974 87 2400 244 2135 212 2046 241 880 73 1700 163 688 243 849 237 2488 16 1816 128 2367 18 579 193 906 245 754 95 1081 151 1923 224 786 162 1420 239 1950 216 339 155 1875 52 869 62 2422 41 103 109 1619 174 831 47 2424 58 61 60 239 79 2421 9 747 160 1280 168 642 69 1713 133 1709 195 504 159 1555
188 37 4433 161 1334 8 1918 152 2415 198 526 184 245 168 1129 222 1243 235 141 214 1430 29 1355 114 249 168 1677 94 1588 26 2048 219 523 181 2276 159 58 53 2313 38 2093 188 2390 226 922 55 2320 96 1437 227 928 37 145 129 752 63 326 13 1108 237 369 46 1932 123 226 232 373 241 1767 78 1390 93 479 1 597 190 1026
189 37 707 89 1108 45 480 68 286 157 768 39 2112 249 1102 177 421 33 708 84 1034 124 1772 178 600 88 1110 177 432 233 1113 160 1183 6 497 191 820 214 1275 41 2259 197 1045 52 270 150 1277 198 2438 118 1736 42 2438 123 928 124 1971 13 1460 225 2229 208 1807 177 2038 9 2193 219 1560 224 2401 210 1739 109 2112 205 2227
190 37 36 165 1751 92 12 19 454 130 1506 57 234 75 2308 137 1293 134 1912 7 1128 24 906 117 1332 94 752 157 505 89 1770 232 1047 41 1038 149 494 86 1598 46 1738 181 2441 65 854 4 2499 141 2483 33 2039 20 559 133 1876 118 1122 218 248 175 939 143 507 92 1328 140 1970 212 2485 223 1181 42 493 217 2025 120 2462
191 37 2162 74 1063 170 1039 114 1838 247 701 29 1371 120 2022 14 2112 189 806 7 1483 164 1234 54 1490 61 1044 160 317 127 895 83 1533 63 2062 123 2475 34 431 126 1808 150 659 48 1779 111 1809 50 2394 242 1472 215 1046 36 1244 98 771 119 561 240 740 164 2230 153 947 65 534 121 564 216 1152 226 1732 38 2290 207 115
192 37 3368 44 411 59 1240 225 301 24 2060 114 982 209 1546 10 818 135 1880 215 2123 59 580 181 911 212 1504 85 1239 80 116 138 295 241 1039 147 1862 19 562 51 457 199 1048 73 2387 84 2000 7 731 170 798 205 880 170 2448 114 2309 127 1896 59 1213 248 884 92 1981 161 1258 85 33 36 323 151 1157 66 1201 175 2264
193 37 2701 147 339 165 1068 142 2275 60 1143 68 46 143 2242 31 1978 129 2063 179 2280 41 1854 15 551 123 330 88 1911 126 755 103 1876 17 713 67 180 135 2105 109 1286 177 1232 29 1653 50 775 67 675 98 2060 76 680 83 2366 234 714 246 1235 117 1617 249 1834 7 1274 77 738 136 607 146 638 103 25 31 2358 160 1567
194 37 3840 28 40 245 2292 48 1846 24 1811 218 2011 238 1973 32 146 49 572 186 2291 167 1783 15 360 175 1745 46 442 111 1233 208 715 127 2023 7 845 17 1266 182 460 208 1213 216 1995 57 824 57 1810 13 1626 183 1135 18 1221 175 1566 232 1220 8 1926 93 623 235 1079 94 699 214 2339 120 877 40 123 196 1458 6 1485
195 37 2222 50 2393 186 217 56 2250 117 652 39 2411 4 1464 130 2105 150 1034 101 1570 111 1312 207 301 202 155 197 940 2 1341 118 1657 248 1357 25 424 17 1968 169 501 244 280 247 1055 34 1402 109 1128 115 978 106 488 171 515 136 2365 57 1971 248 221 119 52 104 400 33 1663 25 944 193 521 77 1622 237 822 139 1609
196 37 3666 241 679 221 2408 223 735 249 2338 67 1133 59 2067 217 2372 189 1741 180 1869 44 2028 53 2350 37 637 13 1964 40 1195 40 1752 134 906 131 1402 199 2002 144 901 17 587 130 1064 99 482 151 2171 21 1587 187 1393 105 2057 41 1324 213 691 186 1043 218 1341 1 73 194 1098 188 1524 122 1449 241 357 197 2242 34 237
197 37 2999 155 1025 153 1989 94 1246 13 2122 130 2338 144 1382 64 131 10 298 110 874 181 1928 100 1459 27 1521 164 2415 103 2175 90 1466 132 28 20 1636 15 317 104 1012 154 1228 70 650 112 1480 136 1012 236 1961 248 320 172 823 13 2453 140 1639 80 44 233 2042 210 358 243 835 157 1350 27 921 178 1750 196 653 107 186
198 37 2651 116 479 4 649 58 1518 159 879 207 1125 149 778 236 1697 150 1104 26 487 93 825 194 2129 12 331 123 2174 149 2436 37 919 83 658 104 853 216 1912 86 189 187 1430 9 2458 61 1864 213 904 130 403 2 2135 178 1673 162 1407 68 397 100 1673 213 955 162 2479 178 560 234 391 175 1123 92 1266 232 2162 195 1099
199 37 1988 134 325 153 463 203 2483 236 489 141 2248 41 62 147 2450 20 1649 114 2415 8 316 116 2332 4 1230 240 1037 66 2135 79 1387 174 2492 159 1050 85 585 199 1810 157 2296 202 832 58 2060 189 1161 214 640 18 563 39 1277 11 2246 98 1095 124 1091 63 524 14 1132 177 2210 83 1154 84 1034 184 741 16 2089 66 1664
200 37 3147 41 666 65 1544 184 1822 84 1197 201 2132 84 949 115 550 205 1575 100 36 196 2425 56 1948 30 1778 121 279 204 1998 166 1383 146 1445 42 2154 169 1681 224 515 90 646 231 2192 101 2500 219 1854 77 701 71 751 169 1087 16 1592 135 2021 55 732 185 1750 227 352 86 1357 23 1970 250 223 152 1321 100 1575 128 2095
201 37 274 63 782 149 1293 55 1833 97 692 249 767 132 2478 70 758 112 908 113 1880 99 1606 18 609 109 1178 135 492 192 1167 107 1798 48 2083 1 2364 114 786 140 742 10 1337 28 219 140 1375 100 1387 152 1160 23 665 126 905 205 1321 183 2002 194 2415 116 1659 114 360 117 1569 152 67 152 2075 65 2207 155 1172 111 760
202 37 1783 143 533 82 2114 165 107 122 861 173 300 248 1244 200 985 50 1321 230 2488 137 1765 94 1378 145 575 62 1257 29 833 19 941 49 168 201 958 127 2154 15 1511 203 1203 84 1722 236 599 5 1247 239 1200 225 1954 214 365 97 2055 35 636 12 940 57 2290 59 731 51 1588 56 171 90 116 115 284 113 1719 209 2333
203 37 1513 154 841 173 1430 70 2115 111 453 4 1303 163 2116 191 1009 10 1608 37 428 39 112 98 2289 54 2489 124 1258 94 1130 70 81 194 1471 27 1717 37 2350 101 333 146 1623 155 2152 47 1298 215 1081 52 828 35 118 114 200 230 1678 90 1023 248 1194 48 1849 136 1851 143 870 83 1193 106 1339 92 1097 148 61 140 585
204 37 3103 112 2394 140 1833 241 1793 137 242 173 772 89 1784 72 2499 121 793 76 2353 176 1223 62 1697 50 793 112 776 45 769 134 1433 70 1606 240 1387 157 39 198 1351 250 451 49 2025 110 749 117 2146 66 685 152 1695 41 2366 96 1911 244 911 229 1293 69 501 231 238 1 245 161 143 52 785 26 422 245 1472 50 1366
205 37 3425 143 589 66 168 216 2 146 900 178 1243 72 1924 205 603 136 977 184 1432 241 94 69 1562 29 2181 121 419 101 556 176 1774 202 401 150 1333 193 2157 25 2375 190 1052 175 2095 37 1378 245 336 198 1667 173 511 14 773 67 87 247 1842 213 940 122 1424 16 764 51 432 9 436 4 2303 123 2494 206 1958 210 613
206 37 4433 130 1022 122 811 179 1321 23 1161 158 588 16 747 72 2101 230 2100 137 1748 190 2229 229 727 195 642 52 1285 56 1911 35 1259 204 2144 137 2046 249 692 88 1622 49 161 139 2070 134 1944 26 1511 26 317 224 1493 196 518 214 1877 95 1642 178 328 34 1682 175 1018 62 1479 81 1878 156 1031 205 442 238 585 226 2374
207 37 1716 3 1360 161 2377 61 698 239 847 111 1401 5 1933 73 1328 102 2290 26 2263 80 2436 228 1526 92 1269 126 968 74 1391 24 824 131 405 240 767 155 1268 60 1295 152 1346 230 1927 238 934 216 1094 165 347 226 2392 130 2133 245 330 230 2496 15 581 135 2 206 676 120 429 154 1433 153 720 39 393 69 1809 217 1440
208 37 3890 93 966 117 977 160 1172 170 2378 52 2224 103 2352 54 1889 147 1831 196 1417 45 102 67 1319 81 1994 64 644 249 1143 62 2117 180 1133 86 215 172 2025 155 2159 72 359 205 1439 146 1279 200 290 73 477 78 468 72 1424 115 1643 25 1924 93 1607 58 737 139 1167 51 1135 208 438 168 1899 106 1021 30 988 130 977
209 37 3972 233 2187 113 292 221 922 242 950 179 1689 188 452 160 1272 12 176 100 2051 51 2441 92 819 199 1998 21 177 90 464 19 581 220 1315 230 1260 79 195 56 917 137 1032 234 1138 41 1791 240 2187 145 2439 145 1132 81 1034 180 1976 227 1946 222 509 181 97 1 1785 66 1201 40 676 103 11 118 1315 128 2116 88 1047
210 37 913 205 1752 47 841 20 1769 132 593 151 256 189 1331 26 1060 21 493 21 1624 133 1705 66 2109 18 915 27 869 71 622 16 1550 170 457 141 1830 203 59 155 168 10 1231 17 692 40 1490 190 1542 212 1529 151 743 8 1465 6 665 38 2398 116 1376 169 1028 155 314 242 1683 57 1351 224 1152 244 77 216 1080 176 2010
211 37 2413 218 1063 223 2255 106 928 148 253 219 208 102 1757 126 234 175 799 58 652 76 1751 194 1649 15 1666 215 2449 213 1479 64 1285 46 123 120 644 212 651 83 1421 178 1516 141 879 231 919 16 255 50 1600 142 611 169 643 103 2003 65 1616 31 2304 170 1875 89 1483 153 1526 130 527 117 737 221 1303 132 399 114 2366
212 37 4197 9 1613 110 2073 129 1775 190 2211 107 694 168 1016 190 640 103 2192 53 2344 239 672 54 2105 120 1908 241 16 87 2233 84 1429 240 1789 170 34 224 255 41 2285 84 325 163 2249 245 1117 47 204 102 2024 150 1825 239 1375 42 1663 2 1266 210 1226 108 542 96 1792 244 1123 91 1457 177 1376 85 1119 142 1204 83 2067
213 37 804 118 1797 188 297 241 758 130 940 30 1429 53 848 128 324 75 944 87 71 168 1341 215 1298 199 2335 64 1743 79 2168 86 1679 148 1148 209 644 219 834 236 1479 232 779 58 881 115 2178 145 1457 38 2451 4 354 97 2034 95 1153 75 1720 181 1829 78 230 217 2208 72 1574 98 837 211 1232 211 2021 243 16 239 2177
214 37 658 190 1827 184 795 247 1457 202 260 110 555 42 2460 147 2317 225 413 171 888 40 1158 91 720 218 1716 76 1827 15 2471 85 1052 33 59 190 1784 60 2494 178 313 172 158 84 1066 44 2408 179 1498 63 2124 120 973 24 2466 37 1085 158 1062 204 2433 86 2322 212 2288 228 1651 91 370 86 750 119 1790 66 832 79 332
215 37 5507 226 259 182 116 155 633 200 882 216 1419 158 1990 143 1932 166 749 222 1407 202 1345 98 2084 225 1238 71 2489 81 360 160 769 36 2465 232 1887 38 2268 244 1534 195 397 216 1026 111 852 57 1378 243 1963 48 1311 199 1154 143 686 101 2330 112 1095 171 2149 185 2185 47 1602 132 1304 182 1900 244 1197 35 1248 202 2123
216 37 238 188 693 76 730 158 1577 198 1064 91 534 223 2194 205 2403 135 1006 151 2166 136 985 35 1631 137 1333 4 400 181 1874 173 835 249 1972 182 543 93 35 172 1508 70 26 177 349 174 642 20 481 31 1495 240 1582 77 2289 233 236 48 2276 170 1445 186 1621 214 1081 120 2077 26 1778 130 1977 111 1913 17 2497 95 2255
217 37 3463 209 1429 53 59 115 872 163 2168 69 2325 125 193 148 1237 65 821 122 1025 176 109 237 1257 164 2048 76 2178 198 1078 7 108 226 453 81 75 48 2440 94 1131 42 200 102 1916 88 174 248 670 169 1882 156 2061 215 2273 74 1068 149 2330 4 2087 18 755 36 1227 174 2049 84 1150 53 674 233 412 162 1798 250 1787
218 37 471 215 2193 128 802 212 1062 249 1483 69 631 47 315 36 2034 41 634 96 655 224 808 71 1943 4 1004 46 1586 15 2341 53 1645 39 788 74 2000 167 1609 93 2146 2 310 214 578 82 1244 102 899 93 186 84 1505 31 60 247 926 184 1644 88 1454 97 342 120 2144 201 2245 172 1699 130 282 38 2207 163 2430 31 826
219 37 4042 124 1356 48 1758 109 583 12 644 182 98 149 49 178 1284 147 2213 241 1975 107 1396 58 1644 185 1352 36 860 120 208 27 1107 160 1657 150 1215 116 219 160 595 138 131 68 2457 132 1425 245 1066 67 1682 76 1906 65 2132 18 880 164 2486 109 1753 90 1775 189 461 19 416 89 2299 213 2256 10 1764 33 1265 35 1739
220 37 4178 84 2310 112 953 116 817 124 402 83 2072 124 188 111 1400 174 2005 195 181 77 1196 240 75 147 1202 109 197 17 2050 231 524 30 1450 223 2459 110 593 65 1771 108 1715 185 361 230 527 129 1942 12 2013 196 1171 178 2133 235 1753 193 249 30 333 247 2215 10 348 99 102 218 2265 177 1516 174 559 227 357 216 815
221 37 512 31 1345 243 376 144 1424 83 2129 27 1058 198 1847 151 171 51 1214 176 1409 12 377 52 552 66 1711 19 1679 124 1124 188 2171 206 1980 180 512 239 953 36 1781 174 1494 249 2029 239 573 81 1151 228 1804 132 1754 183 279 220 277 231 1786 79 2089 179 239 245 2138 140 2429 227 721 201 2378 195 1257 205 2148 24 842
222 37 1393 175 2311 181 2146 218 141 119 1616 6 126 80 1353 176 728 148 254 181 742 44 2309 87 568 184 453 226 127 208 865 32 1254 183 166 66 1236 189 1628 50 493 237 2080 20 1349 74 657 178 1334 65 1376 166 973 169 1039 175 1166 131 2193 238 670 50 622 54 2429 88 2311 38 1755 130 999 242 2377 125 1955 81 1059
223 37 38 243 2128 111 483 57 957 145 2334 29 2276 120 492 34 2230 45 1629 55 1380 161 756 134 1103 165 584 106 564 136 104 117 867 173 2114 66 139 106 1556 237 859 97 385 167 358 190 2103 123 1219 108 1284 13 67 126 1518 218 1387 158 1595 190 2007 200 1162 144 1064 117 796 95 1647 66 29 78 1662 39 1769 71 288
224 37 1647 195 139 56 252 197 2296 53 88 39 2178 42 1743 75 141 14 332 22 54 204 1803 31 164 174 1765 190 1715 226 279 226 1370 15 877 33 2424 115 504 169 250 189 2489 147 2106 46 2459 232 1144 246 721 122 1173 36 1968 108 1416 241 339 99 2409 12 1033 1 1138 247 1887 28 440 180 478 116 687 36 1058 207 420
225 37 640 182 2055 167 785 89 1165 165 2339 170 2344 219 1135 200 495 41 772 8 89 47 379 165 1637 245 676 35 2457 124 2389 1 1167 41 74 174 1435 70 154 128 1947 106 2497 104 683 121 2293 71 2350 48 2091 162 2445 55 1214 148 863 13 950 41 2065 214 1158 175 2099 22 2454 26 2249 232 1223 133 1977 169 1500 132 526
226 37 925 5 1544 163 2135 62 1785 131 2074 51 887 109 1047 182 30 180 2126 138 374 163 2472 139 915 20 1917 130 1883 4 1667 70 2381 115 1588 117 99 244 2017 24 218 72 1385 182 2455 239 849 124 1410 114 1612 60 632 3 2084 83 608 19 2481 224 776 73 1898 217 53 59 1198 44 2166 170 1676 184 2074 120 974 235 1003
227 37 3593 107 1642 154 66 176 180 123 189 154 2455 183 404 102 993 112 1596 76 1953 128 2348 200 2171 95 1868 174 1225 188 1624 209 191 52 786 44 1264 241 175 218 830 181 1160 151 2339 68 1439 144 1007 169 1326 126 1770 70 398 19 2396 65 1729 117 1014 24 214 71 1788 204 1002 218 401 122 2067 76 1583 135 9 88 569
228 37 1368 228 124 173 706 218 2434 191 529 188 755 66 1073 113 983 177 843 148 2 87 56 217 1564 26 647 68 1189 170 2126 42 2171 136 58 100 284 176 591 45 428 214 336 11 169 63 1372 64 1132 102 1578 152 183 193 1160 161 1457 121 450 62 1376 234 336 75 2338 106 564 31 872 168 310 133 604 206 1653 119 918
229 37 305 203 326 57 58 97 868 187 1558 4 2069 108 1123 110 1367 12 2431 17 1968 8 1890 43 1576 51 1838 226 1451 66 904 53 2270 237 2130 109 2293 185 1311 157 2455 241 1791 179 2238 143 2 67 2345 244 648 1 1907 90 385 68 1370 120 1923 76 1417 15 1202 228 1351 143 838 125 70 151 1964 80 402 61 506 181 1198
230 37 902 231 1704 74 980 221 1454 122 1528 171 2335 228 829 155 848 128 397 69 1472 142 1324 225 1486 146 1327 66 1036 47 1573 239 461 113 1186 197 2037 202 2092 149 1466 133 2288 228 907 240 1757 231 777 141 187 172 861 33 230 103 387 156 15 132 855 208 1565 28 1140 127 865 82 2400 124 2188 105 270 70 674 173 639
231 37 972 75 1429 161 67 155 669 98 16 69 1705 103 1502 7 1008 87 607 4 1575 115 2001 236 1222 107 345 60 544 172 1160 60 206 172 1124 125 473 49 2022 231 140 164 133 116 880 138 2191 166 336 15 1582 206 773 233 927 31 990 116 2015 161 651 69 580 246 373 6 1174 33 1891 116 1992 69 1351 180 1555 69 2280
232 37 1549 63 21 77 2236 79 1236 171 1266 53 427 64 2472 12 751 54 2478 96 696 148 1988 92 1957 144 2493 100 2189 17 36 44 1213 189 842 132 1142 97 973 245 1937 230 2007 52 492 232 1669 81 64 246 1868 171 450 227 1431 199 2285 143 623 165 905 171 201 15 482 18 1192 79 98 190 14 144 2410 209 962 126 2229
233 37 1170 75 1884 196 589 119 2387 12 643 178 516 1 223 34 685 248 126 201 726 63 2243 192 317 72 202 181 1319 68 576 142 431 57 2158 153 16 121 2033 132 2024 33 1754 216 1349 31 457 107 2409 161 1191 176 1085 95 532 193 1267 42 1039 199 684 168 412 31 881 85 2147 34 334 159 1879 212 1662 133 753 3 2001
234 37 969 182 1368 23 300 144 1572 185 2067 199 281 238 1662 11 1477 184 281 61 781 9 219 184 1799 76 1594 22 1593 138 7 172 704 239 839 93 1569 101 2295 174 408 99 1772 179 1128 61 1603 167 512 5 2500 175 1923 232 1984 62 1732 91 656 249 133 119 1295 191 1613 25 1210 158 84 39 259 119 1306 215 2495 129 368
235 37 4655 181 1525 190 121 207 1087 187 1045 202 1001 115 557 69 2198 74 2239 205 964 217 691 78 103 215 2278 17 1690 1 918 56 1554 67 1826 140 523 10 1520 174 1647 160 986 12 496 177 1768 100 960 171 2060 134 52 171 1874 30 55 208 1128 156 2357 120 1319 159 133 224 1295 179 585 89 665 215 1906 26 1453 247 2466
236 37 690 87 405 130 2446 218 958 164 1612 216 1633 130 306 18 1393 157 1964 150 1827 230 1398 60 1301 158 212 143 2219 4 1958 153 684 5 642 212 36 67 1367 182 1186 7 2236 76 1987 161 837 92 236 128 788 143 1625 28 2283 37 1127 200 1381 7 2464 85 1635 206 1356 12 1410 68 1550 245 2393 53 960 189 896 139 989
237 37 2911 131 952 220 2388 21 1190 78 28 53 1687 7 2370 56 826 6 1512 56 914 216 1622 248 2045 136 671 187 1871 217 2389 136 1049 231 1509 146 1307 65 1682 86 2116 86 1021 224 182 40 1326 49 2318 40 2070 140 2144 22 2385 102 1952 129 1335 182 23 233 876 43 599 48 663 245 765 88 1001 210 2227 98 1929 103 1470
238 37 2851 133 2185 70 2444 28 1619 54 1400 88 341 128 297 173 1429 71 2024 187 2024 140 1681 86 477 193 453 68 1525 165 308 146 455 174 1862 114 875 110 241 7 646 124 51 30 294 141 2057 106 1725 8 2451 103 708 195 61 119 1559 137 334 12 600 226 825 193 607 213 1045 145 1804 199 428 126 472 234 329 34 71
239 37 5208 54 427 221 1417 191 132 194 1906 104 178 215 1969 162 297 198 2370 243 53 157 2201 140 315 22 2276 141 1121 223 1675 155 2319 149 2312 173 567 250 1304 154 605 89 104 190 1679 90 1384 64 723 37 1378 160 456 200 2421 153 1648 163 487 242 1771 48 25 103 2191 245 965 90 441 111 429 201 1201 170 1840 105 1928
240 37 921 234 1959 63 774 178 1261 219 699 120 1366 37 1301 243 694 158 715 68 1553 30 433 21 1446 10 1794 99 828 73 1663 49 1848 27 926 105 327 88 2359 112 466 116 2108 133 1404 107 241 168 1527 233 2438 19 1573 93 1894 25 192 198 1042 185 477 38 170 183 1795 53 1608 66 809 182 386 11 542 148 1512 158 2106
241 37 219 73 87 198 156 156 732 171 683 214 745 54 1066 161 1535 4 1166 234 1131 51 1720 25 2407 185 2407 65 1973 117 882 204 1127 244 306 49 4 150 985 87 1065 187 1363 150 1911 162 965 241 1960 45 939 134 485 97 498 22 659 88 332 237 1962 88 652 237 2096 204 383 9 1644 241 897 12 2209 174 1184 61 2439
242 37 3658 108 2060 145 897 73 1426 162 1256 141 1342 81 1219 90 1578 212 870 159 1336 56 38 212 1993 96 2009 119 404 151 2002 184 572 219 428 148 801 97 2492 226 2409 3 216 166 679 107 930 101 224 182 2322 236 1701 24 1715 148 209 190 238 249 185 120 1422 127 299 48 994 203 1100 45 913 133 1059 162 931 93 1538
243 37 202 143 376 197 2079 186 631 211 82 92 1155 147 334 240 456 2 69 86 1054 183 2240 83 1092 50 269 132 1351 110 2436 189 2234 112 1796 112 2377 61 6 96 402 198 2406 200 76 52 1158 131 1080 56 940 25 2290 94 1647 34 1184 9 1891 137 117 56 478 158 436 110 39 135 644 94 1730 165 233 46 91 80 12
244 37 752 15 1091 205 213 211 572 93 918 244 1787 137 1864 205 1207 116 1906 217 1928 232 434 55 1622 20 1043 80 1578 55 1066 99 722 195 65 81 2345 31 1128 124 2438 97 2207 12 1309 82 887 200 76 55 873 49 839 176 494 174 1056 191 1274 230 1603 87 898 171 971 7 2294 86 452 49 839 246 1837 203 881 155 718
245 37 3275 243 2102 245 1371 236 2357 153 2411 161 1652 31 2250 43 2427 177 1732 113 2141 198 1960 164 1648 53 448 110 2157 158 258 148 2245 127 1010 199 1030 98 796 77 165 173 1971 218 2280 31 1177 58 1290 68 1909 158 1253 244 1729 112 1821 227 1089 115 1068 24 1740 149 621 210 599 201 1362 249 1410 13 691 135 1991 26 1718
246 37 2760 84 1689 153 1726 249 261 157 1966 250 1019 108 365 70 34 105 1909 19 2269 95 2500 199 635 23 1594 161 233 62 2151 29 1648 130 1734 47 1690 100 487 196 24 191 1640 101 413 188 1509 73 386 71 2422 199 446 206 1019 143 1033 22 1883 210 2187 89 797 209 251 222 788 197 2357 207 1316 37 396 59 1744 97 1452
247 37 4474 64 499 171 927 190 676 47 2348 20 997 13 467 66 1072 133 314 170 1579 156 2287 69 2072 186 917 67 405 183 1860 83 645 156 2031 161 181 201 2190 106 308 56 2098 95 1149 212 1832 143 186 240 2098 20 583 68 1535 200 726 230 2269 180 289 241 1575 29 2140 182 1478 233 47 187 1155 48 1019 123 975 106 2060
248 37 2870 156 490 18 1862 99 513 58 1307 194 2211 74 1134 109 262 215 2082 120 2345 24 1316 196 891 113 1945 101 598 172 901 60 2029 120 2257 138 493 244 385 214 987 37 934 197 2378 138 104 198 1211 234 1237 144 1858 216 923 121 1724 204 2404 186 383 233 476 83 2268 134 1098 63 2135 220 964 2 399 168 205 146 2023
249 37 1463 86 2144 194 477 6 1953 6 1495 107 1971 107 260 68 1193 77 2058 236 1777 41 498 49 2023 1 1309 246 997 246 93 245 1976 14 387 193 1588 18 1093 109 2496 93 191 10 2275 71 2036 32 1765 36 2 85 2461 167 1556 34 2094 171 835 69 1438 205 2281 135 1521 220 2158 218 2025 243 1311 15 470 207 226 71 364
250 37 4295 149 827 218 966 5 304 33 556 33 2390 186 2232 207 440 164 1731 162 1560 28 1700 107 2172 199 2059 26 743 169 537 223 8 216 1436 230 218 195 1457 132 2230 101 1413 138 1243 198 937 79 40 115 1675 196 31 207 704 142 967 45 364 49 2246 83 1394 22 3 164 1082 185 2265 68 2461 239 2216 81 542 95 1190
251 37 857 133 138 67 364 205 1903 150 2408 206 121 30 2304 105 311 221 1165 32 24 130 1262 18 2 116 101 145 1710 25 810 104 317 196 989 33 1795 173 796 210 2259 58 312 223 918 124 1007 32 1989 170 1311 33 2388 10 738 217 2344 63 1184 18 1836 244 1164 129 1811 14 288 165 29 31 835 244 1102 225 2357 43 1914
252 37 423 224 480 129 160 68 734 119 280 43 1890 81 2254 70 869 146 997 186 726 42 966 47 2243 96 881 25 245 66 938 96 2396 60 987 178 2234 117 1778 13 1709 188 1867 149 2195 16 1928 130 1737 26 2287 16 436 182 1463 124 574 205 143 119 378 99 2342 143 721 34 1129 200 1138 20 1368 84 1046 250 1948 224 506
253 37 365 205 380 207 2342 26 984 21 1965 130 1264 94 1337 67 1963 70 210 207 1167 15 527 164 1961 22 2131 3 799 233 372 10 1645 238 1549 138 1459 197 983 49 750 169 952 240 2416 89 1992 65 493 191 397 3 673 76 1208 88 1506 148 2404 15 1142 241 1601 102 2188 141 257 113 2384 162 1108 231 707 48 2119 3 1579
254 37 2119 52 562 243 1709 238 1123 178 2137 7 1211 250 2111 134 1981 133 1882 118 1344 24 2170 188 1625 195 1341 140 776 231 1467 192 1222 115 2180 89 1694 14 1369 164 1895 133 2254 235 1780 177 1837 53 400 180 2177 139 1899 93 1692 188 1201 228 2076 155 1310 247 1310 250 1056 11 594 145 77 205 165 40 18 223 784 115 701
255 37 2428 12 670 95 2098 224 979 176 2256 105 2418 229 342 148 1941 41 1995 204 895 124 67 50 312 166 558 201 133 163 279 134 61 71 1754 36 937 221 2017 38 2042 240 2466 17 224 95 21 96 392 179 644 33 293 5 1583 8 2286 43 1185 212 1781 213 1655 118 2172 75 477 195 995 237 801 230 1641 65 2147 40 332
256 37 515 226 1535 195 590 186 334 33 2248 58 616 53 1045 239 2480 117 1436 80 2089 250 2010 195 2017 110 931 3 1573 74 2331 153 488 124 668 195 1633 14 888 161 2150 154 2412 216 426 193 181 32 1300 142 50 93 1794 74 1963 182 986 232 474 153 2462 107 1680 40 192 160 1549 135 2449 232 1661 230 2192 171 1611 61 426
257 37 4116 15 1038 104 2037 233 343 77 1515 5 1133 142 1151 235 320 64 2419 197 1560 12 2263 93 583 42 710 46 1143 49 1283 231 37 95 655 151 2208 26 1925 91 424 7 2349 82 1937 212 1097 53 266 155 350 119 1597 216 2449 228 20 68 2489 182 1216 41 2432 244 2261 79 518 192 1578 242 428 131 329 235 2007 86 680
258 37 3761 234 484 71 309 108 2365 230 1976 120 625 123 409 163 987 148 889 107 1032 68 2335 69 1561 235 605 122 1973 119 141 63 1723 50 1519 234 1549 164 1048 16 2028 201 713 104 683 204 7 151 100 227 885 147 1937 221 1928 157 688 195 1857 4 1411 43 1598 173 330 101 1145 73 2093 131 1517 244 1566 239 1853 135 104
259 37 3242 97 1375 193 1035 134 1118 176 790 137 1403 156 673 240 170 92 2302 70 2458 133 1175 114 1628 127 180 205 433 71 890 43 1965 158 2067 6 1681 115 1547 155 1209 147 97 50 1683 114 1488 107 415 206 1163 42 203 97 1978 193 1362 25 315 72 250 191 1357 203 978 38 1069 190 1791 199 2475 184 234 117 1407 142 744
260 37 1576 56 309 90 1722 168 85 221 720 70 2467 85 1424 174 2028 47 667 209 1230 159 1875 95 1606 75 524 196 1625 54 60 246 2496 76 2296 244 203 210 637 40 551 183 2146 60 1591 119 1159 206 838 240 1834 12 463 167 588 70 233 160 963 180 2269 131 2026 71 1158 245 555 34 1595 221 702 114 1369 12 204 226 879
261 37 1552 83 2000 199 781 195 1570 230 1002 22 1099 5 2143 152 2266 108 1451 167 1866 213 413 187 361 235 1307 203 1474 184 972 214 339 249 1920 3 11 85 263 60 383 109 854 187 2020 65 2257 236 280 145 1919 190 2290 103 1775 203 1406 204 1955 2 1340 213 1759 158 2454 165 159 211 2480 109 1616 164 764 213 1721 125 403
262 37 1558 172 2093 164 1901 231 27 227 4 244 47 20 1225 237 643 69 950 65 1672 39 1793 159 347 188 1698 43 564 43 912 232 551 188 1585 147 1225 135 53 34 752 114 1561 208 226 1 1397 131 1263 117 2448 109 968 202 759 232 762 195 2030 51 1920 10 1347 155 2260 107 2115 82 2268 185 2180 138 1904 73 299 23 975
263 37 5129 16 537 135 2077 209 944 204 702 246 1726 153 866 88 1720 118 2204 233 824 99 1679 242 1949 188 1564 96 1307 243 1133 105 2109 189 630 205 1924 46 1224 228 1827 147 377 209 2072 221 706 219 1979 120 579 80 1157 109 460 174 1962 83 390 221 617 243 734 238 1266 44 1424 91 380 76 1739 70 2121 132 752 42 207
264 37 3043 66 2456 22 1727 92 1035 146 1446 242 1639 114 2254 48 687 244 871 60 759 32 953 87 1190 127 1395 142 871 131 1096 24 604 160 675 36 755 203 2106 173 1600 6 1507 109 1370 31 119 173 1347 193 5 48 1827 185 1923 21 2345 70 2327 214 346 245 1151 25 2048 214 474 192 2187 228 2179 181 1583 211 1459 74 228
265 37 1628 110 81 24 470 224 1205 77 1513 171 2122 70 1537 59 410 17 1230 102 534 193 195 136 2076 246 1196 113 642 100 1683 50 410 60 2330 158 639 60 772 225 2458 106 259 236 2488 159 2361 88 626 118 858 14 2413 229 1372 156 769 80 721 22 589 46 1770 104 128 200 2347 64 1474 183 1517 18 2285 18 845 13 2161
266 37 4340 232 1638 217 1616 214 363 218 2476 3 1979 195 1465 237 605 230 1551 229 367 162 1066 200 542 213 1053 226 1979 161 1709 221 1634 150 1891 149 2235 102 356 138 2197 173 1962 31 214 194 166 4 644 203 1493 208 37 181 970 39 2421 64 1807 97 362 180 1582 60 2127 39 177 160 335 224 2247 114 2188 135 385 1 1515
267 37 1287 53 446 195 1030 92 2404 81 1474 115 784 199 1062 182 1148 192 538 52 431 57 1723 13 1675 29 1446 241 82 38 1917 140 241 61 1155 151 1047 47 1636 149 2324 42 2379 19 1602 21 724 117 1990 42 1140 228 1304 236 717 220 938 89 1786 129 1356 83 1402 54 797 159 1150 114 346 190 1365 40 816 20 2114 111 1468
268 37 2173 176 1752 206 798 40 1630 8 2451 200 131 53 2232 13 210 230 263 25 2191 233 1525 39 2119 191 676 116 1440 111 1737 127 372 169 1456 187 1116 7 1561 31 2312 239 448 196 739 69 287 199 2047 218 2120 1 1867 2 1349 115 512 76 356 188 3 229 1717 79 1031 27 1756 62 1025 177 2301 178 240 77 364 188 466
269 37 3856 117 2059 94 479 197 635 73 1341 100 172 105 2271 239 136 69 534 211 1697 176 798 239 2244 35 595 2 1496 106 389 135 611 167 370 41 320 234 606 134 1597 41 679 142 2013 80 2311 15 1874 249 920 109 1391 33 1050 233 2146 100 1733 189 2118 10 2279 60 31 212 1617 162 379 105 1756 174 1945 12 2443 22 1683
270 37 4510 16 1728 10 213 242 405 245 218 175 2174 22 1011 230 854 112 2246 182 116 233 2357 167 1631 58 784 218 234 87 433 104 2118 39 2206 136 535 144 2497 2 1186 92 918 121 2400 96 2236 91 2344 154 1372 103 2434 202 2049 119 1761 154 1899 79 1514 189 2418 172 914 108 1908 127 18 30 175 168 1064 68 628 146 1143
271 37 3624 175 1787 183 26 58 712 189 2427 171 1826 9 1466 77 1487 180 69 194 215 35 600 171 2058 228 1066 106 512 23 1994 131 673 14 655 144 2442 61 6 193 659 61 1839 45 1255 49 2 60 2489 66 1830 149 675 98 619 63 2407 201 317 165 974 204 670 123 1905 122 1311 71 835 227 1072 189 1726 240 533 124 94
272 37 3706 46 473 160 176 96 773 189 1125 114 1976 11 1570 17 992 189 1448 240 2025 183 2303 213 2228 54 1248 3 76 247 1737 135 1877 228 1770 200 596 76 1482 5 1441 224 1901 199 728 94 152 135 1001 246 213 99 1507 106 137 193 1398 34 971 123 63 196 1074 186 2393 241 2462 218 1613 106 242 108 766 28 1395 192 315
273 37 1099 83 1965 158 1765 204 1498 95 995 47 1427 156 1471 130 1467 47 590 234 2386 228 1201 229 2441 183 1663 25 1994 108 2346 132 61 94 1847 74 957 73 1656 191 525 122 632 113 244 165 918 93 1386 139 201 225 625 183 1901 32 1746 11 2366 215 2056 227 2191 178 1238 215 351 141 307 241 2052 232 2485 207 1900 137 1261
274 37 4875 125 673 177 1164 192 1987 175 739 29 1171 45 211 196 2147 190 1835 115 2324 168 532 154 1151 111 462 95 1284 247 1867 158 1342 116 728 69 1372 131 1105 144 1617 228 2121 183 1661 173 1895 7 1762 11 1028 177 2307 226 1319 25 442 97 1974 193 730 230 1580 75 2174 115 2101 241 933 114 2229 245 650 13 2016 143 2160
275 37 3207 142 2190 81 701 35 1897 116 1855 197 2033 18 223 140 1438 85 2233 12 730 48 2099 98 1081 172 2070 122 1594 139 538 101 20 192 613 13 39 176 644 138 52 171 1687 31 1833 43 453 180 866 158 1902 56 522 38 1967 5 2462 34 2066 248 223 24 932 230 1725 107 1430 26 427 217 1697 250 797 156 1708 206 390
276 37 3577 140 290 48 1815 227 865 30 566 179 2061 221 2398 33 2 212 908 165 702 89 1523 2 1842 176 323 99 378 232 1985 209 1975 182 426 55 2387 224 1139 102 613 62 1162 137 754 227 2428 44 2443 31 352 176 486 17 2178 114 1136 43 1606 71 726 205 356 156 2240 42 996 123 2179 131 788 124 2092 20 1698 69 307
277 37 2249 103 1558 225 1343 131 1931 71 1341 143 1976 92 272 87 553 204 1480 186 60 116 123 216 2326 6 2242 146 159 76 2118 109 2083 65 1042 166 656 188 1636 233 77 83 782 221 2061 164 1360 79 1113 236 855 131 1689 79 1008 178 1804 66 331 169 767 166 1771 138 1923 198 1942 119 2117 233 550 9 984 230 1466 144 21
278 37 1779 25 2125 99 115 202 1959 30 2236 156 1335 80 1109 176 2414 154 2386 54 217 230 1963 27 681 138 1222 104 2460 156 646 117 534 148 181 73 461 208 2387 17 2239 61 2486 77 1275 58 1848 33 798 125 806 216 1942 79 160 203 1002 11 2188 134 2045 231 2364 239 666 58 1976 18 683 26 1889 28 1967 82 884 131 1738
279 37 1224 60 1138 23 1957 203 621 25 1961 23 2340 76 1356 67 382 156 1172 26 685 213 928 194 1776 219 1673 42 237 36 172 162 1184 57 2231 169 2127 108 266 110 252 12 2262 234 1283 30 1186 200 1622 140 470 43 192 1 922 28 476 151 891 23 83 132 1413 163 963 119 929 44 1395 96 850 201 2199 135 255 208 1496
280 37 2965 137 1198 185 1981 216 1627 34 1138 134 2319 42 60 11 508 24 2120 97 9 243 21 116 309 250 2376 173 1524 24 703 237 92 85 968 99 2412 250 473 175 82 217 445 107 63 193 622 29 726 195 1878 178 2012 16 1904 178 870 142 1349 34 1919 34 1069 139 724 184 854 107 1099 30 796 98 425 141 1414 10 1316
281 37 1322 155 263 57 884 239 813 183 1181 46 2247 25 800 128 2078 229 1467 27 1692 195 593 213 1547 217 1084 227 1314 39 1576 189 228 214 740 22 2068 43 464 181 1851 103 2274 82 2176 161 1543 128 1262 182 1412 104 577 96 1869 180 668 222 235 89 357 210 2288 227 2110 189 1202 226 1803 36 2442 236 1554 95 633 61 704
282 37 2723 205 687 144 1326 128 397 17 884 141 1490 21 956 216 872 152 2007 80 800 25 2270 28 967 177 493 103 1767 25 2087 45 224 5 11 163 2314 6 358 154 674 27 484 171 1220 157 1520 126 1796 1 2152 108 604 71 1402 220 1197 201 2489 64 2354 170 1344 163 1085 60 1138 90 2103 149 2466 158 2306 126 1679 90 2074
283 37 1364 195 1581 78 1091 75 793 241 2375 61 1452 138 1983 35 2452 31 1337 243 2275 157 1321 135 1336 87 2248 44 2088 204 1319 149 1486 209 1771 208 2456 217 1551 25 283 219 1345 69 327 182 1960 23 1386 166 2145 51 1326 96 636 219 1128 61 563 49 524 68 2419 146 2286 113 2180 116 364 117 2264 147 1275 86 1351 7 694
284 37 1646 64 1705 212 1420 16 727 228 635 104 244 173 2435 102 288 86 1796 122 1717 47 2254 182 167 70 1107 5 764 21 885 15 1800 237 2031 197 2346 118 554 34 1704 83 1841 165 427 234 343 168 438 53 264 145 1827 175 26 80 531 211 243 45 222 191 1349 61 286 87 1657 113 1348 102 2355 212 561 81 403 212 445
285 37 4249 92 2352 100 264 165 467 60 1038 73 1709 138 745 170 437 14 103 115 747 70 1417 240 1141 83 1383 136 785 142 491 38 955 114 485 181 2490 36 1629 106 1698 242 1681 211 2088 121 151 46 667 157 2003 158 1985 10 2205 201 2414 214 1578 175 1977 54 1336 156 902 101 145 243 684 66 1521 87 742 76 2439 25 2001
286 37 3590 39 1604 175 1502 70 1808 33 47 9 391 137 753 31 712 154 1203 63 490 8 698 199 2138 154 1899 149 52 133 54 7 1827 191 2035 32 100 37 1945 122 576 145 1261 136 1365 43 2078 109 1771 191 1416 23 1216 34 160 232 1439 93 1530 134 137 131 2204 132 1015 215 1835 143 1584 89 953 233 661 25 57 38 2472
287 37 1609 156 623 210 1753 172 1959 140 2091 243 1867 236 936 13 2277 193 179 211 1402 99 867 168 72 240 1001 65 1744 73 1281 204 1902 247 2199 32 954 246 1655 66 2434 220 1153 82 1566 197 939 48 1327 189 1737 204 1807 28 145 125 1964 250 2312 226 493 90 1025 116 1420 11 1780 243 1686 40 199 180 1150 184 1373 23 955
288 37 2846 174 1941 5 1185 139 1806 226 2140 191 2404 221 914 110 1682 224 603 24 216 122 2206 141 1780 28 91 56 1861 80 1655 90 412 162 1993 4 10 6 2424 193 45 176 2178 110 382 186 1497 244 1706 228 855 187 2258 35 1402 64 2062 111 658 79 1005 81 125 30 422 8 126 16 23 67 1949 94 1423 126 1562 193 2032
289 37 3827 46 608 94 2274 28 680 126 12 141 893 189 226 246 370 163 1447 74 906 195 1173 119 285 217 150 205 1859 18 2024 163 2106 194 883 23 701 66 2346 204 473 70 1962 59 612 132 1138 11 550 39 2021 94 2272 240 1159 78 378 227 2173 58 2366 238 1566 219 2068 151 2469 184 982 166 1616 137 2331 191 1765 120 2352
290 37 1480 23 1338 71 311 87 1403 135 1004 175 699 235 1125 150 1365 170 96 222 1742 144 126 32 407 29 467 87 1386 15 1986 124 700 114 2300 134 748 17 925 88 630 12 900 99 1201 87 2171 52 1020 127 1693 46 1891 73 1533 177 167 22 1061 219 2494 227 1430 124 1779 188 2222 187 1263 221 943 223 1433 64 2064 26 1720
291 37 2411 16 1583 188 2486 176 2159 36 939 28 785 235 1952 216 679 62 733 96 1177 15 1953 190 1417 57 1576 103 1186 40 2415 84 1767 162 1889 33 1367 88 864 115 147 41 1693 160 749 191 1422 197 319 175 542 169 767 174 2366 54 1601 82 1721 107 1108 52 1710 153 1496 6 2083 29 2184 151 2171 225 1930 229 365 152 1669
292 37 3898 185 1102 219 1633 112 1564 242 1787 95 1641 102 1890 213 211 121 740 115 1920 27 2222 34 1647 246 1131 219 1459 207 1418 133 1449 161 1775 129 830 52 101 117 365 242 802 178 1972 110 1484 213 707 129 1349 203 2459 124 1004 141 1391 88 434 22 875 169 2364 49 1015 56 1772 105 324 178 2044 243 2274 167 1079 178 797
293 37 394 5 2495 6 1976 149 83 247 1087 102 240 6 1066 94 55 146 701 101 646 126 228 169 296 13 1339 63 2234 92 1091 22 37 126 2125 142 1075 66 2348 33 580 210 1968 86 1201 74 2042 98 1798 167 835 182 1967 247 1052 38 743 156 2493 165 1437 219 1898 139 2332 104 336 95 225 179 1084 16 465 32 766 153 703
294 37 3652 157 451 197 218 68 1511 196 377 2 2450 156 519 75 2047 119 232 149 498 16 36 218 577 168 277 160 1420 61 1200 89 1367 145 830 128 2431 30 2274 50 2297 58 896 57 2226 223 2147 248 1069 106 551 178 1470 202 938 145 2199 139 2403 184 1090 78 1557 189 1216 128 1705 79 566 176 387 87 1936 188 1923 168 350
295 37 1655 76 1059 58 2032 205 1817 215 2005 196 1063 28 1948 215 1187 183 740 89 139 13 1624 84 2020 2 680 242 946 184 1688 24 503 54 1102 250 2446 13 1581 53 1316 57 1308 178 1019 17 1853 15 1584 74 2229 16 331 173 1813 57 123 225 1152 180 290 201 425 231 282 250 1017 174 2114 7 1797 1 781 96 1806 73 1602
296 37 4119 52 909 143 1335 175 2274 115 1854 12 536 114 649 111 1900 33 1355 238 2402 94 1963 244 1615 237 847 105 249 26 2439 153 255 39 1195 45 1921 172 1115 98 1095 208 2042 37 1262 21 1510 229 874 33 511 145 1486 186 1135 232 1928 75 202 99 16 102 1049 137 1089 208 143 216 2129 245 275 232 745 250 1765 159 324
297 37 1044 151 1 202 1588 34 1115 209 80 81 2313 118 1318 75 1791 102 1296 234 1478 115 614 92 1721 173 23 152 1324 143 1594 115 293 126 650 129 1163 89 1404 186 2234 130 1902 54 2152 21 1246 124 1732 61 564 145 1092 249 488 16 291 218 915 159 2476 60 2082 160 2133 102 1473 225 1463 5 1515 106 436 183 2334 14 2385
298 37 1871 133 1206 17 944 54 551 119 2323 182 438 54 1497 175 656 113 925 46 540 180 2002 200 2044 165 831 203 2496 141 845 184 1686 141 373 40 2296 191 84 93 2104 9 2382 128 959 97 477 193 1134 137 90 75 816 247 2477 141 2472 44 1733 70 383 156 2301 207 1586 79 1201 89 2249 237 520 23 936 10 316 46 1872
299 37 2281 5 294 122 2154 1 1588 19 1275 168 1318 250 1448 73 2276 101 2143 145 1420 149 1132 225 1116 108 1503 25 73 167 202 48 1814 38 1813 149 725 54 2384 160 137 246 2063 43 31 61 165 16 2403 18 1833 188 2148 127 239 115 279 169 1405 249 1812 21 238 167 1585 120 955 102 2038 82 1000 79 607 186 1237 170 233
300 37 648 208 1594 48 2218 109 674 16 2310 65 918 209 81 220 1374 10 1553 45 2292 78 1096 79 1678 117 883 57 1471 224 836 5 540 119 1014 29 887 250 93 4 2122 99 739 2 1562 228 863 38 1623 22 1192 92 1435 145 278 219 1303 2 1015 189 1315 20 1640 62 1647 164 120 2 1752 142 57 53 642 155 1175 244 879
