1 40 38667 0 1 0 1 1 1 0 0 1 1 1 1 1 1 1 1 1 0 1 1 0 1 1 0 1 1 0 1 1 1 1 1 0 0 1 1 1 0 1 1 
2 40 28802 1 0 0 0 1 0 0 1 1 1 1 0 0 0 0 1 1 0 1 0 1 0 0 0 0 0 1 1 0 0 0 1 1 0 1 0 1 1 0 0 
3 40 43501 0 1 0 1 1 0 1 1 1 1 1 0 1 1 1 1 0 0 1 1 1 1 1 1 1 0 0 1 0 0 0 1 0 1 0 0 1 1 0 1 
4 40 29188 0 0 0 1 1 1 0 0 0 1 0 0 1 0 1 1 0 1 1 0 0 1 0 0 0 0 1 1 0 1 1 0 0 0 1 0 1 1 1 0 
5 40 46044 0 1 1 0 1 0 1 1 1 0 1 1 1 0 1 1 1 1 1 1 1 1 1 1 1 1 1 1 1 1 1 0 1 0 1 1 1 1 1 0 
6 40 30333 1 1 0 0 1 0 0 0 0 1 1 1 1 0 1 0 0 0 1 1 1 1 1 1 1 0 0 1 1 0 0 1 1 0 0 0 0 0 0 0 
7 40 21129 0 0 0 1 0 0 1 0 0 0 0 1 0 0 0 0 0 0 1 0 1 0 0 1 0 0 0 1 1 0 0 1 0 1 0 0 1 0 1 1 
8 40 48107 1 0 1 1 0 0 1 1 1 1 1 1 0 1 1 1 1 1 0 0 1 1 1 1 1 1 0 1 1 0 1 0 1 1 1 1 0 0 1 1 
9 40 40344 1 0 0 0 1 1 1 0 0 1 1 0 0 1 1 1 0 0 1 1 1 0 1 1 1 1 1 1 0 1 1 1 1 0 1 0 0 1 0 0 
10 40 44321 1 0 0 1 0 0 0 1 0 0 1 1 1 0 0 1 1 1 1 1 1 1 1 1 1 1 0 0 1 1 0 1 1 1 1 1 1 1 1 1 
11 40 43182 0 0 0 1 1 1 1 0 1 1 1 0 1 1 0 1 0 1 0 1 0 0 0 1 1 1 1 1 1 0 0 1 1 1 0 1 1 1 1 1 
12 40 45571 0 1 0 1 1 1 1 0 1 1 1 1 0 1 0 0 0 0 0 0 0 1 1 1 1 1 1 1 1 1 0 0 1 1 1 1 1 1 1 1 
13 40 39321 1 1 1 0 0 1 1 0 0 0 1 1 1 0 1 1 0 0 0 1 0 1 1 1 0 1 1 1 1 1 0 0 1 0 0 0 0 1 1 1 
14 40 19901 0 1 0 0 1 0 0 0 1 0 1 0 0 0 0 0 0 1 1 0 0 0 0 0 0 0 0 1 1 0 0 1 1 0 0 0 1 1 0 0 
15 40 51164 1 1 0 1 1 1 1 1 0 1 1 1 1 1 1 1 1 1 1 1 1 1 1 1 1 1 1 1 1 1 1 1 1 1 1 1 1 1 1 1 
16 40 3136 0 0 0 0 0 0 0 0 0 0 0 0 0 0 0 0 0 0 1 0 0 0 0 0 0 0 0 0 0 0 0 0 0 0 1 0 0 0 0 0 
17 40 34828 1 0 0 1 1 1 0 0 0 1 1 1 1 0 0 1 0 1 0 1 1 0 1 1 1 1 0 1 0 1 1 0 1 0 0 0 1 0 1 0 
18 40 17885 1 1 0 0 0 0 1 1 0 1 0 0 0 0 0 0 0 0 1 0 0 1 0 1 0 1 0 0 1 0 0 0 1 1 0 0 0 0 0 0 
19 40 23490 0 1 0 1 0 1 0 0 0 1 1 0 0 1 0 0 0 0 1 0 1 0 0 0 0 0 1 1 1 0 0 0 1 1 0 1 1 1 1 0 
20 40 42853 1 1 0 0 1 1 1 0 1 1 0 1 0 1 1 1 1 1 1 1 1 1 1 1 0 1 1 0 1 0 1 1 1 1 1 1 1 0 1 1 
21 40 45017 1 1 1 1 0 1 1 1 1 1 1 1 1 1 1 1 1 1 1 1 1 1 0 1 1 1 1 1 1 1 1 1 1 1 1 1 0 1 1 1 
22 40 44593 1 1 0 1 0 1 0 1 1 0 1 1 1 1 0 1 0 1 1 0 1 1 1 1 1 0 1 1 1 1 1 1 1 0 0 1 0 0 1 0 
23 40 9828 0 0 0 0 0 0 1 0 0 0 0 0 0 1 0 0 0 0 0 1 0 0 0 1 0 0 0 0 0 0 0 0 1 0 0 0 0 0 0 0 
24 40 14638 0 0 0 0 0 0 0 0 0 0 0 0 1 1 0 0 1 0 0 1 0 0 1 0 0 1 0 0 0 0 1 0 0 1 0 0 0 0 1 0 
25 40 43167 0 1 0 0 1 1 1 1 1 1 0 1 1 1 1 1 1 1 1 0 1 0 1 1 0 0 0 1 1 1 1 0 0 1 1 0 1 1 1 1 
26 40 53602 1 1 1 1 0 1 1 1 0 1 1 1 1 1 1 1 1 0 1 1 1 1 1 1 1 1 1 1 1 1 0 0 0 1 1 1 1 1 1 1 
27 40 35060 0 1 0 1 0 0 0 1 0 1 1 0 0 1 1 0 1 1 1 0 1 0 1 0 0 1 0 1 1 1 1 0 1 1 1 1 0 0 0 0 
28 40 44958 1 1 1 1 1 0 0 1 0 1 1 1 1 0 0 1 0 1 1 1 1 1 1 0 1 0 1 1 1 0 1 1 1 1 0 0 1 1 1 1 
29 40 44851 0 1 1 1 1 1 1 1 0 1 1 1 1 1 1 1 1 1 1 1 0 1 0 1 0 1 1 1 1 1 1 1 1 1 1 1 1 1 1 1 
30 40 37175 1 0 1 1 0 1 0 1 1 0 0 1 1 1 0 0 1 0 0 1 0 1 1 1 1 1 0 0 0 0 1 1 0 1 1 1 1 1 0 0 
31 40 44060 1 1 1 1 1 1 1 0 1 0 1 1 0 1 1 1 1 1 0 0 1 1 1 1 0 1 1 1 1 0 1 1 1 1 1 0 0 1 1 1 
32 40 40687 1 1 1 1 0 1 0 1 0 1 1 1 1 1 1 0 0 1 0 1 1 0 1 0 0 1 1 1 0 1 1 0 1 0 1 1 1 1 0 1 
33 40 39394 1 1 1 0 0 1 1 1 0 0 0 0 1 1 0 1 0 1 1 1 1 1 0 0 0 1 1 1 1 1 0 1 0 1 0 1 0 1 1 1 
34 40 27448 1 0 1 1 0 0 0 0 1 0 0 0 0 1 1 0 1 1 0 1 0 0 1 1 0 0 0 0 1 0 1 0 0 0 1 0 1 0 1 0 
35 40 49547 1 1 1 1 1 1 0 1 1 1 1 1 1 1 0 1 1 1 1 1 1 1 1 1 1 1 1 1 0 1 0 1 1 1 1 1 1 1 1 1 
36 40 49156 1 1 1 1 1 1 0 1 1 0 1 1 1 1 1 1 1 1 1 1 1 1 0 0 1 0 1 1 1 1 1 1 1 1 1 1 1 1 1 1 
37 40 39749 1 1 0 0 0 0 0 1 1 1 1 0 0 1 1 1 0 1 0 0 0 1 1 1 0 1 0 1 0 1 1 0 1 0 1 1 1 0 0 1 
38 40 32700 1 0 1 0 1 1 0 1 1 0 1 0 1 1 1 1 0 1 0 0 1 0 0 0 1 0 1 0 0 1 0 1 1 0 1 1 1 1 0 1 
39 40 45316 0 1 0 1 1 1 1 0 1 1 1 1 1 1 1 1 1 1 1 0 1 1 1 1 1 1 0 0 1 1 0 1 0 1 0 1 1 0 1 0 
40 40 36858 1 0 1 1 0 0 1 1 1 0 1 0 1 1 1 0 1 1 1 1 0 0 0 0 0 1 0 1 0 0 0 0 0 1 0 1 1 1 1 1 
41 40 46953 0 1 0 1 1 1 1 1 0 1 1 1 0 1 1 1 1 1 1 1 1 1 0 1 1 1 1 1 1 0 1 0 1 1 1 1 1 1 1 1 
42 40 46608 0 1 0 1 1 1 1 0 1 1 1 1 1 1 1 1 0 1 0 1 1 1 0 1 1 1 0 1 1 1 1 1 1 1 1 1 1 1 0 1 
43 40 26116 1 1 0 0 1 1 0 0 0 1 1 0 0 1 1 0 1 0 1 0 1 0 1 0 0 1 0 1 0 0 0 0 1 0 0 1 1 0 0 1 
44 40 15683 1 0 0 1 0 0 0 0 0 1 0 0 0 0 0 1 0 0 0 0 0 0 0 1 0 0 1 1 0 0 1 0 0 0 0 0 0 1 1 0 
45 40 35784 0 1 1 0 0 0 0 1 0 0 1 0 1 0 1 0 1 1 1 1 0 1 1 1 0 0 1 1 0 0 0 0 1 1 1 0 1 0 0 1 
46 40 42834 1 0 1 1 1 1 1 1 1 1 1 1 1 1 1 1 0 1 1 0 1 1 0 1 1 1 1 1 1 1 1 1 1 1 1 1 1 1 1 0 
47 40 55249 1 0 1 1 1 1 1 0 1 1 1 1 1 1 1 1 1 1 1 1 1 1 1 1 1 1 1 1 1 1 1 0 1 1 1 1 1 1 1 1 
48 40 42887 0 1 0 1 0 1 0 1 1 0 1 0 1 1 1 1 1 1 0 0 0 1 1 1 0 1 0 1 0 1 1 0 1 1 1 1 0 0 1 1 
49 40 52697 1 0 0 1 1 1 1 1 1 1 1 1 1 1 1 1 1 1 1 1 1 0 1 1 1 1 1 1 1 1 1 1 1 1 1 1 1 1 1 1 
50 40 23777 1 0 1 1 1 0 0 0 0 1 1 1 0 0 0 0 0 1 1 0 0 1 1 0 0 1 0 0 0 0 0 0 0 0 0 0 0 0 1 1 
51 40 21077 0 0 1 0 0 1 0 0 0 0 0 0 0 1 0 0 0 1 1 1 0 1 0 1 0 0 0 1 0 0 0 0 0 0 0 1 0 1 1 0 
52 40 48537 1 1 1 1 0 1 1 1 1 1 1 1 1 1 1 1 0 1 1 1 1 1 1 1 1 1 1 1 1 0 1 1 1 1 1 1 0 0 1 1 
53 40 16547 0 1 0 1 0 0 0 1 0 0 0 0 0 0 0 0 0 1 0 0 0 0 1 0 0 0 0 0 0 0 1 0 1 0 1 0 0 1 0 0 
54 40 22435 0 0 0 1 1 1 0 0 0 0 1 1 0 0 0 0 0 0 1 1 0 0 1 1 1 1 1 0 0 0 0 0 1 0 0 0 1 1 0 1 
55 40 35913 1 0 0 0 0 1 1 1 1 0 0 0 1 1 1 0 1 1 1 1 1 0 0 0 1 0 1 1 1 1 1 1 1 1 0 1 0 1 0 1 
56 40 48802 1 1 1 1 0 1 0 1 1 0 0 1 1 1 0 1 1 0 1 1 1 1 0 1 1 1 0 1 1 1 1 1 0 1 1 1 1 1 1 0 
57 40 17191 0 1 0 0 0 0 1 0 0 1 0 1 0 1 0 0 1 0 0 0 1 0 1 0 0 1 0 0 0 0 0 1 0 1 0 0 0 0 0 0 
58 40 18649 1 1 1 0 0 1 0 0 0 0 0 0 0 1 1 0 0 0 0 1 0 0 0 0 0 0 1 1 1 0 0 0 0 1 0 0 0 0 0 0 
59 40 51142 0 1 1 1 1 1 1 1 1 1 1 1 1 1 0 1 1 1 1 1 1 1 1 1 1 1 1 1 1 1 1 1 1 1 1 1 1 1 1 0 
60 40 47965 1 1 0 1 1 1 1 1 1 1 1 0 0 1 1 1 0 1 1 1 1 1 1 1 1 1 0 1 1 1 1 1 1 0 0 1 1 1 1 1 
61 40 46972 1 1 1 1 1 1 1 1 1 1 0 1 1 1 0 1 1 1 0 0 1 1 1 1 0 1 0 1 1 1 1 1 1 0 1 1 1 1 1 1 
62 40 30926 0 1 1 0 1 0 0 0 0 0 0 0 0 0 1 1 1 1 1 0 0 1 1 0 0 1 0 0 1 0 0 0 0 1 1 1 0 1 0 1 
63 40 49357 1 1 1 0 0 1 0 1 1 1 1 0 1 0 1 1 1 1 1 1 1 1 1 1 1 0 1 1 1 1 0 1 0 1 0 1 1 1 1 0 
64 40 46477 1 1 1 1 1 1 1 1 1 1 1 1 0 1 1 1 0 1 1 1 0 0 1 1 0 1 1 1 1 1 1 1 1 0 1 1 1 1 1 1 
65 40 18745 0 0 1 1 0 0 0 1 0 0 1 0 0 0 0 0 0 0 1 0 0 0 0 1 0 0 1 0 1 1 1 0 0 0 0 0 1 0 0 0 
66 40 41792 1 1 0 1 1 1 1 0 0 1 1 1 0 1 1 1 1 0 0 0 1 0 1 0 1 0 1 1 1 1 0 1 1 0 1 1 0 1 0 1 
67 40 46740 1 1 1 1 1 1 1 1 1 0 1 1 1 1 1 1 1 0 1 1 0 1 1 1 1 1 1 1 1 1 1 1 0 1 1 1 0 1 1 0 
68 40 34176 0 1 0 0 1 1 1 1 0 0 1 0 1 0 1 0 1 0 0 1 1 1 0 1 1 1 0 1 1 1 0 0 0 1 1 1 1 0 0 1 
69 40 25538 0 0 0 1 1 0 0 0 1 0 0 0 0 0 0 0 0 0 0 0 0 1 1 1 0 1 1 1 0 1 0 0 1 1 1 0 0 0 0 1 
70 40 24769 0 0 0 0 0 1 1 0 0 0 0 1 0 1 0 0 0 1 1 1 1 0 1 0 0 0 1 0 0 0 1 0 1 0 0 1 1 1 0 0 
71 40 29378 0 1 1 0 0 1 1 0 1 0 1 0 1 0 0 1 0 0 1 0 0 0 1 1 1 1 0 1 0 0 0 1 1 1 1 0 1 0 0 1 
72 40 50544 1 1 1 1 1 1 1 1 1 1 1 1 1 1 0 0 1 1 0 0 1 1 1 1 1 1 0 1 1 1 1 1 1 1 1 1 1 1 1 1 
73 40 45322 1 1 0 1 1 1 1 0 1 0 0 1 1 1 0 1 1 1 1 0 1 1 1 1 1 1 1 1 1 1 1 1 1 1 0 0 0 1 0 0 
74 40 36112 1 1 1 0 0 0 0 1 1 1 1 0 1 0 1 1 0 0 1 0 0 1 0 1 1 1 1 0 0 1 1 0 0 0 0 1 0 0 1 0 
75 40 40745 1 1 0 0 0 0 1 1 1 1 1 1 1 1 1 0 1 0 1 1 1 1 1 1 1 1 1 1 1 0 1 1 1 0 0 0 1 1 1 1 
76 40 17501 0 0 0 0 1 0 1 0 0 0 0 0 0 0 0 1 0 1 0 1 0 0 0 0 0 0 1 0 1 0 0 1 0 0 1 0 0 0 0 1 
77 40 22293 1 0 1 0 0 1 0 0 1 1 0 0 0 0 0 0 1 0 0 0 1 0 0 1 0 1 1 1 0 0 1 1 0 0 0 0 0 0 0 0 
78 40 45940 1 1 1 0 1 1 0 1 1 1 1 1 1 1 1 1 0 0 1 1 1 1 1 1 1 1 1 1 1 1 1 1 1 1 1 1 1 1 1 1 
79 40 38933 0 1 1 1 1 1 0 0 1 1 0 0 0 1 0 0 0 1 1 1 0 0 1 1 1 1 1 1 1 0 1 1 0 0 1 1 1 0 1 1 
80 40 11875 0 1 0 0 0 0 1 1 0 0 0 0 0 0 1 0 0 1 0 0 0 1 0 0 0 0 0 0 0 0 0 0 0 0 0 0 0 1 0 0 
81 40 26313 1 1 1 1 1 0 0 0 0 0 0 1 1 0 0 0 0 0 1 0 0 0 0 1 1 0 0 0 0 0 0 0 0 0 0 1 1 1 1 0 
82 40 52438 0 1 1 0 1 1 1 1 1 1 1 1 1 0 1 1 1 1 1 0 1 1 1 1 1 1 1 0 1 1 1 1 1 0 1 1 1 0 1 1 
83 40 28889 0 1 1 1 1 0 0 1 0 0 1 0 0 1 0 0 1 0 0 0 0 1 1 1 0 0 0 1 0 1 1 1 0 0 1 0 1 0 0 1 
84 40 40805 1 0 1 1 1 1 1 1 1 0 1 1 0 1 0 1 1 1 0 1 0 1 0 1 0 1 1 0 1 0 1 0 1 1 1 1 1 1 1 1 
85 40 51028 1 1 1 1 1 1 1 1 1 1 1 1 1 1 1 1 1 1 1 1 1 1 1 1 1 1 1 1 1 1 1 1 1 0 1 1 1 1 1 1 
86 40 31772 1 1 1 0 0 1 0 0 1 0 0 1 0 0 1 0 1 0 0 0 1 0 0 1 1 0 1 1 1 1 0 1 0 1 0 1 1 0 0 0 
87 40 42687 1 1 0 1 0 1 1 1 0 0 1 1 1 1 1 0 1 1 1 1 1 0 0 0 0 0 0 1 1 1 0 0 1 0 1 0 1 1 1 1 
88 40 50013 0 1 1 1 1 1 1 1 0 1 1 1 1 1 1 1 1 1 1 1 1 1 1 1 1 1 1 1 1 0 1 1 0 1 1 1 0 1 1 1 
89 40 34314 1 0 0 1 0 1 1 1 1 0 0 0 1 1 1 1 1 1 1 0 1 0 1 0 1 0 0 1 1 1 1 1 0 0 1 1 1 0 0 1 
90 40 39799 1 1 1 1 1 1 1 1 0 1 0 0 0 1 1 0 1 0 1 0 1 1 0 0 0 1 1 0 1 1 1 1 0 1 0 0 0 1 0 1 
91 40 14234 0 0 1 0 0 1 1 0 0 0 0 0 0 0 0 0 0 1 0 0 0 0 1 0 0 0 0 0 1 0 0 0 0 1 0 0 1 1 1 0 
92 40 20053 0 0 0 0 1 1 0 1 1 0 0 0 0 0 0 0 0 0 0 1 0 0 1 0 1 0 1 0 1 0 0 0 1 0 0 0 1 1 1 0 
93 40 36618 0 1 1 0 0 1 1 0 1 1 1 1 1 1 0 1 1 1 0 0 0 0 1 0 0 0 1 1 1 0 0 1 0 0 1 1 1 1 0 1 
94 40 34773 0 0 0 0 0 0 1 0 0 1 1 0 0 1 0 1 0 0 0 1 0 1 0 1 1 1 1 1 1 1 1 1 0 0 0 1 1 1 1 1 
95 40 27000 0 0 0 1 0 0 1 0 0 1 1 0 0 0 0 1 0 0 1 1 0 0 1 1 1 1 0 0 0 0 1 1 0 0 0 0 1 1 0 0 
96 40 11275 0 0 0 0 0 0 0 1 0 0 1 0 0 0 0 0 0 1 0 0 0 1 0 0 0 0 1 0 0 1 0 0 0 0 0 0 0 0 0 0 
97 40 34502 1 1 0 1 1 0 0 1 1 0 1 1 0 1 1 1 1 1 1 0 1 1 0 0 0 0 1 0 0 0 1 1 0 1 0 0 0 0 1 1 
98 40 29909 0 0 0 1 0 0 1 0 1 0 1 1 0 0 0 0 1 1 0 1 0 0 0 0 1 0 0 1 1 0 0 1 1 1 0 1 1 0 0 1 
99 40 8529 0 1 0 0 0 0 0 1 0 1 0 0 0 0 0 1 0 1 0 0 0 0 0 0 0 0 0 0 0 0 0 0 0 0 0 0 0 1 0 0 
100 40 48073 0 1 0 0 1 1 1 1 1 1 1 1 1 1 1 1 1 1 0 1 1 1 1 1 1 1 0 1 1 1 1 1 1 1 1 1 1 0 1 1 
101 40 49784 1 1 1 0 1 1 1 1 1 1 0 1 1 1 1 1 1 1 1 1 1 1 1 1 1 1 1 1 1 1 1 1 1 1 1 1 1 1 1 1 
102 40 35770 0 1 1 1 1 1 1 0 0 1 0 1 0 1 1 1 1 0 0 0 1 1 0 1 1 0 0 1 1 1 1 0 0 0 1 1 0 0 0 1 
103 40 45176 1 1 1 1 0 0 1 1 1 0 1 1 1 1 1 1 1 0 0 1 1 1 0 1 0 1 1 1 1 1 1 1 0 0 0 1 0 1 0 1 
104 40 50428 0 1 1 0 1 1 1 1 1 1 1 1 0 0 1 0 1 1 1 1 0 1 1 0 1 1 1 1 1 1 0 1 1 1 0 1 1 0 1 1 
105 40 47153 1 1 1 1 1 0 1 1 1 1 1 1 1 1 1 1 1 1 1 1 1 1 1 1 1 1 1 1 1 1 1 1 1 1 1 1 1 1 1 1 
106 40 39180 0 1 1 0 1 0 1 1 1 1 0 1 1 1 0 1 0 0 1 1 1 1 1 0 1 1 0 0 1 0 1 1 0 1 0 0 0 1 1 1 
107 40 41567 1 1 1 0 1 0 1 0 1 0 1 1 1 1 1 1 1 0 0 1 1 1 1 0 1 1 1 1 1 0 0 1 1 1 1 0 0 0 1 0 
108 40 13813 0 0 0 0 0 0 0 1 0 0 0 1 0 0 1 0 0 0 0 0 1 1 0 0 0 0 0 0 1 0 0 0 1 1 0 0 0 0 0 1 
109 40 33621 1 0 1 0 1 1 0 1 0 0 1 1 1 1 1 0 0 0 1 0 0 0 1 1 0 1 1 1 1 0 0 1 1 0 0 0 0 0 1 0 
110 40 45967 1 1 1 1 1 1 0 1 1 1 1 1 1 1 1 1 1 1 1 1 1 1 1 0 0 1 0 0 1 1 1 1 0 1 1 1 1 1 1 1 
111 40 43222 1 1 1 1 1 1 1 1 1 1 1 1 1 0 1 1 1 1 0 1 1 1 0 1 0 0 1 0 1 1 0 0 1 1 0 0 1 0 1 1 
112 40 46847 1 1 1 1 1 1 1 1 1 1 1 1 0 1 0 1 0 1 1 0 1 1 0 1 0 1 1 0 1 0 1 0 1 1 1 1 1 1 1 1 
113 40 59121 1 0 1 1 1 1 1 1 0 0 1 0 0 1 1 1 1 1 1 1 1 1 1 1 1 1 1 1 1 1 0 0 1 1 1 1 1 1 1 1 
114 40 25679 0 1 1 0 0 1 0 0 1 0 1 0 0 1 0 0 1 1 0 0 0 0 0 0 0 0 0 1 1 1 1 0 0 1 0 1 1 1 0 1 
115 40 43413 1 1 1 1 0 0 1 1 1 1 1 1 1 1 1 1 1 1 1 1 1 1 1 1 0 1 1 1 1 1 1 1 1 1 1 1 1 1 1 0 
116 40 37444 1 0 1 1 1 0 0 1 0 1 0 1 0 1 0 1 0 0 0 1 0 1 1 1 1 0 1 1 0 0 1 1 1 0 1 0 0 0 0 1 
117 40 47488 1 0 1 1 1 1 1 1 1 1 1 0 1 1 1 1 1 1 1 1 0 1 1 1 1 1 1 1 1 1 1 1 1 1 1 1 0 1 1 1 
118 40 50757 1 1 1 1 1 0 1 1 1 1 0 1 0 1 1 1 1 0 0 0 1 1 1 1 1 1 1 1 0 1 1 1 1 1 1 1 1 1 1 1 
119 40 40704 0 0 0 1 0 0 1 0 0 1 1 1 1 0 1 1 0 1 0 0 1 1 0 1 0 1 1 1 1 1 0 1 0 1 1 1 1 1 1 1 
120 40 18186 1 0 0 1 0 1 1 0 0 0 0 0 1 0 1 0 0 0 0 1 0 0 1 0 0 0 1 1 1 0 1 0 0 0 0 0 0 0 1 0 
121 40 41596 1 1 0 1 1 1 1 1 1 0 0 0 1 0 1 1 1 0 1 1 0 1 0 1 0 1 1 1 1 0 1 1 0 1 0 1 1 0 0 1 
122 40 55841 1 1 1 0 1 1 0 1 1 1 1 0 1 0 1 1 1 1 1 1 1 1 1 1 1 1 1 1 1 1 1 1 1 1 1 1 1 1 1 1 
123 40 31840 1 0 0 1 0 1 0 1 1 0 1 0 1 0 0 1 1 1 1 0 0 1 0 1 1 0 1 1 0 0 0 0 1 1 0 1 1 1 1 1 
124 40 43131 1 1 1 1 1 1 0 1 1 0 1 1 1 0 1 0 0 1 1 0 1 1 0 0 0 1 1 1 1 0 1 1 1 0 0 1 1 1 1 0 
125 40 38758 1 1 0 1 0 0 0 1 1 1 1 0 1 1 0 1 0 1 1 0 0 1 1 0 0 0 0 1 1 0 0 1 1 1 1 0 0 1 1 1 
126 40 43208 1 1 1 1 1 1 1 0 0 1 1 1 1 1 1 1 1 1 1 1 1 1 1 1 1 1 0 1 1 1 0 1 1 1 1 1 1 0 1 1 
127 40 50742 1 1 1 1 1 1 1 1 0 0 1 1 1 1 1 1 1 1 1 1 1 1 1 1 1 1 1 1 1 1 0 1 1 1 1 1 1 1 1 1 
128 40 45119 1 1 1 1 1 1 1 1 1 0 1 1 1 0 1 1 1 1 0 1 1 1 1 0 1 1 1 1 1 1 1 1 1 1 1 1 1 1 0 1 
129 40 53207 1 1 1 1 1 1 1 0 1 0 1 1 1 1 1 1 1 1 1 1 1 1 0 1 1 1 0 1 1 1 1 1 1 1 1 1 1 1 1 1 
130 40 46883 1 0 1 1 1 1 1 1 1 1 1 1 1 1 1 1 1 1 1 1 1 1 1 1 1 1 1 1 1 1 1 1 1 1 1 1 1 1 1 1 
131 40 33666 1 0 1 0 0 1 1 0 1 1 1 0 1 1 1 1 0 1 0 0 0 1 1 0 1 1 1 1 1 0 1 1 0 0 0 1 1 0 1 1 
132 40 50603 1 1 0 1 1 1 1 1 1 1 1 0 1 1 1 1 1 1 1 1 1 1 1 1 1 1 1 1 1 1 1 1 1 0 0 1 1 1 1 1 
133 40 43343 1 1 1 0 1 1 1 1 1 1 1 0 1 1 1 1 1 0 1 0 1 1 1 1 0 1 0 1 1 1 1 0 1 1 0 1 1 1 1 0 
134 40 18007 0 0 0 0 0 0 0 0 1 0 0 1 1 0 0 0 0 1 1 0 0 0 1 0 0 0 0 0 0 1 0 1 0 0 1 1 0 0 0 1 
135 40 52258 1 1 1 1 1 1 1 1 1 1 1 1 1 1 1 1 1 1 1 1 1 1 0 1 1 0 1 1 1 1 1 1 1 1 1 1 0 1 1 1 
136 40 27772 0 0 0 0 0 1 0 0 0 1 0 1 0 0 0 1 1 0 0 0 1 0 1 1 1 0 0 1 0 0 0 1 1 0 0 1 1 0 0 1 
137 40 55122 1 0 1 1 1 1 1 0 1 1 0 1 1 1 1 1 1 1 0 1 1 1 1 1 1 1 1 1 1 1 1 1 1 1 0 1 1 1 1 1 
138 40 51393 1 0 1 1 1 1 1 1 1 1 1 1 1 1 1 1 1 1 1 1 1 1 0 1 1 1 0 1 1 1 1 1 1 1 1 1 1 1 1 1 
139 40 56332 0 1 1 1 1 1 1 1 1 1 1 1 1 1 1 1 1 1 1 1 1 1 1 0 1 1 1 1 1 1 1 1 1 1 1 1 1 1 1 1 
140 40 53330 1 1 1 0 1 1 0 1 1 1 0 1 1 0 1 1 1 1 1 1 1 1 1 1 1 1 1 1 1 1 1 1 1 1 1 1 1 1 1 0 
141 40 15470 0 0 0 0 0 0 0 1 0 0 0 0 0 0 1 0 0 0 0 0 0 1 1 0 0 0 0 0 1 0 0 1 0 1 0 1 0 0 0 1 
142 40 34572 0 0 1 1 0 1 0 0 1 1 1 0 0 1 0 1 1 1 0 1 0 0 0 1 1 1 0 1 1 0 0 0 1 1 0 0 1 1 0 0 
143 40 25628 0 1 0 1 1 0 0 1 1 0 0 1 1 0 1 1 0 1 0 0 1 1 1 0 0 1 1 0 0 0 1 1 0 0 0 1 0 0 0 0 
144 40 51465 1 1 0 1 1 1 1 1 1 1 1 1 1 1 1 1 1 1 1 1 1 1 1 1 1 1 1 1 0 1 1 1 1 1 1 1 1 1 1 1 
145 40 25038 1 1 1 1 0 1 0 0 1 1 0 0 0 0 0 0 1 0 1 0 0 0 0 0 1 0 0 1 0 0 0 1 0 0 0 0 0 1 1 1 
146 40 24471 1 1 0 1 0 0 0 0 0 1 0 1 0 1 0 1 1 0 0 0 0 0 1 0 1 1 0 0 1 1 1 0 0 0 1 0 1 1 0 0 
147 40 12387 0 0 0 1 0 0 1 0 0 1 0 0 0 0 0 0 0 0 0 0 0 0 0 0 1 0 1 1 0 0 1 0 0 0 0 0 0 0 0 0 
148 40 30523 0 1 0 1 1 0 1 0 0 1 1 1 0 0 1 1 1 1 1 0 0 0 1 0 1 1 0 0 1 1 0 0 1 0 0 1 0 0 1 0 
149 40 30745 0 0 1 0 0 1 1 0 0 0 0 1 0 1 1 1 1 0 1 0 0 0 1 1 1 1 0 0 0 0 0 1 1 1 1 1 1 1 0 1 
150 40 37749 1 0 1 1 0 1 1 1 0 1 1 1 0 0 0 1 0 1 0 1 0 1 0 1 1 0 0 0 1 1 0 0 1 1 0 1 0 1 1 0 
151 40 15146 1 0 1 0 0 0 0 0 0 1 0 1 1 0 0 0 0 0 0 0 0 0 0 0 0 0 0 1 1 1 0 1 0 0 0 0 0 0 1 0 
152 40 45312 1 1 1 1 1 1 0 1 1 1 0 0 0 1 1 1 0 1 1 1 1 0 1 1 1 1 1 1 1 1 1 1 0 1 1 1 1 0 0 1 
153 40 25281 1 1 0 1 1 1 0 0 1 1 1 1 1 1 0 0 0 0 0 0 1 1 0 0 0 1 0 0 0 0 1 0 0 0 0 1 0 0 1 0 
154 40 26561 1 0 0 0 0 0 1 1 1 0 0 0 0 0 0 1 1 1 1 0 1 0 1 1 0 0 0 0 0 1 0 0 0 1 0 1 0 0 1 0 
155 40 44895 1 0 1 1 1 0 1 0 0 1 1 1 0 0 1 1 1 0 1 1 1 1 1 1 0 1 1 0 1 0 1 0 1 0 1 1 0 0 1 0 
156 40 26065 0 0 0 1 1 0 0 0 0 1 1 0 1 0 0 0 0 0 1 0 0 1 0 0 0 1 0 1 0 0 1 0 0 0 0 1 1 1 1 1 
157 40 44227 1 1 1 1 1 1 1 1 1 1 1 1 1 1 1 1 1 1 1 1 1 1 1 1 1 1 1 0 1 1 1 1 1 1 1 1 1 1 1 1 
158 40 45328 0 1 1 1 1 1 1 0 1 0 0 1 1 1 1 1 1 0 0 1 0 1 1 1 1 1 1 0 0 1 0 1 1 1 0 1 1 1 1 0 
159 40 30115 1 1 0 0 1 1 0 1 1 0 0 0 1 1 0 0 0 0 1 1 0 1 1 1 0 0 1 0 1 0 1 0 1 1 1 0 0 0 1 1 
160 40 11504 0 1 0 0 0 1 0 0 0 0 0 0 0 0 0 1 0 0 0 0 0 0 0 0 1 0 0 0 0 1 1 0 0 0 0 0 0 0 1 0 
161 40 33607 0 0 1 1 1 0 0 0 0 1 1 0 0 0 0 1 0 0 1 0 1 1 0 0 1 1 1 0 0 1 1 0 1 1 0 1 1 0 1 0 
162 40 26581 1 1 0 0 1 1 0 1 0 1 0 0 1 1 1 1 0 0 1 0 0 0 0 0 1 0 0 0 0 0 0 0 1 1 0 0 1 0 1 0 
163 40 9431 0 0 0 1 0 0 0 0 1 0 0 0 0 1 0 0 0 0 0 0 0 0 0 1 0 0 0 0 0 0 0 0 0 1 1 0 0 0 0 0 
164 40 38042 0 1 0 1 1 0 0 0 1 0 1 1 1 1 1 0 1 0 0 1 0 1 1 1 0 0 1 1 0 0 1 1 1 0 1 0 0 1 1 1 
165 40 41217 1 0 1 1 1 1 1 1 0 0 1 0 0 1 1 0 1 1 0 1 0 1 1 0 1 1 1 1 1 1 1 1 1 1 1 1 0 0 0 1 
166 40 33421 1 1 0 0 1 1 0 0 0 1 0 0 1 1 1 0 1 1 1 0 1 0 1 0 1 0 0 1 0 0 0 1 1 0 1 1 1 1 0 0 
167 40 28328 1 0 1 0 0 0 0 0 1 0 0 1 0 1 0 1 0 0 0 0 0 0 0 1 1 1 1 1 0 1 0 1 0 1 1 1 0 1 0 0 
168 40 23618 1 1 1 1 0 1 0 0 0 0 1 1 0 0 0 0 0 0 0 1 1 1 1 0 0 0 1 1 0 0 0 0 1 0 0 0 0 0 1 0 
169 40 29955 0 1 0 1 0 0 0 1 1 0 1 0 1 0 1 0 0 0 0 0 0 1 1 0 1 1 1 0 0 0 1 0 0 0 0 1 1 0 1 1 
170 40 50483 1 1 1 1 1 1 1 1 0 1 1 1 1 1 1 1 1 1 1 1 0 1 1 0 1 1 1 1 1 1 1 1 1 1 1 1 1 0 1 1 
171 40 24506 1 1 1 0 0 0 0 0 0 0 1 1 0 1 0 0 0 0 1 1 0 1 0 1 0 0 1 0 0 1 1 0 0 0 0 0 0 1 1 0 
172 40 24690 0 0 0 1 0 0 0 0 0 1 0 1 1 0 0 0 0 1 0 1 1 0 1 1 0 0 0 1 0 0 1 0 0 0 0 1 1 0 1 0 
173 40 49119 1 1 0 1 0 1 0 1 1 1 1 1 1 0 1 0 0 1 1 1 1 1 0 1 1 0 1 1 0 1 1 1 1 1 1 1 0 0 1 1 
174 40 36807 1 1 1 1 1 0 1 1 1 0 0 0 0 0 0 1 0 1 1 1 0 1 0 1 1 1 0 1 1 0 0 0 0 1 0 1 0 0 0 1 
175 40 21684 0 1 1 0 0 0 0 1 0 0 1 0 1 0 0 0 0 0 1 0 0 1 0 0 0 0 0 1 0 1 1 0 0 0 1 0 0 0 1 0 
176 40 49108 1 0 1 1 1 1 1 1 1 1 1 1 0 1 0 1 0 1 1 1 1 1 1 1 1 1 1 0 0 0 1 1 1 1 1 1 1 1 1 1 
177 40 44207 0 1 1 1 0 1 1 1 1 0 1 1 1 1 1 1 0 1 1 1 1 0 1 1 1 0 1 0 1 0 1 1 1 0 0 1 1 1 1 1 
178 40 48033 1 1 1 1 1 1 1 0 0 1 1 1 1 1 1 1 1 1 1 1 1 1 1 1 1 1 0 1 1 1 1 1 1 1 1 1 1 0 1 1 
179 40 45285 1 1 0 1 1 1 1 1 1 1 1 1 1 1 1 1 1 0 1 1 1 1 1 1 1 0 1 1 0 1 0 0 1 1 0 1 1 1 0 1 
180 40 41536 1 1 0 1 1 1 0 0 1 1 1 1 1 1 1 1 1 1 0 1 1 1 0 1 1 0 1 1 0 1 0 1 1 1 1 1 1 1 0 1 
181 40 43864 1 1 1 1 0 1 1 1 1 1 1 1 1 0 0 1 1 1 1 1 1 1 1 1 1 1 1 1 1 1 1 1 1 0 1 0 0 1 1 1 
182 40 22071 0 1 0 0 1 1 0 1 1 0 0 0 1 0 1 1 0 1 1 0 1 0 0 0 0 0 0 1 1 0 0 1 0 0 0 1 0 1 1 0 
183 40 21208 1 0 0 0 0 1 0 0 0 0 0 0 1 0 0 0 0 0 0 0 1 1 1 0 0 1 1 0 1 0 0 0 1 1 0 1 0 0 0 1 
184 40 49056 1 1 1 1 1 1 1 1 1 1 1 1 1 1 1 1 1 1 1 1 1 1 0 1 0 1 1 1 1 1 1 1 1 1 1 1 1 1 1 0 
185 40 45703 1 1 1 1 1 1 1 0 1 1 0 1 1 1 1 0 1 1 1 1 0 0 1 1 1 1 0 1 1 1 1 1 1 0 1 1 0 1 0 1 
186 40 6450 0 0 1 0 0 0 0 0 0 0 0 0 0 0 0 0 0 0 0 0 1 0 0 0 0 0 0 0 1 0 0 0 0 0 0 0 0 0 1 0 
187 40 44260 1 1 1 1 1 1 1 1 1 1 1 1 1 0 1 1 1 0 0 1 1 1 0 1 1 1 0 1 1 1 1 0 0 1 0 1 0 1 1 1 
188 40 38000 1 1 1 0 1 0 1 1 0 0 1 1 0 0 1 1 1 0 0 0 1 1 0 1 0 0 1 1 0 1 0 1 1 1 1 1 1 1 1 1 
189 40 42805 1 1 1 1 0 1 1 1 1 0 1 1 1 1 1 1 1 1 1 1 1 0 1 0 1 1 1 1 1 0 1 1 0 1 0 1 0 0 0 1 
190 40 50938 1 1 1 1 1 1 1 1 1 1 1 1 1 0 1 1 1 1 1 1 1 1 1 1 1 0 1 1 0 1 1 1 1 1 1 1 1 1 1 1 
191 40 58456 1 1 1 1 1 1 0 1 1 1 1 1 1 1 0 0 1 1 1 1 1 1 1 1 1 1 1 1 1 1 1 1 1 1 1 1 1 1 1 1 
192 40 58316 1 1 1 1 1 1 1 1 1 1 1 1 1 1 1 1 1 1 1 1 1 1 1 1 1 1 1 1 1 1 1 1 1 1 1 1 0 1 1 1 
193 40 45247 1 1 1 1 1 1 1 1 1 1 1 1 1 0 1 1 1 1 1 1 1 1 1 1 1 0 1 1 1 0 1 1 1 1 1 1 1 1 1 1 
194 40 9912 0 0 0 0 0 0 0 0 0 0 0 0 1 1 0 0 0 1 0 0 0 0 0 1 0 0 0 1 0 1 0 0 1 0 0 1 0 0 0 0 
195 40 11709 0 0 0 0 0 0 0 0 0 0 0 1 0 0 1 1 0 0 0 0 0 0 0 0 0 0 0 1 0 1 0 0 1 0 0 0 0 0 0 0 
196 40 53029 1 1 1 1 1 1 1 1 1 1 1 1 1 1 1 1 1 1 1 1 1 1 1 1 1 1 1 0 1 1 1 0 1 1 1 1 1 1 1 1 
197 40 46263 1 0 1 1 1 1 1 1 1 1 1 1 1 0 0 1 1 1 0 1 0 1 1 1 1 1 1 1 0 0 1 0 1 1 1 1 1 1 1 1 
198 40 57796 1 1 1 1 1 1 1 1 0 1 1 1 0 1 1 1 1 1 1 1 1 1 1 1 0 1 1 1 1 1 1 1 1 1 1 1 1 1 1 1 
199 40 51792 1 1 1 1 1 1 1 0 1 1 1 1 1 1 1 1 1 1 1 1 1 1 1 1 1 1 1 1 1 1 1 1 1 1 1 1 1 1 1 1 
200 40 12847 0 0 0 0 0 0 0 0 0 0 0 0 0 1 0 1 0 0 0 0 0 0 0 0 0 1 1 0 1 0 1 0 0 0 0 1 0 0 1 0 
201 40 36766 0 0 0 1 1 0 0 1 0 0 0 1 1 0 0 0 0 1 1 0 1 0 0 0 1 1 1 1 1 1 1 1 1 1 0 1 0 1 0 1 
202 40 7349 0 0 0 0 0 0 0 0 1 0 1 0 0 0 0 0 1 0 0 0 0 0 0 0 0 0 0 0 0 0 0 1 0 0 0 0 0 0 0 1 
203 40 14098 0 0 0 0 1 0 0 0 1 0 0 0 0 0 1 0 0 0 0 1 1 0 0 0 0 0 0 0 1 1 1 0 0 0 0 0 0 1 0 0 
204 40 41731 1 0 1 0 1 0 1 1 1 1 1 0 1 1 1 1 1 1 0 1 1 1 1 1 1 1 0 1 0 1 1 1 0 1 1 1 1 0 1 1 
205 40 44740 1 0 1 1 0 0 1 1 0 0 1 1 1 0 0 0 1 0 1 1 0 1 0 1 1 1 1 1 1 0 1 1 1 1 0 0 1 1 1 0 
206 40 43770 0 1 1 1 1 1 1 1 1 0 1 1 1 0 1 1 1 1 1 1 1 1 1 0 1 1 0 0 1 0 0 1 1 1 1 1 1 1 0 1 
207 40 43975 1 1 0 1 1 1 1 1 1 1 1 1 1 1 1 0 1 1 1 1 1 1 1 1 0 1 1 1 1 0 1 1 1 1 0 1 1 1 1 1 
208 40 44643 1 1 1 1 1 1 0 1 1 1 1 1 1 1 1 1 1 1 1 1 1 1 1 1 0 1 1 1 0 1 0 1 1 1 1 1 1 1 1 0 
209 40 29606 1 1 0 1 1 0 1 1 1 0 1 0 0 0 1 0 0 0 1 1 1 0 1 0 0 0 0 0 0 0 1 0 1 1 0 1 0 0 0 0 
210 40 17957 1 0 1 0 0 1 0 0 0 0 0 0 1 1 1 0 0 0 0 0 0 0 0 0 0 1 0 1 1 1 0 0 0 0 0 0 0 0 0 0 
211 40 34296 1 0 0 1 1 0 0 1 1 1 0 1 0 0 1 1 1 1 0 0 1 0 0 1 1 0 1 1 1 0 0 0 1 1 0 1 1 1 0 0 
212 40 19682 0 0 0 0 1 1 1 1 0 0 1 0 0 0 0 0 1 0 0 1 0 0 1 0 0 0 1 0 0 0 1 0 0 0 1 0 1 1 0 1 
213 40 47956 0 1 0 1 0 1 1 1 1 1 1 1 1 0 0 1 1 1 1 0 1 1 1 1 1 1 0 1 1 1 1 0 1 1 0 0 1 1 0 1 
214 40 23087 1 1 1 0 0 0 0 0 0 0 1 1 0 1 0 1 0 1 1 1 0 0 0 1 0 1 0 0 1 0 0 0 0 1 0 0 0 1 1 0 
215 40 48821 1 0 1 1 1 1 1 1 1 1 1 1 1 1 1 1 1 1 1 1 1 1 1 1 1 1 1 1 1 1 1 1 1 1 1 1 1 1 1 1 
216 40 42627 1 1 1 1 1 1 1 1 1 1 1 0 1 0 1 1 1 1 1 1 1 1 1 1 0 1 1 1 0 0 1 0 1 1 0 1 1 0 1 1 
217 40 2904 0 0 0 1 0 0 0 0 0 0 0 0 0 0 0 0 0 0 1 0 0 0 0 0 0 0 0 0 0 0 0 0 0 0 0 0 0 0 0 0 
218 40 52183 1 1 1 0 1 1 0 1 1 1 1 1 0 1 1 1 1 1 1 1 1 0 1 1 1 1 1 1 1 0 1 1 1 1 1 0 1 1 1 1 
219 40 32939 1 1 0 0 0 1 1 1 0 0 1 0 0 1 0 0 1 0 1 1 0 0 1 1 0 1 1 1 1 1 0 0 0 0 1 0 0 0 1 1 
220 40 35913 1 1 0 0 0 0 0 0 1 1 0 0 1 1 1 0 0 1 1 1 1 1 0 0 1 1 1 1 0 0 1 0 0 1 1 0 1 0 1 1 
221 40 48994 0 1 1 1 1 1 1 1 1 1 1 1 1 1 1 1 1 0 1 0 1 0 1 0 1 0 1 1 1 1 1 1 1 1 0 1 1 1 1 1 
222 40 49207 1 1 1 0 1 1 1 1 1 1 1 1 1 1 1 0 1 1 0 0 1 1 1 1 1 1 1 1 0 1 1 1 1 0 1 1 1 1 1 0 
223 40 41282 1 1 0 1 1 1 1 1 0 0 0 1 1 1 1 1 1 1 1 1 1 1 1 1 0 0 1 1 1 1 1 1 1 1 1 1 1 1 1 1 
224 40 36372 0 1 0 1 0 0 1 1 1 1 1 1 1 0 1 0 1 1 0 1 0 0 0 1 1 1 0 1 0 1 1 1 0 0 0 1 0 1 0 1 
225 40 8322 0 0 0 0 0 0 0 0 0 0 1 0 0 0 0 0 0 0 0 0 0 0 0 0 1 0 0 1 0 1 1 0 0 0 0 0 1 0 0 0 
226 40 50524 1 1 1 1 1 1 1 1 1 1 1 1 1 1 1 0 1 1 1 1 1 1 0 1 1 1 1 1 1 1 1 1 1 1 1 1 1 1 1 1 
227 40 22004 1 0 1 1 0 1 0 0 0 1 0 0 0 0 0 0 0 0 1 0 1 0 0 1 0 0 1 0 0 0 0 1 0 1 0 0 0 1 0 0 
228 40 44277 0 1 1 1 0 1 0 1 1 1 1 1 0 1 1 1 1 1 0 1 1 1 1 1 0 0 1 1 1 1 1 0 1 1 1 0 0 1 1 1 
229 40 47843 1 1 1 1 1 1 1 0 1 0 1 1 1 0 1 1 1 0 1 0 1 1 1 0 1 1 1 1 1 1 1 1 1 1 1 1 1 0 1 1 
230 40 46194 1 1 1 1 1 0 1 1 1 0 1 1 1 1 1 1 1 0 1 1 1 1 1 0 1 1 1 0 0 1 1 1 1 1 1 1 0 1 1 1 
231 40 47950 1 0 1 1 0 1 1 1 0 1 1 1 0 1 1 1 1 1 0 1 0 0 1 1 0 1 1 0 1 1 1 0 0 1 0 1 1 1 1 1 
232 40 35583 1 1 0 0 0 1 0 0 0 1 1 1 0 0 1 1 1 0 1 0 1 1 0 0 1 0 1 0 1 0 1 1 0 1 1 0 1 1 0 1 
233 40 45032 1 1 1 1 1 1 1 1 1 1 1 0 1 1 1 1 1 1 1 1 1 1 1 1 1 1 1 1 1 1 1 1 1 1 0 1 1 0 1 1 
234 40 39516 1 1 1 0 1 1 1 1 1 1 1 1 0 1 1 0 0 1 1 1 0 1 0 1 0 0 1 1 1 1 1 1 1 1 0 0 1 0 1 1 
235 40 47866 1 1 0 1 0 1 0 0 1 1 1 1 1 1 0 1 1 0 0 0 1 1 1 1 1 0 0 0 1 0 1 1 0 1 0 0 1 1 1 1 
236 40 35225 0 1 0 0 0 0 0 0 1 1 1 0 1 1 0 1 1 1 1 1 1 1 1 0 1 0 1 0 1 1 1 1 1 0 0 1 1 0 0 1 
237 40 47486 0 1 1 0 1 1 1 0 0 1 1 0 1 1 1 0 0 0 1 1 1 0 1 1 1 1 1 1 1 0 1 1 1 0 0 1 1 1 1 1 
238 40 29106 0 0 1 1 1 0 1 1 1 0 0 0 0 0 0 1 1 1 0 0 0 0 0 0 1 1 1 0 1 0 0 0 0 1 1 1 1 0 1 0 
239 40 43958 1 1 0 1 1 1 1 0 0 1 1 0 1 0 1 1 0 1 1 1 1 1 1 1 0 1 0 0 1 1 1 0 1 1 0 1 1 0 1 0 
240 40 24600 0 1 1 0 0 0 0 1 1 0 0 0 0 0 0 1 0 0 1 0 1 0 0 1 1 1 0 1 0 0 1 0 1 0 1 0 0 1 1 0 
241 40 52873 1 1 1 1 1 0 1 0 1 1 0 1 0 1 1 1 0 1 1 1 1 1 1 1 1 1 1 0 1 1 1 1 1 1 1 1 1 1 1 0 
242 40 26824 1 1 0 1 1 0 1 1 1 1 0 0 1 0 0 0 0 0 1 0 0 1 0 0 1 0 0 0 0 0 0 0 1 0 1 1 1 0 0 0 
243 40 48606 1 1 1 1 1 1 1 0 1 1 1 1 1 1 0 0 1 1 1 1 1 1 1 1 1 1 1 0 1 1 1 1 0 1 1 1 1 1 1 0 
244 40 6596 0 0 0 1 0 0 0 0 0 0 0 1 0 0 0 0 0 0 0 0 1 0 0 0 0 0 0 0 0 0 0 0 0 0 0 0 0 0 0 0 
245 40 33711 0 0 1 1 1 0 0 0 0 1 0 0 1 0 0 1 0 1 0 1 0 1 1 1 0 1 0 0 1 0 0 1 1 1 0 1 1 0 1 1 
246 40 42279 1 1 1 1 1 1 1 1 1 1 1 0 0 0 1 1 1 0 1 1 1 0 1 0 1 0 1 1 1 1 1 1 1 1 1 1 0 1 1 0 
247 40 40796 1 0 1 1 0 0 1 1 0 1 0 1 1 0 1 1 1 0 1 0 1 1 1 1 0 1 0 1 1 1 1 1 1 1 1 1 1 0 0 1 
248 40 23966 0 0 1 0 1 0 0 0 0 0 0 1 1 0 1 0 0 1 0 1 0 0 1 0 0 0 1 1 0 0 0 0 0 1 1 0 0 0 0 1 
249 40 45042 0 1 1 1 1 1 1 1 1 1 0 1 0 1 1 1 1 1 1 0 1 0 1 0 1 1 1 1 1 0 1 1 1 1 1 1 0 1 0 1 
250 40 52544 1 1 1 1 1 1 1 1 1 1 1 0 1 1 1 1 1 1 1 1 1 1 1 1 1 1 1 1 1 1 1 1 1 1 1 1 1 1 1 1 
251 40 31246 0 0 1 1 1 1 1 0 0 1 1 0 0 1 0 1 1 0 0 1 1 0 1 1 0 0 1 0 0 0 1 1 0 0 0 0 0 0 1 1 
252 40 40585 0 1 1 1 1 1 1 1 1 1 1 1 1 0 1 1 1 0 0 1 0 1 0 0 1 0 0 1 1 1 0 0 1 0 0 1 1 0 0 1 
253 40 54824 1 1 1 1 1 1 1 1 0 1 1 1 1 1 1 1 1 0 1 1 1 1 1 1 1 1 0 1 1 1 1 1 1 1 1 1 1 1 1 1 
254 40 49725 0 1 1 1 1 1 1 1 1 1 1 1 1 1 1 1 1 1 1 0 1 1 1 1 1 0 1 1 1 1 1 1 1 0 1 1 0 1 1 1 
255 40 46111 1 1 0 1 1 1 0 1 1 1 1 1 1 1 1 1 0 1 1 1 1 1 1 1 0 1 1 1 1 1 1 0 1 1 1 0 1 1 1 1 
256 40 46864 0 1 0 1 1 1 1 1 1 0 1 1 1 1 0 1 1 1 1 1 1 1 0 1 1 0 1 1 1 1 1 1 1 0 1 1 1 0 1 1 
257 40 38249 0 1 1 1 1 0 1 1 1 1 0 1 1 1 1 0 1 0 0 0 0 1 0 1 1 1 1 0 1 0 1 1 1 1 1 1 1 0 0 0 
258 40 25458 1 1 0 0 0 0 1 1 0 0 1 1 1 1 0 1 0 0 0 0 0 0 0 1 0 1 1 0 0 0 1 0 0 0 1 0 0 0 1 0 
259 40 33729 0 1 1 0 0 1 0 0 1 0 1 0 0 1 1 1 0 1 0 0 0 0 1 1 1 0 0 1 1 0 1 1 1 1 1 0 1 0 0 0 
260 40 52014 1 1 1 1 1 1 1 1 1 1 1 1 1 1 1 0 1 1 1 1 1 1 1 1 1 1 1 0 1 1 1 1 1 1 1 1 1 1 1 1 
261 40 44332 1 1 1 1 1 1 1 1 1 1 1 1 0 1 1 1 1 0 1 1 1 1 0 1 0 1 1 1 1 1 0 1 1 1 1 1 1 1 1 1 
262 40 43018 1 1 1 1 1 0 1 1 0 1 0 0 1 1 1 1 0 1 1 1 1 1 0 1 0 1 0 1 0 1 1 0 1 1 0 0 0 1 0 1 
263 40 34896 1 0 1 0 1 1 1 0 1 0 0 0 1 0 0 0 1 1 0 0 0 1 1 1 0 1 1 1 1 1 1 0 1 0 0 0 1 1 1 1 
264 40 9088 1 0 0 0 0 0 1 0 0 0 0 0 0 0 1 0 0 0 0 0 1 0 0 0 0 0 0 0 0 0 1 0 0 0 0 0 1 0 0 0 
265 40 45838 1 0 1 1 0 1 1 1 1 1 1 0 1 1 1 1 0 1 1 0 0 1 1 1 1 1 1 1 1 1 0 1 1 0 1 1 1 1 0 1 
266 40 47273 1 0 1 1 0 0 1 1 0 1 0 1 0 1 0 1 1 0 1 1 1 1 1 0 1 0 1 1 0 1 1 1 1 0 1 0 1 0 0 1 
267 40 11870 0 1 0 0 1 0 0 0 1 0 1 0 0 1 0 0 0 0 0 0 0 0 1 0 0 0 0 1 1 1 0 0 0 0 0 0 0 0 0 0 
268 40 36965 0 1 0 1 1 1 0 1 0 0 0 1 0 1 0 1 1 0 1 1 1 1 0 1 1 0 1 0 0 0 1 0 1 0 1 1 1 1 0 1 
269 40 20913 0 0 0 0 0 0 0 0 0 0 0 1 0 0 0 0 1 1 0 0 0 1 0 0 1 1 0 0 1 1 1 0 1 0 1 1 0 1 0 0 
270 40 52074 1 1 1 1 1 1 0 1 1 1 1 0 0 1 1 1 1 1 1 1 1 1 1 1 0 1 1 1 1 1 1 1 1 1 1 1 0 1 1 1 
271 40 49730 1 1 1 1 1 1 1 1 1 1 1 1 1 1 1 1 1 1 1 1 1 0 1 1 1 1 1 1 1 1 1 1 1 1 1 1 1 1 1 1 
272 40 45280 1 1 1 1 1 1 1 1 0 1 1 1 0 0 1 0 1 1 1 0 0 1 0 0 1 1 1 1 1 1 1 1 1 1 1 1 1 1 1 1 
273 40 50981 1 1 1 1 1 1 1 1 1 1 1 1 1 1 1 1 1 1 1 1 1 1 1 1 1 1 1 1 1 1 1 1 1 1 1 0 1 1 1 1 
274 40 45951 1 0 0 1 1 1 1 1 1 1 1 1 1 1 1 1 1 1 1 1 1 1 1 1 1 1 1 1 1 1 1 1 1 1 0 1 1 1 1 1 
275 40 29074 1 0 1 0 0 1 0 1 0 1 0 0 0 1 0 0 0 0 0 0 1 0 1 1 1 0 0 0 0 1 0 1 1 1 0 0 1 0 0 1 
276 40 44831 1 1 1 1 0 1 0 1 1 1 1 0 1 1 1 0 1 0 1 1 1 1 0 0 1 1 1 1 1 1 1 1 1 0 1 1 1 0 1 0 
277 40 9709 1 0 0 0 0 0 0 0 0 0 0 1 0 0 1 0 0 0 0 1 1 0 0 0 0 0 0 0 0 0 0 0 0 0 0 0 0 0 0 0 
278 40 38224 1 1 1 1 1 1 1 0 1 1 1 0 1 1 1 0 1 1 1 0 0 1 1 1 1 0 1 0 1 1 0 0 0 1 0 1 1 1 1 1 
279 40 44040 1 1 1 1 0 0 0 1 1 1 0 1 1 1 1 1 0 1 1 1 0 0 1 0 1 1 1 0 0 1 1 1 1 1 1 0 1 0 1 1 
280 40 0 0 0 0 0 0 0 0 0 0 0 0 0 0 0 0 0 0 0 0 0 0 0 0 0 0 0 0 0 0 0 0 0 0 0 0 0 0 0 0 0 
281 40 42524 0 1 1 1 1 1 1 1 1 1 1 1 1 1 1 1 1 0 1 0 1 0 1 1 1 1 1 1 1 1 1 1 1 1 1 0 0 1 1 0 
282 40 17062 0 0 0 0 0 1 0 1 0 1 1 1 0 0 0 0 0 0 0 0 1 0 1 0 0 1 0 0 1 0 0 1 0 0 1 0 0 0 0 0 
283 40 15043 0 0 0 1 0 0 0 0 0 0 0 0 0 0 0 0 0 0 0 1 0 0 0 0 1 1 0 0 0 0 0 1 1 0 1 1 1 0 1 0 
284 40 44798 0 1 1 1 1 1 1 1 1 1 1 0 1 0 1 1 1 1 0 1 1 1 0 1 1 1 1 1 1 1 0 1 1 1 1 1 1 1 1 1 
285 40 27316 0 1 0 1 1 0 0 0 1 0 1 1 1 0 0 0 1 0 0 0 1 1 1 0 0 1 0 1 1 0 1 0 0 0 0 0 0 1 0 0 
286 40 34250 0 0 1 0 0 0 1 1 1 0 0 1 1 1 1 1 1 0 0 0 1 0 1 0 0 0 1 1 0 1 1 1 1 0 0 0 1 1 0 1 
287 40 27428 1 1 0 0 1 0 1 1 0 1 0 1 1 0 0 1 0 0 0 1 0 0 0 0 1 0 0 1 0 0 0 1 0 0 1 0 0 1 1 1 
288 40 50105 1 0 1 1 1 1 1 1 1 1 1 1 1 1 0 1 1 1 1 0 1 1 1 1 1 1 1 1 1 0 1 0 1 1 0 1 1 1 1 1 
289 40 43194 1 1 0 0 1 1 1 0 0 1 1 1 1 0 1 1 1 1 1 1 0 1 1 1 1 1 1 1 0 1 0 1 0 1 1 0 1 1 0 1 
290 40 40549 1 0 0 0 1 1 0 1 1 0 0 0 0 1 1 1 0 1 1 1 1 0 1 1 0 1 0 0 1 1 1 1 1 1 1 0 0 0 0 0 
291 40 32834 0 1 0 0 1 0 1 1 1 1 0 1 1 1 0 0 0 0 0 0 1 1 1 1 0 0 1 0 0 0 0 0 0 1 0 1 0 1 1 1 
292 40 39108 1 1 1 1 1 1 1 1 0 1 0 1 1 1 0 1 1 0 0 1 1 1 1 0 1 1 1 1 1 1 0 1 0 0 1 0 1 0 1 1 
293 40 44869 1 1 1 1 1 1 1 0 1 0 1 1 1 1 1 1 1 1 1 1 1 1 1 1 1 1 1 1 1 0 1 1 1 1 1 1 0 1 1 1 
294 40 44453 1 0 0 0 0 1 0 1 1 1 1 1 1 0 0 1 1 1 1 0 0 1 1 0 0 1 1 0 1 1 1 0 1 0 1 0 1 1 1 1 
295 40 34951 1 1 1 0 1 1 1 0 0 0 1 0 1 0 0 1 0 0 0 1 1 1 1 1 1 0 1 0 1 1 1 1 1 0 0 0 1 1 1 1 
296 40 44593 1 1 1 1 1 1 1 1 1 1 1 0 1 1 1 1 1 1 1 1 1 1 1 1 1 1 1 1 1 1 1 1 1 1 1 1 1 0 1 1 
297 40 49834 1 1 1 1 1 1 1 1 1 0 1 1 1 1 1 1 0 1 1 1 1 1 1 0 1 0 1 1 1 1 1 1 1 1 0 1 1 1 1 1 
298 40 46906 1 1 1 1 1 1 0 1 0 1 1 0 1 1 1 1 1 1 1 0 1 1 0 1 1 0 1 1 0 1 1 1 1 1 1 1 1 1 1 1 
299 40 54345 1 1 1 1 1 1 1 1 1 1 1 0 0 1 1 1 1 0 1 0 1 1 1 1 1 1 1 1 1 1 1 1 1 1 1 1 0 0 0 1 
300 40 26423 0 0 0 0 1 0 1 0 1 0 0 1 1 1 1 0 0 0 0 1 1 0 0 0 0 1 1 1 0 0 0 1 1 1 0 0 1 1 0 0 
