1 20 1788 36 1 43 136 202 12 149 251 28 78 54 89 147 36 151 73 16 171 214 137 68 271 238 185 245 170 8 27 7 233 137 155 165 141 183 60 122 183 23 121
2 20 1648 23 240 176 152 75 207 8 197 234 156 84 39 8 256 168 51 143 165 88 57 151 294 160 237 42 281 15 250 208 21 89 88 164 223 41 264 133 71 50 203
3 20 2162 75 257 138 283 158 287 239 64 147 259 134 250 50 65 238 129 148 21 87 22 68 195 159 213 176 75 22 289 120 182 186 137 196 226 173 92 177 244 12 135
4 20 1811 38 42 136 208 195 140 217 217 135 100 50 186 88 272 79 53 192 33 83 42 118 172 77 205 205 222 26 285 167 15 81 295 95 239 55 30 161 118 66 280
5 20 1885 79 279 232 155 110 202 160 283 242 63 51 173 201 231 194 220 17 252 57 186 121 31 194 232 35 266 194 272 24 260 160 123 139 56 65 124 41 189 41 227
6 20 1897 96 266 198 239 152 20 25 143 47 272 140 235 159 208 119 262 100 231 33 220 193 176 16 115 237 80 32 192 114 80 199 85 109 203 11 267 162 159 230 70
7 20 2149 162 264 81 17 165 52 144 173 203 198 61 103 29 180 126 259 245 226 161 256 147 93 175 248 118 113 108 103 71 255 42 174 234 59 248 212 67 156 100 151
8 20 2141 245 138 248 56 228 263 139 127 47 70 57 90 116 67 109 284 55 233 102 74 236 23 228 96 166 275 215 50 20 91 97 211 25 55 178 154 71 248 95 190
9 20 1864 211 138 232 107 3 21 202 31 140 100 91 160 56 135 158 48 74 159 51 295 72 135 198 26 31 236 42 147 201 247 18 144 13 243 206 121 117 136 215 254
10 20 1990 248 214 101 244 154 134 64 71 92 89 102 73 232 267 237 201 125 94 44 19 57 116 38 36 128 242 218 98 125 127 198 132 176 241 97 216 22 83 30 133
11 20 1927 75 172 28 79 151 121 59 264 95 282 97 289 156 139 125 13 165 3 232 73 68 99 87 203 228 89 65 298 85 95 25 2 237 171 161 96 234 51 36 85
12 20 2181 230 256 14 87 205 28 15 11 64 293 79 118 150 5 69 58 187 241 224 300 81 2 197 129 225 114 65 63 158 30 241 107 165 2 83 129 194 95 81 295
13 20 2202 1 62 232 161 123 22 38 160 177 235 210 167 87 20 241 181 30 232 140 46 158 269 219 142 97 84 209 142 126 67 81 230 183 58 36 194 217 292 148 265
14 20 2225 148 135 38 266 164 272 119 91 239 113 250 179 159 145 165 25 169 230 148 50 240 57 57 75 131 52 124 289 119 46 105 50 110 36 127 179 73 63 97 274
15 20 2209 106 231 30 245 91 234 231 210 159 269 200 51 225 16 213 237 104 123 25 113 174 132 225 217 99 45 184 248 134 264 41 288 29 272 200 1 188 240 104 260
16 20 1803 19 275 80 72 178 17 104 282 234 252 149 12 50 101 205 95 172 260 3 258 1 113 59 90 75 49 195 60 226 237 42 60 165 135 196 278 42 119 59 124
17 20 2038 103 90 15 237 103 125 239 58 141 5 200 294 70 227 36 41 108 82 157 261 199 273 129 140 188 90 185 108 136 291 88 184 9 138 216 95 216 173 10 40
18 20 2128 234 121 215 262 172 139 224 185 51 55 113 6 179 158 158 149 169 136 23 186 131 124 69 278 133 36 192 73 9 218 27 158 47 234 142 13 245 170 128 273
19 20 1911 36 187 36 152 92 154 233 95 19 178 44 39 188 107 71 65 132 41 10 261 118 255 166 278 205 137 185 250 229 43 196 209 127 79 58 96 115 92 129 265
20 20 1516 9 159 229 109 58 20 190 171 237 244 180 71 66 131 33 200 93 272 57 168 15 115 1 142 11 263 94 110 127 140 152 129 47 232 126 81 5 48 165 264
21 20 1952 17 75 30 252 244 79 105 261 204 285 143 270 153 37 31 140 62 162 122 100 15 202 78 50 70 171 249 207 60 48 219 223 248 197 238 180 20 196 133 208
22 20 2298 107 149 184 22 212 78 179 275 203 265 93 88 242 69 242 159 225 179 116 25 86 196 172 24 169 17 160 1 81 130 138 8 64 156 190 108 5 233 5 246
23 20 1861 142 213 160 291 2 196 243 75 30 81 152 28 189 298 21 111 144 298 94 282 162 149 3 155 25 270 72 221 115 278 19 10 155 146 236 85 184 261 179 147
24 20 2024 6 123 181 177 75 123 145 268 192 41 133 95 179 294 33 233 28 189 156 116 158 280 169 223 34 141 219 273 132 37 124 98 193 39 204 293 135 148 34 122
25 20 2088 10 30 187 94 199 36 215 71 98 160 80 278 207 226 171 166 107 280 75 51 242 120 93 61 250 5 96 252 113 99 120 169 136 291 135 166 72 42 5 162
26 20 1889 198 73 248 41 76 135 217 292 29 251 21 140 161 101 21 246 128 273 98 280 39 300 207 235 198 265 245 136 91 111 23 260 191 37 112 117 4 240 55 11
27 20 1810 192 262 42 77 40 280 115 7 134 150 169 227 5 118 73 191 97 216 115 105 100 64 215 4 192 295 103 137 225 298 145 142 45 236 179 278 36 273 41 197
28 20 1767 16 255 85 267 169 66 105 88 39 149 50 152 198 216 82 90 165 192 23 270 21 105 86 122 110 129 21 212 213 39 170 286 14 16 229 140 185 60 228 145
29 20 2176 237 159 218 24 232 197 76 275 224 34 210 115 101 252 213 200 114 42 127 251 230 290 32 107 44 156 2 202 145 31 56 221 76 259 21 287 134 42 229 211
30 20 2013 87 47 56 145 107 23 38 129 114 277 32 151 84 232 137 108 131 182 144 90 135 209 79 212 157 285 248 117 233 33 214 138 182 82 126 146 121 153 92 237
31 20 2084 244 35 170 193 46 221 201 150 139 176 96 108 118 192 119 291 75 127 150 226 47 7 175 101 237 185 29 298 98 252 36 82 214 68 29 35 181 33 202 194
32 20 1887 93 298 110 203 129 169 189 182 8 1 40 178 9 167 198 248 165 209 87 97 145 179 250 230 2 115 232 226 146 234 56 16 101 4 159 47 177 276 63 235
33 20 1753 224 162 55 74 159 276 147 147 7 194 162 56 228 37 45 227 108 14 76 165 244 201 24 154 25 294 100 51 23 252 68 236 62 79 50 228 183 212 202 225
34 20 1774 46 54 64 112 121 291 98 298 250 140 79 264 148 168 56 33 39 57 10 205 224 155 13 106 182 272 87 163 172 142 180 255 120 143 129 25 49 228 151 285
35 20 1440 79 16 193 264 79 119 20 153 135 239 2 138 93 180 92 200 87 250 107 38 65 297 142 218 116 54 199 213 21 63 62 294 169 16 47 160 61 192 32 118
36 20 2196 206 110 144 12 137 1 112 193 65 176 77 74 200 20 189 214 139 98 170 238 245 291 41 276 229 44 90 140 53 63 70 221 244 7 94 201 145 285 95 111
37 20 1671 47 134 20 60 116 191 236 247 55 212 75 40 132 189 162 223 93 72 27 77 137 222 4 182 164 17 123 74 96 69 219 198 176 148 43 225 47 272 117 284
38 20 2550 211 170 133 264 152 6 76 51 226 299 200 49 104 31 3 107 244 53 244 288 154 47 241 211 123 244 93 21 235 5 158 225 138 70 135 244 106 16 212 193
39 20 1680 103 241 82 188 241 105 11 45 69 288 181 190 68 193 229 128 137 286 92 12 15 124 195 157 100 91 73 77 30 212 45 111 217 10 11 148 52 47 149 255
40 20 1976 218 264 117 208 92 68 235 118 105 276 128 163 125 237 210 12 46 199 100 146 185 26 50 124 85 265 87 83 234 276 1 166 121 99 13 192 182 7 137 243
41 20 2032 102 166 114 64 33 58 13 78 81 203 45 171 130 185 229 295 222 112 38 190 172 66 201 131 246 42 200 114 109 192 35 150 178 101 156 190 184 42 53 216
42 20 2183 246 137 202 17 201 217 166 77 163 69 63 125 3 168 100 93 4 80 155 264 238 244 51 191 172 91 26 266 245 113 97 168 171 65 51 69 143 182 232 164
43 20 2300 107 47 236 224 250 139 241 233 5 111 217 122 13 148 189 114 146 248 3 115 182 14 119 10 29 122 125 175 229 224 120 135 186 64 88 153 234 103 156 54
44 20 2633 93 244 227 169 236 95 211 65 175 232 176 10 225 119 190 185 214 25 135 147 149 199 33 61 100 54 210 123 97 141 245 19 192 46 18 215 135 76 231 136
45 20 1915 83 277 235 65 6 240 64 43 250 212 193 263 207 48 92 60 11 259 41 129 83 140 151 183 2 256 201 279 150 195 13 15 107 266 191 57 213 128 101 111
46 20 1801 68 2 164 14 86 21 147 247 152 196 79 155 85 87 81 190 204 3 112 119 119 239 135 74 148 181 94 85 65 84 100 270 31 7 95 238 127 183 160 130
47 20 2393 227 47 93 30 198 214 66 234 207 12 82 133 155 102 82 30 243 126 206 199 93 20 139 185 176 218 226 37 187 248 97 81 217 139 16 290 212 2 70 170
48 20 1738 126 154 25 279 186 96 12 28 248 131 53 192 29 269 145 81 13 185 40 174 175 292 49 252 140 65 211 58 182 3 87 200 157 48 38 297 163 228 94 39
49 20 1681 74 211 46 33 54 254 166 230 24 288 86 163 3 142 218 152 224 180 131 56 92 234 21 25 114 97 157 42 113 54 2 155 44 215 229 190 76 168 228 159
50 20 1569 46 143 179 22 180 139 55 161 109 16 172 135 201 161 163 165 3 164 41 152 102 199 102 214 14 4 37 86 216 129 187 264 62 18 32 255 19 104 42 209
51 20 2252 98 267 202 295 135 23 240 195 164 203 50 10 217 243 74 64 248 66 162 176 90 229 203 91 24 77 100 221 234 223 241 222 235 36 65 182 10 252 23 213
52 20 1989 172 213 152 188 18 202 104 241 87 122 175 286 141 143 209 243 123 70 84 254 61 125 121 256 161 88 20 242 200 68 233 60 27 60 160 108 139 220 100 103
53 20 1928 44 139 166 201 206 253 70 133 167 201 108 176 145 78 1 280 246 267 83 253 204 170 192 10 141 259 91 37 138 249 3 137 90 174 96 170 188 175 31 163
54 20 1996 220 168 234 214 210 245 3 61 36 164 80 233 147 121 79 128 97 244 5 300 169 210 36 62 143 49 178 94 193 264 181 83 186 202 171 140 38 152 90 244
55 20 2008 53 224 99 212 199 36 1 258 137 156 189 148 236 144 72 45 33 180 180 209 88 17 223 38 10 203 102 27 183 164 237 159 35 53 140 155 155 118 138 286
56 20 2049 216 75 143 6 91 102 94 127 83 187 215 180 174 207 32 15 199 94 38 216 47 101 221 19 244 76 222 28 40 186 37 32 74 74 129 296 212 116 51 1
57 20 1655 24 34 17 95 45 196 102 258 83 92 156 119 186 53 44 133 220 47 128 86 84 1 167 201 120 152 112 286 38 102 126 83 121 116 124 108 38 109 134 258
58 20 1904 55 299 98 249 133 223 124 108 230 6 112 244 10 254 191 195 94 213 174 176 179 172 55 90 95 1 39 238 91 171 214 213 214 114 46 276 91 84 136 293
59 20 1880 44 194 111 272 234 282 125 41 21 67 114 129 86 37 31 96 249 187 179 126 153 88 157 201 125 267 63 226 145 255 41 97 118 203 224 148 26 37 104 271
60 20 1888 249 298 75 157 6 75 90 70 87 74 116 72 130 232 211 91 164 144 91 271 215 182 54 230 199 130 18 247 77 269 52 47 122 43 109 290 109 65 186 210
61 20 2054 118 141 62 55 78 176 222 22 150 2 109 191 76 195 136 267 101 101 180 75 227 192 60 97 231 295 107 87 134 12 76 194 190 83 1 27 64 248 246 222
62 20 1618 40 129 14 54 244 227 173 231 95 214 120 128 206 258 66 119 184 193 164 113 67 172 215 49 88 284 99 70 21 234 8 280 89 267 8 37 32 37 90 104
63 20 2161 72 297 202 70 112 299 227 72 134 218 177 193 5 23 167 33 11 288 41 55 131 70 220 177 167 256 71 299 245 69 216 229 163 78 205 127 45 67 91 74
64 20 1887 34 134 3 171 140 143 67 126 121 195 152 35 141 155 234 83 7 268 158 174 193 6 67 146 186 118 106 208 83 272 165 232 163 115 138 55 155 221 46 44
65 20 1665 169 152 231 271 78 205 89 139 98 287 32 138 150 60 136 108 220 234 56 142 111 268 134 278 148 208 3 164 55 48 119 173 137 101 46 87 31 23 39 178
66 20 1978 26 108 190 37 208 94 58 151 25 100 109 65 39 92 114 243 212 206 210 68 213 146 206 37 25 123 109 16 196 199 158 83 106 186 9 203 34 275 226 45
67 20 2281 183 26 205 283 198 193 204 279 18 130 37 83 221 9 95 29 31 178 59 203 47 281 201 115 244 276 185 50 93 189 199 191 115 275 158 3 187 232 172 20
68 20 1916 162 230 113 248 169 179 44 80 215 30 35 227 123 283 248 113 36 121 125 106 25 251 154 25 118 299 201 270 120 106 83 118 181 217 39 213 14 284 190 250
69 20 1699 126 70 26 241 19 40 243 131 74 128 149 101 217 79 51 288 121 54 68 143 89 273 121 18 156 123 241 50 79 30 202 245 38 186 26 240 75 240 3 227
70 20 2117 249 19 217 40 74 263 23 133 67 64 159 300 228 285 17 18 26 248 219 27 213 153 238 277 245 25 18 270 80 229 93 225 29 14 166 168 239 245 47 80
71 20 1696 64 268 157 200 49 168 72 162 131 191 2 216 37 147 86 267 15 229 88 99 103 118 205 72 173 41 162 14 97 281 85 32 58 76 174 201 216 102 146 113
72 20 2262 87 173 106 294 201 15 186 151 243 289 208 211 103 161 50 154 79 41 14 84 59 85 186 3 243 181 198 286 192 128 75 84 180 201 214 250 165 266 39 114
73 20 2272 238 201 146 44 73 49 127 272 71 192 19 41 114 12 193 283 219 195 194 290 214 151 113 146 138 179 92 6 134 232 244 32 245 283 148 202 19 198 99 73
74 20 1878 54 245 241 141 47 73 99 10 69 45 18 12 71 63 29 164 178 48 150 290 216 193 126 73 2 122 122 40 245 227 174 257 59 71 197 243 198 63 53 102
75 20 1658 4 162 54 89 114 263 130 280 24 267 92 186 234 126 34 283 177 271 10 179 47 213 157 274 45 115 101 44 194 237 39 41 206 89 154 240 135 161 122 39
76 20 2145 34 171 123 272 82 213 99 55 17 105 141 272 155 37 175 56 155 86 39 284 162 210 249 203 157 243 152 174 190 144 223 29 91 208 181 279 115 243 142 178
77 20 2652 105 24 158 134 90 171 221 191 195 123 197 184 203 170 173 38 227 63 128 245 228 123 200 40 226 164 176 74 130 170 108 5 127 104 180 286 132 7 111 268
78 20 1324 30 221 85 235 243 145 70 165 90 213 131 90 75 50 11 280 96 282 127 243 193 291 1 167 166 50 26 209 37 228 108 236 57 13 37 115 52 133 20 194
79 20 1826 221 218 4 120 101 245 140 164 78 265 101 30 65 140 141 144 154 234 34 138 97 70 78 138 151 196 100 70 175 129 29 59 153 128 140 82 115 168 206 46
80 20 1911 89 287 1 187 240 136 20 25 219 78 147 20 227 121 169 171 201 139 32 237 71 91 101 29 35 286 6 25 162 58 130 208 226 260 192 217 81 95 40 34
81 20 2039 8 138 175 262 183 65 86 147 103 194 58 84 166 206 119 191 171 214 187 52 82 128 164 76 122 115 89 287 62 84 240 86 118 96 197 192 18 119 201 143
82 20 2176 174 75 1 180 190 37 197 152 78 185 58 285 182 160 92 36 168 183 48 294 244 260 11 252 143 272 248 209 72 232 199 240 228 94 36 141 166 39 185 191
83 20 1612 36 239 190 219 29 53 198 26 250 25 29 79 11 92 90 249 69 18 165 201 152 287 195 3 124 54 60 296 198 124 56 138 92 34 60 105 1 38 11 225
84 20 2124 65 11 16 236 151 282 145 85 250 15 100 260 77 174 109 200 122 128 149 72 192 289 178 93 12 37 72 239 202 279 175 183 170 247 187 47 203 234 80 66
85 20 2065 130 165 41 62 126 14 163 207 63 165 68 75 9 172 51 49 195 95 189 120 238 299 110 293 174 27 229 230 82 116 215 275 215 219 49 15 165 287 70 96
86 20 2302 50 3 192 103 20 61 142 219 206 135 142 93 129 106 190 228 48 187 93 184 84 53 195 122 226 271 175 292 73 246 190 218 112 214 246 28 233 71 132 241
87 20 2328 51 252 169 99 230 235 159 274 28 44 170 33 117 243 71 290 200 18 179 262 131 245 146 264 242 209 240 191 26 137 169 65 215 23 40 268 82 26 246 276
88 20 2228 235 130 176 180 21 198 160 193 135 152 28 153 216 216 125 262 108 32 143 260 127 260 236 177 73 113 133 245 134 53 191 167 145 220 201 137 184 47 15 230
89 20 1709 62 153 1 205 192 51 170 15 8 250 228 286 64 14 42 2 207 25 116 126 157 222 40 252 7 224 225 177 50 78 161 84 114 127 20 161 93 32 180 256
90 20 1804 64 125 101 113 51 143 136 194 188 188 89 61 42 95 202 186 35 131 17 146 229 79 28 249 60 152 14 16 240 72 60 48 167 97 237 28 119 55 177 65
91 20 2226 53 41 152 254 75 114 227 249 237 181 73 45 215 46 201 139 75 270 150 199 27 245 207 214 226 214 83 18 58 190 235 209 92 240 39 237 224 263 134 26
92 20 2179 121 236 211 44 142 225 164 130 111 265 51 289 103 56 38 240 218 138 212 220 149 142 169 225 243 24 111 128 48 171 35 67 236 123 137 118 153 279 72 210
93 20 2342 177 293 221 83 218 130 218 279 3 2 235 120 81 185 238 289 212 71 158 187 48 200 193 243 186 292 37 119 95 299 95 216 50 153 228 78 69 117 166 20
94 20 2216 166 294 143 35 229 294 179 7 183 225 47 241 212 71 55 286 200 3 134 270 38 184 68 243 130 210 60 112 112 137 201 196 221 6 236 270 141 240 16 184
95 20 2086 80 56 12 47 218 281 152 99 128 207 76 16 66 41 72 275 22 97 147 180 187 140 236 82 200 154 112 191 57 54 156 212 209 147 118 180 167 15 193 22
96 20 2033 210 179 58 51 168 127 79 48 242 127 109 300 133 124 9 79 59 30 71 235 193 66 190 137 145 300 76 104 196 280 205 111 124 177 68 269 5 264 202 245
97 20 1954 233 182 184 52 22 158 95 272 140 206 221 161 120 276 26 230 175 235 12 180 199 55 69 232 66 84 130 224 63 271 22 183 223 122 178 108 176 24 89 38
98 20 1589 136 297 75 23 86 206 185 16 172 254 15 259 26 184 26 161 64 90 219 239 116 142 162 246 112 201 27 191 20 190 244 68 64 38 20 143 62 272 156 247
99 20 2142 174 108 212 286 116 248 178 242 101 296 14 164 180 264 224 199 165 220 42 127 58 244 126 190 153 165 11 38 238 1 48 40 218 220 201 88 6 274 213 88
100 20 1972 95 47 99 186 3 150 109 183 93 225 110 218 46 189 237 246 67 172 244 209 63 300 94 160 114 15 231 37 126 55 25 149 87 17 202 235 206 36 215 135
101 20 1844 161 230 155 294 100 218 69 142 170 185 209 118 235 70 58 45 94 98 99 146 12 167 135 241 93 228 9 276 20 24 28 269 80 251 133 20 219 30 226 228
102 20 1784 207 206 218 290 83 92 43 170 80 31 232 281 6 15 221 109 183 192 163 81 122 288 39 23 126 89 42 250 36 111 57 255 45 74 164 89 93 269 71 59
103 20 1802 125 57 146 238 212 171 162 244 47 25 42 60 99 274 72 110 140 97 230 35 154 167 22 184 25 149 197 103 172 253 89 134 33 257 24 21 70 212 192 38
104 20 1752 218 78 113 27 130 103 72 128 75 123 81 252 93 148 29 100 165 209 12 107 193 120 33 21 194 270 232 271 35 20 42 185 214 42 140 152 90 187 30 170
105 20 2080 215 195 92 228 200 154 91 267 21 294 238 65 13 223 18 33 24 166 237 34 72 108 102 282 162 77 206 71 19 240 236 226 145 165 179 66 135 166 195 15
106 20 1932 242 188 92 108 158 117 236 191 94 171 45 80 110 142 192 196 222 102 28 40 138 190 190 246 145 280 3 26 160 135 134 27 23 89 24 62 38 130 141 251
107 20 1631 249 227 131 207 45 253 22 63 17 57 88 65 120 258 36 255 40 276 32 48 213 53 131 77 37 35 204 65 45 128 69 26 202 114 102 71 97 76 159 276
108 20 1838 75 236 177 167 244 174 66 250 36 205 30 243 154 27 95 215 196 299 95 138 140 19 106 61 65 65 146 243 216 271 119 181 47 234 78 235 193 193 20 171
109 20 1672 23 130 2 20 20 142 42 37 201 181 112 267 17 260 53 9 107 182 159 51 220 186 191 31 146 156 132 284 173 3 18 63 87 65 207 104 18 108 163 245
110 20 2024 149 172 144 218 235 69 161 58 233 271 133 258 47 159 59 26 204 287 173 224 210 66 10 126 144 143 88 175 34 63 233 113 116 300 66 252 69 296 23 24
111 20 2166 241 257 192 166 153 135 154 127 69 242 98 37 116 199 232 193 97 104 161 269 205 195 173 203 53 210 137 31 85 212 63 79 246 63 116 29 83 144 34 120
112 20 2119 94 176 189 109 197 194 234 93 216 205 92 119 242 292 145 152 33 23 214 291 113 189 29 73 70 2 45 256 212 79 172 276 35 141 73 30 231 224 13 283
113 20 1576 34 29 132 296 163 197 10 54 82 107 21 103 101 275 198 94 245 278 97 5 120 122 89 218 28 25 83 2 43 32 72 166 98 90 42 183 193 201 119 140
114 20 2228 240 89 171 71 87 36 79 86 250 35 147 267 54 236 196 31 208 219 114 81 93 57 143 264 135 162 212 127 212 184 139 134 86 89 59 108 65 215 96 285
115 20 1924 189 123 55 154 165 200 8 274 9 170 234 296 46 149 110 129 44 228 246 269 63 146 139 53 244 13 103 74 17 224 66 98 211 74 131 291 128 98 198 262
116 20 2259 248 155 204 51 247 31 134 63 176 122 183 137 33 121 248 297 220 125 157 245 111 131 38 209 153 283 51 91 237 295 245 156 37 18 4 51 47 292 51 160
117 20 2040 81 160 193 173 79 202 191 141 87 246 13 14 171 143 155 81 137 118 35 139 146 5 229 207 98 193 36 85 7 2 79 11 200 231 173 264 202 229 238 25
118 20 2048 80 174 142 273 158 21 200 23 135 43 245 195 43 152 100 8 198 253 5 241 145 96 70 101 71 146 181 268 196 89 21 280 122 175 240 41 30 45 179 229
119 20 1952 242 131 167 206 219 30 57 149 9 200 26 102 158 167 155 173 156 240 59 220 237 240 65 179 190 147 10 8 210 243 14 92 115 105 88 120 100 91 164 215
120 20 1869 114 155 24 211 200 16 28 172 229 157 15 61 247 159 149 285 95 204 68 237 63 25 164 276 79 59 245 205 155 130 3 262 217 217 10 72 113 157 119 35
121 20 1832 214 205 99 201 24 243 214 16 51 233 201 110 62 220 44 21 60 178 80 164 190 257 155 42 138 221 242 200 28 97 146 195 95 32 40 278 53 217 155 226
122 20 2052 138 74 228 194 67 59 123 14 178 258 118 251 107 270 22 183 37 251 223 292 177 87 102 159 45 155 57 25 241 126 16 267 165 196 242 277 52 250 228 29
123 20 2228 55 125 17 289 240 225 230 86 153 146 150 288 111 212 208 148 34 19 129 86 148 250 248 298 32 97 81 29 240 134 204 261 210 72 121 260 55 253 120 205
124 20 2202 138 228 6 227 118 92 11 66 114 61 121 28 154 173 89 119 215 134 170 152 161 271 125 179 229 140 110 40 140 208 81 196 126 155 238 286 217 286 190 298
125 20 1953 233 290 248 58 16 49 166 16 128 122 8 121 9 279 152 265 249 43 167 63 103 23 39 33 186 44 34 15 11 286 192 15 246 90 162 67 41 144 52 75
126 20 2091 234 260 155 39 186 122 26 23 20 276 247 47 74 177 81 34 19 277 158 17 72 26 58 299 46 181 223 19 105 268 169 139 241 72 203 164 125 281 172 230
127 20 1913 206 87 229 276 12 290 128 149 212 99 196 268 98 80 92 244 36 232 102 107 127 82 5 196 24 115 190 107 215 170 242 147 41 223 120 29 113 147 4 6
128 20 2264 11 296 130 71 100 164 213 283 70 184 200 195 79 81 240 147 30 103 40 266 232 163 171 46 226 165 157 211 22 92 208 204 121 127 245 112 133 81 202 285
129 20 1890 227 33 192 16 108 91 139 8 39 212 193 119 123 247 185 298 28 17 174 16 3 117 22 100 193 186 157 273 173 48 149 251 12 291 6 7 161 157 79 174
130 20 1552 171 72 51 290 36 109 224 228 135 272 70 35 144 89 213 12 81 121 67 50 46 143 93 33 58 259 238 79 85 213 1 282 3 154 70 236 136 37 19 165
131 20 1736 66 284 131 61 174 271 200 282 37 25 173 293 97 253 243 145 158 251 39 293 51 48 73 116 205 124 8 99 28 216 45 82 191 134 98 55 58 298 96 160
132 20 1993 62 271 101 202 234 73 128 174 60 280 13 141 165 14 142 268 6 160 95 121 189 214 161 160 104 245 173 141 240 34 12 43 198 44 114 111 189 269 106 188
133 20 2149 117 178 211 230 66 119 180 46 194 232 126 82 161 51 199 187 128 98 182 253 201 290 166 9 47 24 133 167 148 60 52 111 37 262 171 33 43 284 125 247
134 20 1927 171 37 158 214 43 31 74 271 103 21 155 33 133 223 186 265 99 178 69 53 192 256 192 298 35 233 155 10 84 155 140 157 13 48 243 54 83 71 81 100
135 20 2161 238 34 95 7 21 43 128 115 73 219 38 43 177 136 230 21 123 32 156 147 38 111 148 230 171 33 245 109 165 158 20 277 141 73 206 119 209 160 80 39
136 20 2055 249 196 132 91 95 150 111 258 60 177 128 274 157 61 9 13 192 187 162 26 188 141 1 34 189 247 250 148 249 225 2 160 217 42 36 108 45 54 97 39
137 20 2189 145 249 233 179 230 147 170 75 248 291 143 244 58 173 122 227 40 159 149 217 200 102 35 196 228 130 206 265 238 241 66 148 19 91 50 62 145 251 12 158
138 20 1962 222 112 223 191 220 43 48 220 45 236 16 154 68 254 18 5 15 56 169 227 91 112 97 148 125 185 126 115 131 81 245 88 56 119 241 111 62 248 235 149
139 20 1788 34 139 240 98 104 59 182 265 130 137 90 65 154 216 36 56 84 132 172 47 113 118 72 268 129 229 110 94 58 275 16 6 64 287 194 77 109 291 145 13
140 20 1832 71 49 209 194 147 150 155 166 168 129 63 299 63 232 120 104 202 60 60 71 172 23 35 117 47 111 130 44 7 191 44 233 141 88 105 103 125 147 227 32
141 20 2010 212 71 59 165 57 40 149 168 28 62 84 136 106 199 34 22 246 264 117 110 148 99 176 74 82 222 64 189 88 223 218 63 176 288 200 239 168 50 101 163
142 20 2321 183 24 180 149 89 138 196 15 250 36 111 39 23 192 210 83 135 288 177 293 14 218 236 5 159 235 171 292 143 28 161 276 95 168 46 250 151 234 172 51
143 20 2303 26 107 47 18 176 241 211 180 242 248 77 232 164 261 211 86 125 231 79 183 109 122 236 216 202 8 64 141 160 89 136 94 78 146 56 242 232 254 248 98
144 20 2128 133 15 184 37 164 169 207 167 6 93 56 62 231 20 150 6 9 173 250 96 103 139 206 51 117 278 242 173 96 56 86 20 168 84 113 28 110 266 30 188
145 20 2244 86 5 188 278 77 49 155 79 157 149 230 152 238 82 142 284 137 293 102 248 43 255 35 105 209 68 115 118 114 152 217 214 133 161 237 147 80 89 110 30
146 20 1932 24 61 143 80 82 210 68 49 150 113 203 281 140 2 8 179 10 178 173 297 28 220 165 88 247 171 125 142 40 213 245 97 184 46 70 17 167 174 143 180
147 20 1658 6 42 14 161 224 165 95 114 177 162 22 246 162 54 196 106 238 36 92 27 42 206 19 52 232 215 48 279 42 184 36 64 117 135 79 300 189 160 43 21
148 20 1702 233 245 72 15 21 173 143 71 107 16 81 241 250 79 92 12 31 205 121 11 147 102 146 1 60 230 119 36 246 21 16 80 26 178 53 222 39 261 125 89
149 20 2090 236 234 218 236 101 137 152 147 105 288 198 35 36 206 105 9 144 173 98 21 165 190 174 155 71 195 236 107 155 90 121 233 125 75 25 257 97 14 51 258
150 20 1768 37 186 96 244 11 217 168 47 24 12 198 29 45 77 237 81 120 108 47 283 244 92 45 232 207 80 178 64 24 242 223 252 145 220 23 246 29 68 109 121
151 20 2234 223 285 81 116 223 21 51 227 120 150 36 81 160 68 115 136 84 269 165 12 192 171 106 285 10 197 219 17 134 156 115 72 204 13 193 274 226 63 136 238
152 20 2293 228 156 56 226 21 125 234 209 223 195 104 24 19 228 243 17 212 151 218 139 225 171 137 184 211 152 159 52 88 168 108 174 50 49 2 121 109 198 220 65
153 20 1777 98 145 209 296 49 155 125 242 95 63 113 157 28 149 74 23 174 201 41 81 160 42 226 147 31 174 175 276 88 72 169 81 108 227 143 13 115 55 1 206
154 20 1945 39 61 125 172 26 190 126 218 191 97 207 289 168 56 190 295 32 11 159 280 136 132 43 214 248 74 209 243 25 190 60 70 241 137 65 189 101 199 41 53
155 20 2019 55 10 113 267 183 163 86 82 120 252 6 116 40 97 201 180 70 40 162 36 1 134 193 264 137 84 250 5 139 11 42 87 130 113 220 19 225 172 151 275
156 20 2118 151 111 91 25 16 213 48 133 167 26 218 75 199 149 180 134 236 73 187 154 130 279 2 105 114 207 191 204 8 256 147 167 249 113 86 51 217 12 11 18
157 20 2115 1 268 123 54 161 4 224 64 40 155 126 59 151 66 139 47 110 21 144 72 90 291 242 209 198 103 244 91 174 250 38 5 87 156 91 191 57 51 204 251
158 20 1947 167 15 214 3 8 282 71 54 236 132 123 29 85 36 190 138 137 60 87 13 119 31 68 23 57 293 75 147 34 94 155 293 216 130 144 294 10 222 238 85
159 20 1800 57 9 44 179 67 269 19 234 70 123 50 183 205 84 242 53 104 4 211 167 121 147 153 270 93 265 89 263 120 158 33 21 187 96 166 247 203 158 17 298
160 20 1871 69 299 8 271 154 260 50 77 131 53 217 284 126 195 117 235 115 205 142 260 36 110 77 139 57 292 65 148 1 225 197 107 225 42 191 98 170 75 191 112
161 20 2152 39 255 34 47 132 264 206 191 39 80 225 114 88 291 179 153 120 170 90 145 131 125 181 271 189 11 245 211 76 43 67 34 95 277 177 213 225 161 152 124
162 20 2284 8 123 116 247 198 169 126 93 166 269 211 144 59 168 224 61 102 179 99 291 177 230 219 155 25 253 196 31 63 250 230 207 198 100 189 26 15 141 235 289
163 20 1884 147 234 51 280 59 267 90 219 142 299 95 59 211 58 35 245 172 242 213 41 4 83 117 151 157 265 53 157 144 41 108 81 10 299 123 214 233 280 192 120
164 20 1832 20 29 108 31 58 15 61 210 172 184 71 191 180 36 145 212 143 7 30 93 244 104 211 240 23 140 9 141 187 237 67 107 179 300 201 44 48 63 134 67
165 20 1578 99 245 69 1 20 246 240 191 166 97 230 237 84 2 58 82 77 258 14 114 59 122 199 221 55 172 199 283 38 5 119 104 50 60 15 80 6 198 176 277
166 20 2162 35 70 192 7 241 294 161 41 111 89 113 244 173 18 127 214 204 84 2 124 132 30 213 201 110 227 58 261 96 299 220 141 24 196 231 123 106 278 154 192
167 20 2201 126 68 99 180 166 51 180 135 2 36 116 134 220 216 11 43 108 64 95 171 173 219 26 91 194 282 246 149 247 185 171 92 118 21 225 201 22 184 207 217
168 20 2220 232 81 57 287 157 4 249 135 179 77 28 279 134 218 244 23 208 144 98 213 159 54 211 276 4 260 205 146 128 262 22 116 15 35 179 61 248 288 19 140
169 20 1745 200 202 230 80 18 201 78 49 100 233 158 74 16 232 208 161 41 138 42 7 69 242 157 176 81 81 76 287 50 214 250 246 38 74 68 190 91 30 211 283
170 20 2094 217 207 86 233 40 288 206 178 230 271 86 108 59 199 14 268 243 146 103 185 181 134 77 211 193 42 34 171 15 134 160 189 223 156 200 153 79 167 172 75
171 20 1718 197 96 18 254 218 65 130 232 137 270 46 254 134 72 225 200 136 177 124 255 33 228 41 170 7 136 128 45 44 281 57 155 131 257 81 266 15 119 246 202
172 20 1676 32 32 5 176 7 199 96 265 5 33 242 94 58 57 228 224 71 164 85 105 97 202 62 124 183 246 15 110 201 47 223 78 43 198 203 127 41 30 198 60
173 20 2232 56 83 62 256 234 169 198 239 151 21 65 189 6 68 198 114 55 274 156 35 83 112 227 125 143 51 113 1 213 25 112 230 178 59 151 11 226 211 163 90
174 20 2441 224 267 152 52 245 257 152 168 149 170 160 158 169 21 175 167 88 98 250 9 85 120 139 181 178 276 240 62 213 60 80 73 109 280 210 5 16 123 18 191
175 20 1352 92 62 182 64 141 168 40 56 41 215 72 75 64 52 142 59 36 23 6 279 196 162 31 284 35 265 108 229 47 62 175 186 187 40 27 284 50 36 18 30
176 20 1650 36 252 227 164 83 232 80 235 231 172 161 194 154 255 133 213 154 170 50 91 6 58 46 161 104 275 222 284 109 170 16 46 29 168 82 299 39 99 101 296
177 20 2063 188 46 135 166 207 198 182 84 133 296 164 69 209 198 54 288 5 297 156 38 5 182 225 268 51 4 222 218 86 85 200 198 42 21 47 278 240 204 28 85
178 20 1812 154 73 51 208 97 234 250 282 89 124 93 180 21 155 109 226 217 211 189 223 179 103 88 1 242 6 62 123 104 98 28 230 103 259 55 136 46 27 88 119
179 20 1664 85 82 33 162 111 282 119 293 84 110 199 258 248 13 200 26 146 256 56 2 45 3 73 120 55 112 33 208 145 241 108 247 125 77 37 23 19 253 160 300
180 20 2026 70 144 230 202 122 28 17 7 93 224 121 164 36 282 175 156 34 19 30 73 94 192 222 114 208 26 210 5 45 94 156 27 136 284 76 158 248 237 210 43
181 20 2080 33 61 191 151 148 38 121 26 225 45 50 191 121 188 188 270 115 205 221 104 62 185 52 263 158 182 204 92 6 105 195 172 211 201 47 13 197 142 55 42
182 20 1904 159 3 25 226 33 76 70 269 153 133 250 230 237 124 7 97 175 54 93 117 240 154 128 268 53 182 49 132 177 209 32 274 135 14 184 18 69 233 112 188
183 20 1563 132 233 82 277 75 20 130 244 20 106 19 117 77 141 19 47 104 186 216 167 116 228 95 221 131 294 39 49 119 148 94 54 103 109 110 140 110 56 163 13
184 20 2005 36 45 53 83 168 258 244 173 53 175 95 30 224 194 127 293 33 183 166 13 145 160 149 292 242 225 20 78 165 137 202 75 247 150 24 23 31 21 83 87
185 20 1984 59 134 231 259 95 256 116 21 29 28 63 162 105 126 166 31 173 205 98 91 110 229 196 152 69 268 244 88 187 118 19 124 239 181 16 30 226 15 39 70
186 20 1256 7 99 7 144 9 243 41 159 49 296 12 151 209 285 132 137 194 16 123 271 32 247 92 281 5 267 197 293 68 218 66 276 5 210 63 110 241 295 19 190
187 20 1788 106 271 132 79 35 4 111 230 114 294 205 65 189 63 139 83 137 257 16 84 234 214 208 126 86 233 37 256 176 63 94 95 51 110 91 180 55 231 20 178
188 20 1972 64 151 216 218 225 246 91 138 204 82 132 161 140 241 26 257 18 84 94 133 227 26 179 211 162 150 159 65 103 65 191 276 52 248 47 38 59 201 76 272
189 20 2148 153 4 197 95 178 53 20 51 216 135 200 171 192 79 138 148 84 137 102 276 167 23 219 210 75 254 2 102 169 27 124 77 65 141 4 246 234 37 146 53
190 20 1910 209 180 177 300 39 187 162 36 36 105 65 56 80 232 130 40 18 103 161 43 99 177 140 251 196 44 11 161 110 135 224 278 80 23 165 157 233 131 53 240
191 20 1930 168 298 154 179 139 44 135 251 130 234 242 132 10 184 44 129 136 180 90 66 62 149 150 250 145 57 124 219 21 254 182 81 31 42 165 61 234 29 51 91
192 20 1591 19 200 74 237 9 11 98 96 128 223 44 228 180 176 4 185 17 124 13 282 112 191 191 115 62 131 215 154 187 94 101 69 101 244 134 135 209 245 91 234
193 20 2414 110 66 207 195 178 70 71 145 184 159 67 232 240 115 35 134 120 233 242 62 207 227 208 148 159 149 92 253 218 177 94 276 137 19 149 221 124 171 176 23
194 20 1877 126 250 211 29 216 108 39 193 10 288 124 183 188 35 50 114 7 218 13 37 233 238 157 288 66 84 174 62 225 67 95 177 151 166 116 55 85 43 61 5
195 20 1973 84 61 10 91 230 41 93 181 44 33 246 157 109 296 57 137 100 125 54 248 103 173 20 22 67 125 69 76 148 236 135 21 226 114 227 75 215 76 230 272
196 20 2039 181 264 241 127 18 186 131 175 78 175 222 194 19 141 199 53 107 43 117 184 241 138 32 15 194 50 111 161 212 41 56 1 52 86 94 119 75 215 169 110
197 20 2031 172 36 250 91 58 119 143 110 206 258 57 193 94 51 153 142 118 62 71 290 37 109 247 49 234 265 127 247 118 211 89 224 129 137 204 184 30 78 2 147
198 20 2047 127 184 173 243 202 72 146 206 107 188 30 93 122 251 24 104 195 48 140 280 106 266 201 20 96 170 43 92 205 260 17 229 127 223 205 220 174 95 119 11
199 20 2323 162 22 183 8 245 220 141 279 35 126 177 186 195 211 204 141 9 229 6 128 209 106 155 85 23 136 162 237 247 75 188 112 111 242 129 120 175 171 148 277
200 20 1869 158 19 28 60 170 163 159 84 179 202 29 69 125 128 117 106 77 67 92 64 219 283 232 270 53 148 116 143 41 268 6 222 140 196 54 228 206 134 136 88
201 20 1991 130 91 27 165 236 146 106 102 115 44 84 34 198 18 109 234 27 186 48 121 43 128 202 137 237 240 124 190 179 46 177 275 144 150 86 125 167 17 50 148
202 20 2554 78 153 236 232 247 53 229 107 18 129 51 145 241 238 231 283 156 92 84 266 88 68 120 214 207 136 249 229 234 296 142 256 97 16 239 66 75 160 171 243
203 20 1932 64 190 138 137 37 107 143 211 176 198 70 231 234 208 206 150 148 33 37 129 76 248 4 78 164 64 166 247 225 165 174 167 38 79 110 212 64 203 142 147
204 20 1703 151 168 97 140 31 221 80 218 19 124 233 289 18 185 205 181 85 120 221 171 230 138 63 97 114 257 81 71 56 257 43 252 16 241 81 91 140 105 165 140
205 20 2305 201 288 133 285 7 295 25 1 210 134 12 291 164 155 201 133 100 114 221 239 18 153 127 12 242 108 14 72 192 65 198 162 220 87 227 199 224 246 146 291
206 20 1885 207 179 147 164 61 177 187 22 36 106 66 290 187 56 26 159 88 185 159 147 173 282 139 14 68 266 223 16 173 271 6 35 198 276 141 244 28 52 44 58
207 20 2451 181 204 153 41 249 109 182 270 224 250 148 98 22 225 164 121 209 76 230 24 170 259 33 256 170 168 9 33 205 38 229 219 27 225 200 46 69 280 190 15
208 20 1485 11 205 109 183 125 167 9 194 243 85 110 165 72 134 160 19 7 294 198 64 167 289 6 121 176 56 21 249 126 81 48 184 11 54 57 240 91 135 110 78
209 20 2335 204 36 195 59 175 268 225 138 138 166 21 279 170 10 8 174 229 216 198 42 245 59 175 150 93 39 109 279 244 208 115 184 99 72 108 282 125 32 43 84
210 20 1720 86 103 137 192 147 9 104 5 205 162 1 52 90 243 2 256 106 262 164 73 238 150 174 248 28 203 162 226 65 177 114 36 4 2 70 262 74 2 180 199
211 20 2157 213 288 234 237 6 13 215 207 15 169 59 15 115 6 231 188 236 192 139 74 198 271 210 81 53 215 189 296 109 298 26 206 143 128 225 62 16 3 65 84
212 20 1803 77 178 72 294 87 167 44 255 64 276 25 298 246 200 17 196 222 182 137 58 248 183 183 24 238 60 97 253 210 206 4 73 116 13 105 37 36 1 26 99
213 20 1982 169 261 30 54 64 113 16 267 215 188 83 103 27 130 223 91 173 116 238 146 128 152 161 292 169 93 90 280 87 214 245 21 61 295 25 199 172 277 102 52
214 20 2014 85 278 120 183 143 274 157 100 133 73 225 222 55 271 21 121 149 203 155 84 201 96 84 9 166 86 162 156 59 104 148 119 77 132 69 234 210 74 99 138
215 20 1307 35 290 81 199 90 70 129 48 94 53 8 273 126 65 47 29 8 4 172 244 30 177 101 27 41 288 54 230 53 185 96 143 244 273 97 96 38 234 90 143
216 20 1561 25 189 103 232 156 132 38 264 10 65 95 129 27 111 240 109 186 299 145 56 80 80 18 135 16 33 225 57 210 94 2 255 137 233 145 64 45 224 49 250
217 20 1712 227 124 85 151 188 133 187 207 140 263 143 235 93 96 227 137 52 257 67 76 3 214 5 185 125 266 1 31 29 176 154 1 103 170 68 225 234 275 9 143
218 20 2288 63 87 73 190 1 236 27 139 165 184 131 185 202 231 173 76 203 35 241 53 226 129 96 215 133 145 155 157 159 131 204 36 134 125 139 66 209 180 126 249
219 20 1859 66 225 15 138 123 106 17 131 203 13 169 273 37 84 202 139 128 9 172 156 178 51 148 69 110 99 162 28 51 246 34 157 217 52 130 20 54 219 108 44
220 20 2020 72 246 42 100 102 280 112 162 155 146 198 178 151 288 60 222 181 155 95 218 246 286 91 231 161 92 66 176 129 120 190 132 179 205 1 204 130 19 165 295
221 20 1616 14 41 122 275 89 136 248 78 106 194 33 238 139 98 83 205 40 4 101 298 12 245 145 21 250 74 6 105 58 274 49 232 238 272 80 271 171 154 37 57
222 20 2050 129 219 1 188 188 275 161 97 247 165 177 79 207 272 129 16 169 54 72 59 114 202 159 152 129 64 119 130 8 230 19 184 239 229 94 193 1 119 201 296
223 20 1821 81 232 173 212 74 143 112 275 101 287 34 217 189 245 51 224 121 222 105 172 203 249 29 152 5 228 3 230 249 260 126 95 244 84 63 283 210 203 104 182
224 20 2530 231 265 242 135 179 30 202 72 84 223 217 217 167 250 115 205 208 173 89 61 212 229 219 151 74 46 129 174 189 110 98 173 51 22 137 17 153 295 167 9
225 20 1556 17 205 161 127 142 293 167 238 1 104 41 250 106 125 12 253 187 188 107 186 16 160 36 34 45 37 150 154 155 94 67 257 175 197 51 26 150 242 159 253
226 20 1983 150 273 86 82 213 3 48 108 87 50 75 10 249 216 121 148 21 45 11 239 1 128 144 123 195 14 7 157 165 74 208 66 132 172 246 299 131 65 189 68
227 20 1991 102 188 241 45 131 261 57 42 131 198 155 63 201 177 150 235 201 27 246 206 50 182 55 246 100 194 86 108 126 55 125 114 39 58 151 178 119 169 23 46
228 20 1437 56 148 52 34 20 97 8 265 44 263 216 270 43 160 16 249 197 263 88 115 123 40 2 96 187 165 20 299 210 63 30 69 149 84 107 271 125 78 104 164
229 20 2356 83 78 10 114 51 110 224 292 225 140 219 157 210 23 98 110 116 182 161 51 104 82 240 190 87 171 83 239 247 135 155 147 246 56 40 109 128 236 219 223
230 20 2036 183 95 186 4 207 284 98 111 72 163 26 130 34 148 48 238 115 241 199 161 61 141 240 166 250 42 230 226 139 264 23 96 60 256 123 96 125 209 127 161
231 20 1955 131 188 17 229 11 188 167 8 179 192 165 59 81 140 216 115 44 273 159 119 103 98 73 110 228 187 141 169 216 162 38 193 60 212 68 270 113 156 234 63
232 20 1881 61 78 90 239 67 260 63 167 191 298 96 241 243 260 229 239 228 7 26 4 50 227 174 277 98 212 188 44 11 68 171 1 154 81 86 207 21 299 105 225
233 20 1892 10 158 1 124 28 18 49 76 118 155 108 124 94 32 78 298 205 30 222 28 184 229 58 183 58 11 99 278 239 181 212 60 123 199 188 289 99 237 192 7
234 20 1961 157 110 141 247 187 114 50 246 150 152 32 3 192 257 49 113 57 251 242 245 33 174 125 183 178 165 133 72 168 214 161 126 34 60 155 163 169 126 39 107
235 20 2016 215 61 109 68 141 151 97 156 239 92 122 245 159 14 64 85 181 193 24 265 62 160 96 200 217 212 156 293 176 127 75 131 71 169 8 206 65 70 243 277
236 20 2225 130 189 209 158 22 217 240 179 142 235 22 154 223 240 15 23 18 208 191 8 229 72 210 121 176 16 140 25 2 159 205 83 40 255 235 185 110 76 223 186
237 20 2024 181 4 233 194 193 58 131 36 152 129 222 178 199 190 167 13 19 19 39 102 204 105 80 4 125 185 58 297 115 262 16 294 116 62 69 192 74 272 138 8
238 20 2200 177 235 14 249 168 178 235 213 129 49 198 68 95 63 234 12 184 196 161 133 80 131 57 146 66 241 122 14 139 157 32 8 92 234 193 35 169 298 205 58
239 20 2049 127 178 166 115 199 226 99 92 62 110 209 137 117 176 7 91 5 156 34 171 207 2 204 252 4 282 235 111 123 228 211 118 85 145 236 268 148 20 84 39
240 20 1963 162 153 3 241 97 257 210 89 197 66 73 109 77 151 200 29 150 296 117 128 83 233 3 45 223 64 157 124 73 21 26 193 27 225 158 245 249 295 169 135
241 20 2568 152 51 116 72 144 270 180 65 24 102 49 39 227 299 154 113 185 216 162 67 219 11 146 124 124 99 228 78 142 88 212 65 240 60 170 216 143 53 193 230
242 20 1804 216 14 79 118 43 97 17 74 135 206 4 73 187 89 36 159 235 84 58 57 40 168 131 199 100 203 163 234 168 175 98 143 111 235 187 226 180 19 67 234
243 20 1759 216 5 72 89 239 117 11 22 110 232 144 94 7 148 118 210 75 47 183 87 249 197 95 1 48 260 144 227 153 13 5 66 137 133 1 201 160 184 32 221
244 20 1633 151 274 20 299 81 225 103 160 9 57 44 273 202 113 127 235 19 141 243 101 144 183 2 51 18 209 33 15 71 70 218 103 72 86 133 196 104 160 248 58
245 20 1964 182 100 185 288 33 295 1 143 88 96 221 177 173 72 134 237 170 281 54 124 213 8 141 207 127 156 47 293 4 149 206 83 82 109 199 208 178 145 17 153
246 20 2028 107 237 160 197 126 170 195 243 143 285 64 243 10 92 246 66 119 293 206 22 177 97 58 231 212 23 111 59 1 131 105 88 10 92 204 91 193 287 89 255
247 20 2339 2 119 240 294 158 86 160 1 126 107 220 157 191 183 81 219 221 85 249 149 207 299 12 8 143 166 213 272 50 6 127 117 161 244 140 249 96 167 127 113
248 20 2400 155 134 106 138 192 223 176 193 194 190 234 204 238 31 193 3 105 106 137 84 78 91 100 37 55 176 192 197 177 161 138 293 60 187 186 103 108 283 177 175
249 20 1506 38 284 141 154 35 255 89 221 80 290 14 169 75 151 177 278 70 108 4 130 207 24 200 294 82 101 45 30 70 13 103 100 3 137 95 256 118 261 237 196
250 20 1780 90 55 52 283 52 217 50 137 181 171 148 200 236 198 11 286 41 174 29 162 30 290 219 142 87 143 55 143 101 113 181 264 185 78 206 140 194 6 78 103
251 20 1761 211 269 17 169 77 290 246 102 61 82 146 69 68 242 61 177 245 28 61 261 32 25 119 194 206 211 26 242 55 274 113 131 13 289 185 197 220 87 40 73
252 20 2221 99 261 14 200 178 58 244 81 242 196 187 71 88 133 233 27 77 116 178 292 28 247 175 4 11 98 209 123 50 84 161 250 227 37 94 200 48 245 234 278
253 20 1949 116 256 39 172 54 83 109 218 149 156 102 183 174 128 18 277 193 12 169 203 85 102 227 43 167 197 55 97 145 48 78 153 18 268 128 244 194 139 217 252
254 20 2200 179 9 119 131 176 28 173 158 193 261 24 259 194 202 18 42 222 271 128 166 139 277 50 198 147 120 85 104 162 32 149 253 141 243 205 230 242 21 5 246
255 20 1948 193 143 56 271 81 38 151 44 1 55 206 251 41 232 189 266 19 131 183 104 86 229 241 296 175 163 33 137 182 130 83 91 167 223 218 232 127 236 3 96
256 20 2522 137 270 147 245 244 97 78 188 194 134 204 67 161 115 104 51 127 125 143 154 139 125 225 16 10 211 241 194 211 105 249 93 132 19 84 254 170 129 153 74
257 20 2140 43 229 181 27 246 130 185 264 159 110 232 86 95 89 104 106 115 291 101 31 203 20 142 62 163 83 8 146 247 64 1 182 32 296 86 132 230 74 102 121
258 20 1594 94 102 57 78 217 107 114 239 39 30 32 199 165 134 127 53 22 44 64 225 167 137 120 184 116 175 2 25 164 203 86 163 94 34 10 29 130 139 173 104
259 20 1567 89 146 11 286 45 67 23 288 66 166 224 137 7 57 2 136 207 122 207 40 217 154 65 203 68 108 55 25 10 212 225 225 115 230 180 72 135 131 8 224
260 20 2272 242 141 155 85 38 206 84 69 54 162 51 164 247 275 196 82 168 234 190 157 239 208 186 203 27 118 169 80 196 185 81 178 123 236 33 154 221 127 141 229
261 20 1882 73 188 235 208 123 228 130 49 13 60 147 294 155 98 126 186 209 196 48 158 27 31 185 243 91 118 165 110 162 132 119 267 82 188 61 149 6 39 196 73
262 20 2071 170 14 230 33 9 53 191 253 85 9 32 154 193 271 16 8 47 234 133 59 214 221 140 76 204 195 48 7 73 185 20 88 243 274 242 28 56 260 243 78
263 20 2081 167 275 189 58 184 159 99 119 72 40 150 290 196 74 172 141 23 294 245 78 184 118 39 148 217 104 27 148 166 39 165 87 74 270 174 177 47 289 12 246
264 20 1752 130 142 87 33 164 38 56 233 144 172 78 124 20 75 19 184 177 53 235 154 92 34 208 58 31 113 33 298 80 120 87 150 232 59 66 149 221 16 31 51
265 20 2198 125 210 102 230 227 253 187 63 215 250 57 26 245 198 102 249 22 18 138 168 185 260 196 208 168 275 207 72 145 30 90 261 147 158 55 172 121 201 14 248
266 20 2070 10 200 56 253 67 36 28 214 110 203 137 280 225 232 243 190 113 11 144 24 87 268 197 79 18 72 204 215 149 200 175 246 152 203 38 61 204 280 231 279
267 20 1600 78 62 150 111 191 165 118 295 55 72 135 236 107 262 104 294 13 64 182 105 166 49 73 162 33 260 78 100 222 164 42 54 34 281 104 200 109 170 6 25
268 20 2645 67 66 154 108 125 107 217 299 193 192 141 228 250 194 141 78 157 84 173 240 201 273 160 139 154 97 143 145 12 241 191 109 168 199 237 268 192 245 231 201
269 20 1836 4 50 176 42 13 31 14 175 142 107 208 103 124 164 20 186 113 124 105 232 185 268 170 252 177 26 82 103 158 218 135 7 56 222 144 72 57 119 213 105
270 20 2350 181 108 18 160 74 252 223 190 51 93 217 220 179 213 227 65 89 94 217 230 136 263 100 184 26 57 140 76 202 65 186 94 243 281 83 171 136 12 210 268
271 20 2124 47 207 118 238 173 177 20 207 233 224 205 183 122 197 150 64 14 167 139 189 131 81 241 219 198 200 219 53 80 296 53 172 91 193 91 216 197 292 133 73
272 20 2240 171 108 88 32 18 197 114 75 69 241 87 296 49 266 214 246 167 221 220 234 238 256 149 241 76 118 42 203 207 74 199 1 128 72 103 39 222 250 239 81
273 20 2348 233 139 146 2 48 143 242 284 200 82 135 258 74 16 192 21 24 295 77 232 161 34 108 158 212 264 221 20 154 260 183 68 120 134 203 75 10 217 192 168
274 20 2200 198 81 199 216 129 196 173 175 104 32 127 197 88 164 168 262 161 154 171 247 214 8 7 81 144 109 144 296 158 260 101 207 42 103 206 113 63 115 154 4
275 20 1901 176 161 248 155 39 158 32 178 38 275 123 264 131 152 137 298 15 199 190 163 80 118 236 192 232 64 117 201 110 250 175 150 36 65 83 31 122 299 57 212
276 20 1918 7 294 77 46 19 39 141 226 16 217 175 37 120 79 163 134 50 281 230 119 53 213 26 78 159 164 112 230 65 202 199 191 168 187 192 174 184 172 242 273
277 20 2156 124 21 119 223 122 124 227 277 212 208 178 18 224 251 104 195 241 276 151 41 121 288 26 254 95 200 36 94 106 81 127 77 162 255 201 51 111 229 8 49
278 20 1560 187 69 108 101 25 252 209 102 114 267 38 72 169 139 27 261 177 254 220 38 29 124 13 64 18 126 230 54 162 178 37 162 37 163 41 251 94 211 16 15
279 20 1845 50 135 110 190 82 249 52 97 35 138 116 252 38 227 102 169 222 76 144 114 62 242 26 237 116 80 47 49 249 207 242 238 160 145 225 232 114 287 115 201
280 20 1682 78 136 85 286 191 56 175 29 75 239 50 55 9 38 22 149 124 289 245 30 29 272 73 22 228 254 168 246 33 288 62 137 82 247 234 69 136 245 4 32
281 20 1943 38 60 38 171 163 44 81 64 134 265 185 239 240 133 133 78 221 292 131 75 29 94 100 91 50 248 241 99 42 81 166 276 211 237 87 9 6 39 133 229
282 20 2028 155 228 204 31 59 147 131 134 91 70 98 268 228 159 25 104 157 292 32 206 183 50 207 2 202 54 241 231 128 129 57 48 87 2 106 236 136 109 9 145
283 20 2173 19 107 25 102 199 110 141 172 73 3 60 181 242 175 248 165 233 169 246 229 59 145 232 246 184 271 40 104 53 43 245 114 65 114 182 169 167 37 4 147
284 20 1909 250 117 29 114 140 285 165 155 216 158 4 6 78 29 6 26 189 201 235 247 12 249 190 191 41 141 64 298 135 219 29 54 42 227 78 254 245 33 239 215
285 20 1660 198 181 66 201 190 239 50 45 160 273 103 238 40 3 173 196 132 197 101 272 39 112 150 255 10 214 36 229 147 63 166 277 92 6 158 20 53 268 12 180
286 20 1141 17 25 14 219 130 98 30 99 74 219 7 8 46 91 22 7 8 215 23 271 18 269 171 224 8 278 64 31 107 288 98 151 146 190 233 249 130 244 81 174
287 20 1814 189 278 83 124 239 293 107 148 172 75 118 135 26 300 104 157 3 269 51 262 216 184 243 86 75 178 137 235 95 254 65 111 41 229 10 145 107 209 187 283
288 20 1932 32 53 144 89 60 130 131 11 130 203 169 261 161 110 207 153 202 187 250 284 210 222 24 247 239 146 32 123 34 138 168 18 114 114 65 171 7 47 36 56
289 20 1716 7 217 130 194 146 46 126 93 43 174 150 1 204 212 155 172 46 86 198 68 4 14 68 68 28 300 240 30 106 79 63 278 206 219 73 9 37 199 116 128
290 20 2291 51 195 194 141 20 274 192 178 105 292 73 141 204 247 120 257 81 194 147 261 99 171 214 244 225 35 72 175 217 48 162 29 185 145 87 152 241 94 175 284
291 20 1924 78 36 95 140 159 133 127 226 199 184 68 85 91 265 102 6 15 281 92 7 46 97 55 16 173 85 200 146 24 115 228 259 179 225 126 63 106 23 242 117
292 20 1600 179 66 165 51 50 222 101 165 52 92 39 143 50 207 59 69 210 208 229 250 43 178 195 260 16 135 10 75 136 1 134 61 8 144 103 190 67 68 154 145
293 20 2166 195 108 33 298 171 150 144 281 119 107 21 138 206 266 104 81 112 58 204 50 88 222 242 145 226 167 48 166 152 238 186 197 169 94 101 97 158 149 29 290
294 20 1808 155 43 34 48 32 105 235 27 50 290 69 2 11 243 12 294 78 111 1 42 223 90 180 130 164 164 190 296 115 244 127 248 118 293 206 236 111 127 149 8
295 20 2096 62 172 122 263 103 228 44 52 68 200 212 46 102 233 72 220 220 254 119 152 194 151 247 100 63 78 88 237 169 218 226 165 119 56 112 115 115 40 163 283
296 20 2469 213 255 66 23 184 227 153 28 130 261 222 128 20 218 230 175 234 288 180 72 16 99 27 236 207 77 229 135 211 102 46 237 148 252 192 109 148 130 231 271
297 20 1871 192 117 62 56 117 279 6 33 150 39 50 253 141 123 93 280 241 175 54 135 67 71 242 61 133 162 137 239 201 15 170 286 17 193 84 129 127 244 55 191
298 20 1560 199 84 2 215 64 298 20 207 184 287 43 230 93 170 94 249 198 283 191 291 120 131 40 182 9 296 7 24 168 12 36 6 134 221 92 11 96 113 160 239
299 20 2145 120 227 202 102 171 222 141 52 103 259 106 147 24 53 78 21 92 177 215 28 151 193 218 8 222 263 108 11 97 206 154 30 190 300 180 295 68 277 42 1
300 20 1659 76 237 39 82 96 38 49 35 37 40 61 190 78 118 127 101 88 149 192 273 22 91 211 277 39 230 149 177 19 46 124 265 133 178 203 268 236 213 95 94
