1 20 720 15 1 18 136 81 12 60 251 11 78 22 89 59 36 61 73 7 171 86 137 27 271 96 185 98 170 3 27 3 233 55 155 66 141 74 60 49 183 9 121
2 20 663 9 240 71 152 30 207 4 197 94 156 34 39 3 256 68 51 58 165 35 57 61 294 64 237 17 281 6 250 83 21 36 88 66 223 17 264 53 71 20 203
3 20 869 30 257 55 283 63 287 96 64 59 259 54 250 20 65 96 129 60 21 35 22 27 195 64 213 71 75 9 289 48 182 75 137 79 226 70 92 71 244 5 135
4 20 728 16 42 55 208 78 140 87 217 54 100 20 186 35 272 32 53 77 33 33 42 48 172 31 205 82 222 11 285 67 15 33 295 38 239 22 30 65 118 27 280
5 20 759 32 279 93 155 44 202 64 283 97 63 21 173 81 231 78 220 7 252 23 186 49 31 78 232 14 266 78 272 10 260 64 123 56 56 26 124 17 189 17 227
6 20 764 39 266 80 239 61 20 10 143 19 272 56 235 64 208 48 262 40 231 14 220 77 176 7 115 95 80 13 192 46 80 80 85 44 203 5 267 65 159 92 70
7 20 864 65 264 33 17 66 52 58 173 81 198 25 103 12 180 51 259 98 226 65 256 59 93 70 248 48 113 43 103 29 255 17 174 94 59 99 212 27 156 40 151
8 20 860 98 138 100 56 92 263 56 127 19 70 23 90 47 67 44 284 22 233 41 74 95 23 91 96 67 275 86 50 8 91 39 211 10 55 71 154 29 248 38 190
9 20 752 85 138 93 107 1 21 81 31 56 100 37 160 23 135 64 48 30 159 21 295 29 135 79 26 13 236 17 147 81 247 8 144 6 243 83 121 47 136 86 254
10 20 798 99 214 41 244 62 134 26 71 37 89 41 73 93 267 95 201 50 94 18 19 23 116 15 36 51 242 87 98 50 127 79 132 71 241 39 216 9 83 12 133
11 20 773 30 172 11 79 61 121 24 264 38 282 39 289 63 139 50 13 66 3 93 73 27 99 35 203 91 89 26 298 34 95 10 2 95 171 65 96 94 51 15 85
12 20 877 92 256 6 87 82 28 6 11 26 293 32 118 60 5 28 58 75 241 90 300 33 2 79 129 90 114 26 63 64 30 97 107 66 2 34 129 78 95 33 295
13 20 885 1 62 93 161 49 22 15 160 71 235 84 167 35 20 97 181 12 232 56 46 64 269 88 142 39 84 84 142 51 67 33 230 73 58 15 194 87 292 60 265
14 20 895 60 135 16 266 66 272 48 91 96 113 100 179 64 145 66 25 68 230 59 50 96 57 23 75 53 52 50 289 48 46 42 50 44 36 51 179 30 63 39 274
15 20 889 43 231 12 245 37 234 93 210 64 269 80 51 90 16 86 237 42 123 10 113 70 132 90 217 40 45 74 248 54 264 17 288 12 272 80 1 76 240 42 260
16 20 726 8 275 32 72 72 17 42 282 94 252 60 12 20 101 82 95 69 260 2 258 1 113 24 90 30 49 78 60 91 237 17 60 66 135 79 278 17 119 24 124
17 20 820 42 90 6 237 41 125 96 58 57 5 80 294 28 227 15 41 43 82 63 261 80 273 52 140 76 90 74 108 55 291 35 184 4 138 87 95 87 173 4 40
18 20 856 94 121 86 262 69 139 90 185 21 55 46 6 72 158 63 149 68 136 10 186 53 124 28 278 53 36 77 73 4 218 11 158 19 234 57 13 98 170 52 273
19 20 768 15 187 15 152 37 154 94 95 8 178 18 39 75 107 29 65 53 41 4 261 47 255 67 278 82 137 74 250 92 43 79 209 51 79 23 96 46 92 52 265
20 20 610 4 159 92 109 23 20 76 171 95 244 72 71 27 131 13 200 38 272 23 168 6 115 1 142 5 263 38 110 51 140 61 129 19 232 51 81 2 48 66 264
21 20 784 7 75 12 252 98 79 42 261 82 285 58 270 62 37 13 140 25 162 49 100 6 202 31 50 28 171 100 207 24 48 88 223 99 197 95 180 8 196 53 208
22 20 924 43 149 74 22 85 78 72 275 82 265 38 88 97 69 97 159 90 179 47 25 35 196 69 24 68 17 64 1 33 130 56 8 26 156 76 108 2 233 2 246
23 20 748 57 213 64 291 1 196 97 75 12 81 61 28 76 298 9 111 58 298 38 282 65 149 1 155 10 270 29 221 46 278 8 10 62 146 95 85 74 261 72 147
24 20 816 3 123 73 177 30 123 58 268 77 41 53 95 72 294 14 233 12 189 63 116 64 280 68 223 14 141 88 273 53 37 50 98 78 39 82 293 54 148 14 122
25 20 838 4 30 75 94 80 36 86 71 40 160 32 278 83 226 69 166 43 280 30 51 97 120 37 61 100 5 39 252 45 99 48 169 55 291 54 166 29 42 2 162
26 20 761 80 73 100 41 31 135 87 292 12 251 9 140 65 101 9 246 52 273 39 280 16 300 83 235 79 265 98 136 37 111 9 260 77 37 45 117 2 240 22 11
27 20 727 77 262 17 77 16 280 46 7 54 150 68 227 2 118 29 191 39 216 46 105 40 64 86 4 77 295 42 137 90 298 58 142 18 236 72 278 15 273 17 197
28 20 710 7 255 34 267 68 66 42 88 16 149 20 152 79 216 33 90 66 192 9 270 9 105 35 122 44 129 9 212 86 39 68 286 6 16 92 140 74 60 91 145
29 20 876 95 159 88 24 93 197 31 275 90 34 84 115 41 252 85 200 46 42 51 251 92 290 13 107 18 156 1 202 58 31 23 221 31 259 9 287 54 42 92 211
30 20 810 35 47 23 145 43 23 15 129 46 277 13 151 34 232 55 108 53 182 58 90 54 209 32 212 63 285 99 117 94 33 86 138 73 82 51 146 49 153 37 237
31 20 838 98 35 68 193 19 221 81 150 56 176 39 108 47 192 48 291 30 127 60 226 19 7 70 101 95 185 12 298 39 252 15 82 86 68 12 35 73 33 81 194
32 20 760 38 298 44 203 52 169 76 182 4 1 16 178 4 167 79 248 66 209 35 97 58 179 100 230 1 115 93 226 59 234 23 16 41 4 64 47 71 276 26 235
33 20 705 90 162 22 74 64 276 59 147 3 194 65 56 92 37 18 227 44 14 31 165 98 201 10 154 10 294 40 51 9 252 28 236 25 79 20 228 73 212 81 225
34 20 716 19 54 26 112 49 291 40 298 100 140 32 264 60 168 23 33 16 57 4 205 90 155 6 106 73 272 35 163 69 142 72 255 48 143 52 25 20 228 61 285
35 20 580 32 16 78 264 32 119 8 153 54 239 1 138 37 180 37 200 35 250 43 38 26 297 57 218 47 54 80 213 9 63 25 294 68 16 19 160 25 192 13 118
36 20 881 83 110 58 12 55 1 45 193 26 176 31 74 80 20 76 214 56 98 68 238 98 291 17 276 92 44 36 140 21 63 28 221 98 7 38 201 58 285 38 111
37 20 672 19 134 8 60 47 191 95 247 22 212 30 40 53 189 65 223 37 72 11 77 55 222 2 182 66 17 49 74 39 69 88 198 71 148 17 225 19 272 47 284
38 20 1024 85 170 54 264 61 6 31 51 91 299 80 49 42 31 1 107 98 53 98 288 62 47 97 211 49 244 38 21 94 5 63 225 55 70 54 244 43 16 85 193
39 20 676 42 241 33 188 97 105 5 45 28 288 73 190 27 193 92 128 55 286 37 12 6 124 78 157 40 91 30 77 12 212 18 111 87 10 5 148 21 47 60 255
40 20 795 88 264 47 208 37 68 94 118 42 276 52 163 50 237 84 12 19 199 40 146 74 26 20 124 34 265 35 83 94 276 1 166 49 99 6 192 73 7 55 243
41 20 819 41 166 46 64 14 58 5 78 33 203 18 171 52 185 92 295 89 112 16 190 69 66 81 131 99 42 80 114 44 192 14 150 72 101 63 190 74 42 22 216
42 20 878 99 137 81 17 81 217 67 77 65 69 26 125 1 168 40 93 2 80 62 264 96 244 21 191 69 91 11 266 98 113 39 168 69 65 21 69 57 182 93 164
43 20 924 43 47 95 224 100 139 97 233 2 111 87 122 5 148 76 114 59 248 2 115 73 14 48 10 12 122 50 175 92 224 48 135 75 64 35 153 94 103 63 54
44 20 1057 38 244 91 169 95 95 85 65 70 232 71 10 90 119 76 185 86 25 54 147 60 199 14 61 40 54 84 123 39 141 98 19 77 46 7 215 54 76 93 136
45 20 771 34 277 94 65 3 240 26 43 100 212 77 263 83 48 37 60 5 259 17 129 34 140 61 183 1 256 81 279 60 195 5 15 43 266 77 57 85 128 41 111
46 20 724 28 2 66 14 35 21 59 247 61 196 32 155 34 87 33 190 82 3 45 119 48 239 54 74 59 181 38 85 26 84 40 270 13 7 38 238 51 183 64 130
47 20 961 91 47 37 30 79 214 27 234 83 12 33 133 62 102 33 30 98 126 83 199 37 20 56 185 71 218 91 37 75 248 39 81 87 139 7 290 85 2 28 170
48 20 700 51 154 10 279 75 96 5 28 100 131 21 192 12 269 58 81 6 185 16 174 70 292 20 252 56 65 85 58 73 3 35 200 63 48 15 297 66 228 38 39
49 20 679 30 211 19 33 22 254 67 230 10 288 35 163 2 142 87 152 90 180 53 56 37 234 9 25 46 97 63 42 45 54 1 155 18 215 92 190 31 168 92 159
50 20 632 19 143 72 22 72 139 22 161 44 16 69 135 81 161 66 165 1 164 17 152 41 199 41 214 6 4 15 86 87 129 75 264 25 18 13 255 8 104 17 209
51 20 904 39 267 81 295 54 23 96 195 66 203 20 10 87 243 30 64 100 66 65 176 36 229 82 91 10 77 40 221 94 223 97 222 94 36 26 182 4 252 10 213
52 20 800 69 213 61 188 8 202 42 241 35 122 70 286 57 143 84 243 49 70 34 254 25 125 49 256 65 88 8 242 80 68 93 60 11 60 64 108 56 220 40 103
53 20 776 18 139 67 201 83 253 28 133 67 201 43 176 58 78 1 280 99 267 33 253 82 170 77 10 57 259 37 37 55 249 1 137 36 174 39 170 76 175 13 163
54 20 802 88 168 94 214 84 245 1 61 15 164 32 233 59 121 32 128 39 244 2 300 68 210 15 62 57 49 71 94 78 264 73 83 75 202 69 140 15 152 36 244
55 20 805 21 224 40 212 80 36 1 258 55 156 76 148 95 144 29 45 14 180 72 209 35 17 89 38 4 203 41 27 73 164 95 159 14 53 56 155 62 118 55 286
56 20 824 87 75 57 6 37 102 38 127 34 187 86 180 70 207 13 15 80 94 15 216 19 101 89 19 98 76 89 28 16 186 15 32 30 74 52 296 85 116 21 1
57 20 667 10 34 7 95 18 196 41 258 33 92 63 119 75 53 18 133 88 47 52 86 34 1 67 201 48 152 45 286 15 102 51 83 49 116 50 108 16 109 54 258
58 20 766 22 299 39 249 53 223 50 108 92 6 45 244 4 254 77 195 38 213 70 176 72 172 22 90 38 1 16 238 37 171 86 213 86 114 19 276 37 84 55 293
59 20 759 18 194 45 272 94 282 50 41 9 67 46 129 35 37 13 96 100 187 72 126 62 88 63 201 50 267 26 226 58 255 17 97 48 203 90 148 11 37 42 271
60 20 760 100 298 30 157 3 75 36 70 35 74 47 72 52 232 85 91 66 144 37 271 86 182 22 230 80 130 7 247 31 269 21 47 49 43 44 290 44 65 75 210
61 20 826 47 141 25 55 31 176 89 22 60 2 44 191 31 195 55 267 41 101 72 75 91 192 24 97 93 295 43 87 54 12 31 194 76 83 1 27 26 248 99 222
62 20 651 16 129 6 54 98 227 69 231 38 214 48 128 83 258 27 119 74 193 66 113 27 172 86 49 35 284 40 70 9 234 4 280 36 267 3 37 13 37 36 104
63 20 868 29 297 81 70 45 299 91 72 54 218 71 193 2 23 67 33 5 288 17 55 53 70 88 177 67 256 29 299 98 69 87 229 65 78 82 127 18 67 37 74
64 20 760 14 134 2 171 56 143 27 126 49 195 61 35 57 155 94 83 3 268 64 174 78 6 27 146 75 118 43 208 33 272 66 232 65 115 56 55 62 221 19 44
65 20 672 68 152 93 271 32 205 36 139 39 287 13 138 60 60 55 108 88 234 23 142 45 268 54 278 60 208 2 164 22 48 48 173 55 101 19 87 13 23 16 178
66 20 796 11 108 76 37 84 94 24 151 10 100 44 65 16 92 46 243 85 206 84 68 85 146 83 37 10 123 44 16 79 199 63 83 43 186 4 203 14 275 91 45
67 20 916 73 26 82 283 80 193 82 279 7 130 15 83 89 9 38 29 13 178 24 203 19 281 81 115 98 276 74 50 37 189 80 191 46 275 63 3 75 232 69 20
68 20 769 65 230 45 248 68 179 18 80 86 30 14 227 50 283 99 113 15 121 50 106 10 251 62 25 47 299 81 270 48 106 33 118 73 217 16 213 6 284 76 250
69 20 687 51 70 11 241 8 40 98 131 30 128 60 101 87 79 21 288 49 54 28 143 36 273 49 18 63 123 97 50 32 30 81 245 15 186 11 240 30 240 2 227
70 20 852 100 19 87 40 30 263 10 133 27 64 64 300 91 285 7 18 11 248 88 27 85 153 96 277 98 25 7 270 32 229 38 225 12 14 67 168 96 245 19 80
71 20 684 26 268 63 200 20 168 29 162 53 191 1 216 15 147 35 267 6 229 36 99 42 118 82 72 69 41 65 14 39 281 34 32 24 76 70 201 87 102 59 113
72 20 910 35 173 43 294 81 15 75 151 97 289 84 211 41 161 20 154 32 41 6 84 24 85 75 3 98 181 80 286 77 128 30 84 72 201 86 250 66 266 16 114
73 20 913 95 201 59 44 29 49 51 272 29 192 8 41 46 12 77 283 88 195 78 290 86 151 46 146 55 179 37 6 54 232 98 32 98 283 60 202 8 198 40 73
74 20 756 22 245 97 141 19 73 40 10 28 45 7 12 29 63 12 164 72 48 60 290 87 193 51 73 1 122 49 40 98 227 70 257 24 71 79 243 79 63 21 102
75 20 668 2 162 22 89 46 263 52 280 10 267 37 186 94 126 14 283 71 271 4 179 19 213 63 274 18 115 41 44 78 237 16 41 83 89 62 240 54 161 49 39
76 20 861 14 171 49 272 33 213 40 55 7 105 57 272 62 37 70 56 62 86 16 284 65 210 100 203 63 243 61 174 76 144 89 29 37 208 73 279 46 243 57 178
77 20 1064 42 24 63 134 36 171 89 191 78 123 79 184 81 170 70 38 91 63 52 245 91 123 80 40 91 164 71 74 52 170 44 5 51 104 72 286 53 7 45 268
78 20 533 12 221 34 235 97 145 28 165 36 213 53 90 30 50 5 280 39 282 51 243 77 291 1 167 67 50 11 209 15 228 44 236 23 13 15 115 21 133 8 194
79 20 736 89 218 2 120 41 245 56 164 32 265 41 30 26 140 57 144 62 234 14 138 39 70 31 138 61 196 40 70 70 129 12 59 62 128 56 82 46 168 83 46
80 20 769 36 287 1 187 96 136 8 25 88 78 59 20 91 121 68 171 81 139 13 237 29 91 41 29 14 286 3 25 65 58 52 208 91 260 77 217 33 95 16 34
81 20 820 4 138 70 262 73 65 35 147 41 194 24 84 67 206 48 191 69 214 75 52 33 128 66 76 49 115 36 287 25 84 96 86 48 96 79 192 7 119 81 143
82 20 876 70 75 1 180 76 37 79 152 31 185 24 285 73 160 37 36 67 183 19 294 98 260 5 252 58 272 100 209 29 232 80 240 92 94 15 141 67 39 74 191
83 20 649 15 239 76 219 12 53 80 26 100 25 12 79 5 92 36 249 28 18 66 201 61 287 78 3 50 54 24 296 79 124 23 138 37 34 24 105 1 38 5 225
84 20 852 26 11 7 236 61 282 58 85 100 15 40 260 31 174 44 200 49 128 60 72 77 289 71 93 5 37 29 239 81 279 70 183 68 247 75 47 81 234 32 66
85 20 830 52 165 17 62 51 14 65 207 26 165 27 75 4 172 21 49 78 95 76 120 96 299 44 293 70 27 92 230 33 116 86 275 86 219 20 15 66 287 28 96
86 20 924 20 3 77 103 8 61 57 219 83 135 57 93 52 106 76 228 20 187 37 184 34 53 78 122 91 271 70 292 29 246 76 218 45 214 99 28 93 71 53 241
87 20 936 21 252 68 99 92 235 64 274 11 44 68 33 47 243 29 290 80 18 72 262 53 245 59 264 97 209 96 191 11 137 68 65 86 23 16 268 33 26 99 276
88 20 896 94 130 71 180 9 198 64 193 54 152 11 153 87 216 50 262 44 32 58 260 51 260 95 177 30 113 53 245 54 53 77 167 58 220 81 137 74 47 6 230
89 20 687 25 153 1 205 77 51 68 15 4 250 91 286 26 14 17 2 83 25 47 126 63 222 16 252 3 224 90 177 20 78 65 84 46 127 8 161 37 32 72 256
90 20 727 26 125 41 113 21 143 55 194 76 188 36 61 17 95 81 186 14 131 7 146 92 79 12 249 24 152 6 16 96 72 24 48 67 97 95 28 48 55 71 65
91 20 894 22 41 61 254 30 114 91 249 95 181 30 45 86 46 81 139 30 270 60 199 11 245 83 214 91 214 33 18 23 190 94 209 37 240 16 237 90 263 54 26
92 20 876 49 236 85 44 57 225 66 130 45 265 21 289 41 56 16 240 87 138 85 220 60 142 68 225 97 24 45 128 20 171 14 67 95 123 55 118 61 279 29 210
93 20 941 71 293 89 83 88 130 88 279 1 2 94 120 33 185 95 289 85 71 64 187 19 200 78 243 75 292 15 119 38 299 38 216 20 153 91 78 28 117 67 20
94 20 892 67 294 57 35 92 294 72 7 74 225 19 241 85 71 22 286 80 3 54 270 16 184 28 243 52 210 24 112 45 137 81 196 89 6 95 270 57 240 7 184
95 20 839 32 56 5 47 87 281 61 99 52 207 31 16 27 41 29 275 9 97 59 180 75 140 95 82 80 154 45 191 23 54 63 212 84 147 48 180 67 15 77 22
96 20 818 84 179 23 51 67 127 32 48 97 127 44 300 54 124 4 79 24 30 29 235 78 66 76 137 58 300 31 104 79 280 82 111 50 177 28 269 2 264 81 245
97 20 786 93 182 74 52 9 158 38 272 56 206 89 161 48 276 11 230 70 235 5 180 80 55 28 232 27 84 52 224 26 271 9 183 89 122 72 108 71 24 36 38
98 20 640 55 297 30 23 35 206 74 16 69 254 6 259 11 184 11 161 26 90 88 239 47 142 65 246 45 201 11 191 8 190 98 68 26 38 8 143 25 272 63 247
99 20 861 70 108 85 286 47 248 71 242 41 296 6 164 72 264 90 199 66 220 17 127 23 244 51 190 62 165 5 38 95 1 19 40 87 220 81 88 3 274 86 88
100 20 795 38 47 40 186 2 150 44 183 38 225 44 218 19 189 95 246 27 172 98 209 26 300 38 160 46 15 93 37 51 55 10 149 35 17 81 235 83 36 86 135
101 20 741 65 230 62 294 40 218 28 142 68 185 84 118 94 70 23 45 38 98 40 146 5 167 54 241 38 228 4 276 8 24 12 269 32 251 53 20 88 30 91 228
102 20 720 83 206 88 290 34 92 18 170 32 31 93 281 3 15 89 109 74 192 66 81 49 288 16 23 51 89 17 250 15 111 23 255 18 74 66 89 37 269 29 59
103 20 724 50 57 59 238 85 171 65 244 19 25 17 60 40 274 29 110 56 97 92 35 62 167 9 184 10 149 79 103 69 253 36 134 14 257 10 21 28 212 77 38
104 20 704 87 78 46 27 52 103 29 128 30 123 33 252 38 148 12 100 66 209 5 107 78 120 13 21 78 270 93 271 14 20 17 185 86 42 56 152 36 187 12 170
105 20 836 86 195 37 228 80 154 37 267 9 294 96 65 6 223 7 33 10 166 95 34 29 108 41 282 65 77 83 71 8 240 95 226 58 165 72 66 54 166 78 15
106 20 776 97 188 37 108 63 117 95 191 38 171 18 80 44 142 77 196 89 102 12 40 56 190 76 246 58 280 1 26 64 135 54 27 9 89 10 62 15 130 57 251
107 20 656 100 227 53 207 18 253 9 63 7 57 35 65 48 258 15 255 16 276 13 48 85 53 53 77 15 35 82 65 18 128 28 26 81 114 41 71 39 76 64 276
108 20 740 30 236 71 167 98 174 27 250 15 205 12 243 62 27 38 215 79 299 38 138 56 19 43 61 26 65 59 243 87 271 48 181 19 234 32 235 78 193 8 171
109 20 672 10 130 1 20 8 142 17 37 81 181 45 267 7 260 21 9 43 182 64 51 88 186 77 31 59 156 53 284 69 3 7 63 35 65 83 104 7 108 66 245
110 20 815 60 172 58 218 94 69 65 58 93 271 54 258 19 159 24 26 82 287 70 224 84 66 4 126 58 143 35 175 14 63 94 113 47 300 27 252 28 296 9 24
111 20 869 97 257 77 166 61 135 62 127 28 242 39 37 47 199 93 193 39 104 65 269 82 195 69 203 21 210 55 31 34 212 25 79 99 63 47 29 33 144 14 120
112 20 852 38 176 76 109 79 194 94 93 87 205 37 119 97 292 58 152 13 23 86 291 46 189 12 73 28 2 18 256 85 79 69 276 14 141 29 30 93 224 6 283
113 20 636 14 29 53 296 66 197 4 54 33 107 9 103 41 275 80 94 98 278 39 5 48 122 36 218 12 25 34 2 18 32 29 166 40 90 17 183 77 201 48 140
114 20 896 96 89 69 71 35 36 32 86 100 35 59 267 22 236 79 31 84 219 46 81 37 57 58 264 54 162 85 127 85 184 56 134 35 89 24 108 26 215 39 285
115 20 776 76 123 22 154 66 200 4 274 4 170 94 296 19 149 44 129 18 228 99 269 26 146 56 53 98 13 42 74 7 224 27 98 85 74 53 291 51 98 79 262
116 20 908 100 155 82 51 99 31 54 63 71 122 73 137 13 121 99 297 88 125 63 245 45 131 16 209 61 283 21 91 95 295 98 156 15 18 2 51 19 292 21 160
117 20 820 33 160 77 173 32 202 77 141 35 246 5 14 69 143 62 81 55 118 14 139 59 5 92 207 40 193 15 85 3 2 32 11 80 231 69 264 81 229 95 25
118 20 824 32 174 57 273 64 21 80 23 54 43 98 195 18 152 40 8 80 253 2 241 58 96 28 101 29 146 73 268 79 89 9 280 49 175 96 41 12 45 72 229
119 20 785 97 131 67 206 88 30 23 149 4 200 11 102 64 167 62 173 63 240 24 220 95 240 26 179 76 147 4 8 84 243 6 92 46 105 36 120 40 91 66 215
120 20 753 46 155 10 211 80 16 12 172 92 157 6 61 99 159 60 285 38 204 28 237 26 25 66 276 32 59 98 205 62 130 2 262 87 217 4 72 46 157 48 35
121 20 738 86 205 40 201 10 243 86 16 21 233 81 110 25 220 18 21 24 178 32 164 76 257 62 42 56 221 97 200 12 97 59 195 38 32 16 278 22 217 62 226
122 20 826 56 74 92 194 27 59 49 14 72 258 47 251 43 270 9 183 15 251 90 292 71 87 41 159 18 155 23 25 97 126 7 267 66 196 97 277 21 250 92 29
123 20 896 22 125 7 289 96 225 92 86 62 146 60 288 45 212 84 148 14 19 52 86 60 250 100 298 13 97 33 29 96 134 82 261 84 72 49 260 22 253 48 205
124 20 887 56 228 3 227 48 92 5 66 46 61 49 28 62 173 36 119 86 134 68 152 65 271 50 179 92 140 44 40 56 208 33 196 51 155 96 286 87 286 76 298
125 20 786 94 290 99 58 7 49 67 16 51 122 3 121 4 279 61 265 100 43 67 63 41 23 16 33 75 44 14 15 5 286 77 15 99 90 65 67 17 144 21 75
126 20 841 94 260 62 39 75 122 11 23 8 276 99 47 30 177 33 34 8 277 64 17 29 26 23 299 19 181 90 19 42 268 68 139 97 72 81 164 50 281 69 230
127 20 768 83 87 92 276 5 290 51 149 85 99 79 268 39 80 37 244 15 232 41 107 51 82 2 196 10 115 76 107 86 170 97 147 17 223 48 29 45 147 2 6
128 20 908 5 296 52 71 40 164 86 283 28 184 80 195 32 81 96 147 12 103 16 266 93 163 69 46 91 165 63 211 9 92 83 204 49 127 98 112 53 81 81 285
129 20 760 91 33 77 16 44 91 56 8 16 212 77 119 49 247 74 298 11 17 70 16 1 117 9 100 78 186 63 273 70 48 60 251 5 291 3 7 65 157 32 174
130 20 627 69 72 21 290 15 109 90 228 54 272 28 35 58 89 86 12 33 121 27 50 19 143 37 33 23 259 96 79 34 213 1 282 2 154 28 236 55 37 8 165
131 20 700 27 284 53 61 70 271 80 282 15 25 70 293 39 253 97 145 63 251 16 293 21 48 30 116 82 124 3 99 12 216 18 82 77 134 40 55 23 298 39 160
132 20 800 25 271 41 202 94 73 51 174 24 280 5 141 66 14 57 268 3 160 38 121 76 214 65 160 42 245 69 141 96 34 5 43 79 44 46 111 76 269 43 188
133 20 866 47 178 85 230 27 119 72 46 78 232 51 82 65 51 80 187 52 98 73 253 81 290 67 9 19 24 54 167 59 60 21 111 15 262 69 33 18 284 50 247
134 20 776 69 37 64 214 18 31 30 271 42 21 62 33 53 223 75 265 40 178 28 53 77 256 77 298 14 233 62 10 34 155 56 157 6 48 97 54 34 71 33 100
135 20 868 95 34 38 7 9 43 51 115 30 219 15 43 71 136 92 21 50 32 63 147 15 111 60 230 69 33 98 109 66 158 8 277 57 73 83 119 84 160 32 39
136 20 825 100 196 53 91 38 150 45 258 24 177 51 274 63 61 4 13 77 187 65 26 75 141 1 34 76 247 100 148 100 225 1 160 87 42 15 108 18 54 39 39
137 20 878 58 249 93 179 92 147 68 75 100 291 57 244 23 173 49 227 16 159 60 217 80 102 14 196 91 130 83 265 96 241 27 148 8 91 20 62 58 251 5 158
138 20 789 89 112 89 191 88 43 20 220 18 236 7 154 28 254 7 5 6 56 68 227 37 112 39 148 50 185 51 115 53 81 98 88 23 119 97 111 25 248 94 149
139 20 720 14 139 96 98 42 59 73 265 52 137 36 65 62 216 15 56 34 132 69 47 45 118 29 268 52 229 44 94 24 275 7 6 26 287 78 77 44 291 58 13
140 20 737 29 49 84 194 59 150 62 166 68 129 26 299 26 232 48 104 81 60 24 71 69 23 14 117 19 111 52 44 3 191 18 233 57 88 42 103 50 147 91 32
141 20 808 85 71 24 165 23 40 60 168 11 62 34 136 43 199 14 22 99 264 47 110 59 99 71 74 33 222 26 189 35 223 87 63 71 288 80 239 68 50 41 163
142 20 935 74 24 72 149 36 138 79 15 100 36 45 39 10 192 84 83 54 288 71 293 6 218 95 5 64 235 69 292 58 28 65 276 38 168 19 250 61 234 69 51
143 20 927 11 107 19 18 71 241 85 180 97 248 31 232 66 261 85 86 50 231 32 183 44 122 95 216 81 8 26 141 64 89 55 94 32 146 23 242 93 254 99 98
144 20 856 53 15 74 37 66 169 83 167 3 93 23 62 93 20 60 6 4 173 100 96 41 139 83 51 47 278 97 173 39 56 35 20 68 84 45 28 44 266 12 188
145 20 899 35 5 75 278 31 49 62 79 63 149 92 152 95 82 57 284 55 293 41 248 17 255 14 105 84 68 46 118 46 152 87 214 53 161 95 147 32 89 44 30
146 20 775 10 61 58 80 33 210 28 49 60 113 81 281 56 2 3 179 4 178 69 297 12 220 66 88 99 171 50 142 16 213 98 97 74 46 28 17 67 174 57 180
147 20 668 3 42 6 161 90 165 38 114 71 162 9 246 65 54 79 106 95 36 37 27 17 206 8 52 93 215 20 279 17 184 15 64 47 135 32 300 76 160 18 21
148 20 686 94 245 29 15 9 173 57 71 43 16 33 241 100 79 37 12 13 205 49 11 59 102 59 1 24 230 48 36 99 21 7 80 11 178 21 222 16 261 50 89
149 20 840 95 234 87 236 41 137 61 147 42 288 80 35 15 206 42 9 58 173 39 21 66 190 70 155 29 195 95 107 62 90 49 233 50 75 10 257 39 14 21 258
150 20 711 15 186 39 244 5 217 67 47 10 12 79 29 18 77 95 81 48 108 19 283 98 92 18 232 83 80 71 64 10 242 90 252 58 220 10 246 12 68 44 121
151 20 900 90 285 33 116 90 21 21 227 48 150 15 81 64 68 46 136 34 269 66 12 77 171 43 285 4 197 88 17 54 156 46 72 82 13 78 274 91 63 55 238
152 20 923 92 156 23 226 9 125 94 209 90 195 42 24 8 228 97 17 85 151 88 139 90 171 55 184 85 152 64 52 35 168 44 174 20 49 1 121 44 198 88 65
153 20 716 39 145 84 296 20 155 50 242 38 63 45 157 11 149 30 23 70 201 17 81 64 42 91 147 13 174 70 276 36 72 68 81 44 227 58 13 46 55 1 206
154 20 783 16 61 50 172 11 190 51 218 77 97 83 289 67 56 76 295 13 11 64 280 55 132 18 214 99 74 84 243 10 190 24 70 97 137 26 189 41 199 17 53
155 20 810 22 10 45 267 73 163 35 82 48 252 3 116 16 97 81 180 28 40 65 36 1 134 77 264 55 84 100 5 56 11 17 87 52 113 88 19 90 172 61 275
156 20 852 61 111 37 25 7 213 19 133 67 26 87 75 80 149 72 134 95 73 75 154 52 279 1 105 46 207 77 204 4 256 59 167 100 113 35 51 87 12 5 18
157 20 851 1 268 49 54 65 4 90 64 16 155 51 59 61 66 56 47 44 21 58 72 36 291 97 209 80 103 98 91 70 250 15 5 35 156 37 191 23 51 82 251
158 20 784 67 15 86 3 4 282 29 54 95 132 50 29 34 36 76 138 55 60 35 13 48 31 27 23 23 293 30 147 14 94 62 293 87 130 58 294 4 222 96 85
159 20 724 23 9 18 179 27 269 8 234 28 123 20 183 82 84 97 53 42 4 85 167 49 147 62 270 37 265 36 263 48 158 14 21 75 96 67 247 81 158 7 298
160 20 753 28 299 4 271 62 260 20 77 53 53 87 284 51 195 47 235 46 205 57 260 15 110 31 139 23 292 26 148 1 225 79 107 90 42 77 98 68 75 77 112
161 20 864 16 255 14 47 53 264 83 191 16 80 90 114 35 291 72 153 48 170 36 145 53 125 73 271 76 11 98 211 31 43 27 34 38 277 71 213 90 161 61 124
162 20 920 3 123 47 247 80 169 51 93 67 269 85 144 24 168 90 61 41 179 40 291 71 230 88 155 10 253 79 31 26 250 92 207 80 100 76 26 6 141 94 289
163 20 758 59 234 21 280 24 267 36 219 57 299 38 59 85 58 14 245 69 242 85 41 2 83 47 151 63 265 22 157 58 41 43 81 4 299 50 214 94 280 77 120
164 20 738 8 29 43 31 23 15 25 210 69 184 29 191 72 36 58 212 58 7 12 93 98 104 85 240 10 140 4 141 75 237 27 107 72 300 81 44 20 63 54 67
165 20 636 40 245 28 1 8 246 96 191 67 97 92 237 34 2 24 82 31 258 6 114 24 122 80 221 22 172 80 283 16 5 48 104 20 60 6 80 3 198 71 277
166 20 871 14 70 77 7 97 294 65 41 45 89 46 244 69 18 51 214 82 84 1 124 53 30 86 201 44 227 24 261 39 299 88 141 10 196 93 123 43 278 62 192
167 20 886 51 68 40 180 67 51 72 135 1 36 47 134 88 216 5 43 44 64 38 171 69 219 11 91 78 282 99 149 99 185 69 92 48 21 90 201 9 184 83 217
168 20 892 93 81 23 287 63 4 100 135 72 77 12 279 54 218 98 23 83 144 39 213 64 54 85 276 2 260 82 146 51 262 9 116 6 35 72 61 99 288 8 140
169 20 704 80 202 92 80 8 201 32 49 40 233 63 74 7 232 84 161 17 138 17 7 28 242 63 176 33 81 31 287 20 214 100 246 16 74 28 190 37 30 85 283
170 20 840 87 207 35 233 16 288 83 178 92 271 35 108 24 199 6 268 97 146 41 185 73 134 31 211 77 42 14 171 6 134 64 189 89 156 80 153 32 167 69 75
171 20 692 79 96 7 254 88 65 52 232 55 270 19 254 54 72 90 200 55 177 50 255 13 228 17 170 3 136 51 45 18 281 23 155 53 257 33 266 6 119 99 202
172 20 674 13 32 2 176 3 199 39 265 2 33 97 94 24 57 92 224 29 164 34 105 39 202 25 124 74 246 6 110 81 47 89 78 17 198 81 127 17 30 79 60
173 20 896 23 83 25 256 94 169 79 239 61 21 26 189 3 68 79 114 22 274 63 35 34 112 91 125 57 51 46 1 85 25 45 230 71 59 61 11 91 211 65 90
174 20 980 90 267 61 52 98 257 61 168 60 170 64 158 68 21 70 167 36 98 100 9 34 120 56 181 72 276 96 62 85 60 32 73 44 280 84 5 7 123 7 191
175 20 545 37 62 73 64 57 168 16 56 17 215 29 75 26 52 57 59 15 23 3 279 79 162 13 284 14 265 43 229 19 62 70 186 75 40 11 284 20 36 8 30
176 20 666 15 252 91 164 33 232 32 235 93 172 65 194 62 255 54 213 62 170 20 91 3 58 19 161 42 275 89 284 44 170 7 46 12 168 33 299 16 99 41 296
177 20 828 75 46 54 166 83 198 73 84 53 296 66 69 84 198 22 288 2 297 63 38 2 182 90 268 21 4 89 218 35 85 80 198 17 21 19 278 96 204 12 85
178 20 730 62 73 21 208 39 234 100 282 36 124 38 180 9 155 44 226 87 211 76 223 72 103 36 1 97 6 25 123 42 98 12 230 41 259 22 136 19 27 35 119
179 20 669 34 82 13 162 45 282 48 293 34 110 80 258 99 13 80 26 59 256 23 2 18 3 30 120 22 112 14 208 58 241 43 247 50 77 15 23 8 253 64 300
180 20 814 28 144 92 202 49 28 7 7 37 224 49 164 15 282 70 156 14 19 12 73 38 192 89 114 84 26 84 5 18 94 63 27 55 284 31 158 99 237 84 43
181 20 836 13 61 77 151 60 38 49 26 90 45 20 191 49 188 76 270 46 205 89 104 25 185 21 263 63 182 82 92 3 105 78 172 85 201 19 13 79 142 22 42
182 20 764 64 3 10 226 13 76 28 269 61 133 100 230 95 124 3 97 70 54 38 117 96 154 51 268 22 182 20 132 71 209 13 274 54 14 74 18 28 233 45 188
183 20 630 53 233 33 277 30 20 52 244 8 106 8 117 31 141 8 47 42 186 87 167 47 228 38 221 53 294 16 49 48 148 38 54 42 109 44 140 44 56 66 13
184 20 807 15 45 21 83 68 258 98 173 22 175 38 30 90 194 51 293 13 183 67 13 58 160 60 292 97 225 8 78 66 137 81 75 99 150 10 23 13 21 34 87
185 20 798 24 134 93 259 38 256 47 21 12 28 25 162 42 126 67 31 69 205 39 91 44 229 79 152 28 268 98 88 75 118 8 124 96 181 7 30 91 15 16 70
186 20 508 3 99 3 144 4 243 17 159 20 296 5 151 84 285 53 137 78 16 50 271 13 247 37 281 2 267 79 293 28 218 27 276 2 210 26 110 97 295 8 190
187 20 720 43 271 53 79 14 4 45 230 46 294 82 65 76 63 56 83 55 257 7 84 94 214 83 126 35 233 15 256 71 63 38 95 21 110 37 180 22 231 8 178
188 20 794 26 151 87 218 90 246 37 138 82 82 53 161 56 241 11 257 7 84 38 133 91 26 72 211 65 150 64 65 42 65 77 276 21 248 19 38 24 201 31 272
189 20 864 61 4 79 95 72 53 8 51 87 135 80 171 77 79 56 148 34 137 41 276 67 23 88 210 30 254 1 102 68 27 50 77 26 141 2 246 94 37 59 53
190 20 768 84 180 71 300 16 187 65 36 15 105 26 56 32 232 52 40 8 103 65 43 40 177 56 251 79 44 5 161 44 135 90 278 32 23 66 157 94 131 21 240
191 20 776 67 298 62 179 56 44 54 251 52 234 97 132 4 184 18 129 55 180 36 66 25 149 60 250 58 57 50 219 9 254 73 81 13 42 66 61 94 29 21 91
192 20 641 8 200 30 237 4 11 39 96 51 223 18 228 72 176 2 185 7 124 6 282 45 191 77 115 25 131 86 154 75 94 41 69 41 244 54 135 84 245 37 234
193 20 970 44 66 83 195 71 70 29 145 74 159 27 232 96 115 14 134 48 233 97 62 83 227 84 148 64 149 37 253 88 177 38 276 55 19 60 221 50 171 71 23
194 20 757 51 250 85 29 87 108 16 193 4 288 50 183 76 35 20 114 3 218 6 37 94 238 63 288 27 84 70 62 90 67 38 177 61 166 47 55 34 43 25 5
195 20 794 34 61 4 91 92 41 38 181 18 33 99 157 44 296 23 137 40 125 22 248 42 173 8 22 27 125 28 76 60 236 54 21 91 114 91 75 86 76 92 272
196 20 821 73 264 97 127 8 186 53 175 31 175 89 194 8 141 80 53 43 43 47 184 97 138 13 15 78 50 45 161 85 41 23 1 21 86 38 119 30 215 68 110
197 20 816 69 36 100 91 23 119 58 110 83 258 23 193 38 51 61 142 47 62 29 290 15 109 99 49 94 265 51 247 47 211 36 224 52 137 82 184 12 78 1 147
198 20 824 51 184 70 243 81 72 59 206 43 188 12 93 49 251 10 104 78 48 56 280 43 266 81 20 39 170 18 92 82 260 7 229 51 223 82 220 70 95 48 11
199 20 933 65 22 74 8 98 220 57 279 14 126 71 186 78 211 82 141 4 229 3 128 84 106 62 85 9 136 65 237 99 75 75 112 45 242 52 120 70 171 60 277
200 20 752 63 19 12 60 68 163 64 84 72 202 12 69 50 128 47 106 31 67 37 64 88 283 93 270 21 148 47 143 17 268 3 222 56 196 22 228 83 134 55 88
201 20 800 52 91 11 165 95 146 43 102 46 44 34 34 79 18 44 234 11 186 20 121 17 128 81 137 95 240 50 190 72 46 71 275 58 150 35 125 67 17 20 148
202 20 1027 31 153 95 232 99 53 92 107 7 129 21 145 97 238 93 283 63 92 34 266 36 68 48 214 83 136 100 229 94 296 57 256 39 16 96 66 30 160 69 243
203 20 778 26 190 56 137 15 107 57 211 71 198 28 231 94 208 83 150 59 33 15 129 31 248 2 78 66 64 67 247 90 165 70 167 16 79 44 212 26 203 57 147
204 20 688 61 168 39 140 13 221 32 218 8 124 94 289 8 185 82 181 34 120 89 171 92 138 26 97 46 257 33 71 23 257 18 252 7 241 33 91 56 105 66 140
205 20 925 81 288 53 285 3 295 10 1 84 134 5 291 66 155 81 133 40 114 89 239 7 153 51 12 97 108 6 72 77 65 79 162 88 87 91 199 90 246 59 291
206 20 761 83 179 59 164 25 177 75 22 15 106 27 290 75 56 11 159 36 185 64 147 69 282 56 14 28 266 89 16 70 271 3 35 80 276 57 244 12 52 18 58
207 20 983 73 204 61 41 100 109 73 270 90 250 59 98 9 225 66 121 84 76 92 24 68 259 13 256 68 168 4 33 82 38 92 219 11 225 80 46 28 280 76 15
208 20 599 5 205 44 183 50 167 4 194 97 85 44 165 29 134 64 19 3 294 79 64 67 289 3 121 71 56 9 249 51 81 20 184 5 54 23 240 37 135 44 78
209 20 937 82 36 78 59 70 268 90 138 55 166 9 279 68 10 3 174 92 216 80 42 98 59 70 150 38 39 44 279 98 208 46 184 40 72 43 282 50 32 18 84
210 20 692 35 103 55 192 59 9 42 5 82 162 1 52 36 243 1 256 43 262 66 73 96 150 70 248 11 203 65 226 26 177 46 36 2 2 28 262 30 2 72 199
211 20 867 85 288 94 237 3 13 86 207 6 169 24 15 46 6 93 188 95 192 56 74 79 271 84 81 22 215 76 296 44 298 11 206 57 128 90 62 7 3 26 84
212 20 726 31 178 29 294 35 167 18 255 26 276 10 298 99 200 7 196 89 182 55 58 99 183 74 24 96 60 39 253 84 206 2 73 47 13 42 37 15 1 11 99
213 20 798 68 261 12 54 26 113 7 267 86 188 34 103 11 130 90 91 70 116 95 146 52 152 65 292 68 93 36 280 35 214 98 21 25 295 10 199 69 277 41 52
214 20 809 34 278 48 183 57 274 63 100 53 73 90 222 22 271 9 121 60 203 62 84 81 96 34 9 67 86 65 156 24 104 60 119 31 132 28 234 84 74 40 138
215 20 528 14 290 33 199 36 70 52 48 38 53 4 273 51 65 19 29 3 4 69 244 12 177 41 27 17 288 22 230 22 185 39 143 98 273 39 96 15 234 36 143
216 20 628 10 189 42 232 63 132 15 264 4 65 38 129 11 111 96 109 75 299 58 56 32 80 8 135 7 33 90 57 84 94 1 255 55 233 58 64 18 224 20 250
217 20 688 91 124 34 151 76 133 75 207 56 263 58 235 37 96 91 137 21 257 27 76 1 214 2 185 50 266 1 31 12 176 62 1 42 170 27 225 94 275 4 143
218 20 922 26 87 30 190 1 236 11 139 66 184 53 185 81 231 70 76 82 35 97 53 91 129 39 215 53 145 62 157 64 131 82 36 54 125 56 66 84 180 51 249
219 20 749 27 225 6 138 50 106 7 131 81 13 68 273 15 84 81 139 52 9 69 156 72 51 60 69 44 99 65 28 21 246 14 157 87 52 52 20 22 219 44 44
220 20 813 29 246 17 100 41 280 45 162 62 146 80 178 61 288 24 222 73 155 38 218 99 286 37 231 65 92 27 176 52 120 76 132 72 205 1 204 52 19 66 295
221 20 650 6 41 49 275 36 136 99 78 43 194 13 238 56 98 33 205 16 4 41 298 5 245 58 21 100 74 3 105 24 274 20 232 95 272 32 271 69 154 15 57
222 20 827 52 219 1 188 76 275 65 97 99 165 71 79 83 272 52 16 68 54 29 59 46 202 64 152 52 64 48 130 4 230 8 184 96 229 38 193 1 119 81 296
223 20 735 33 232 70 212 30 143 45 275 41 287 14 217 76 245 21 224 49 222 42 172 82 249 12 152 2 228 1 230 100 260 51 95 98 84 26 283 84 203 42 182
224 20 1017 93 265 97 135 72 30 81 72 34 223 87 217 67 250 46 205 83 173 36 61 85 229 88 151 30 46 52 174 76 110 40 173 21 22 55 17 62 295 67 9
225 20 627 7 205 65 127 57 293 67 238 1 104 17 250 43 125 5 253 75 188 43 186 7 160 15 34 18 37 60 154 62 94 27 257 70 197 21 26 60 242 64 253
226 20 799 60 273 35 82 85 3 20 108 35 50 30 10 100 216 49 148 9 45 5 239 1 128 58 123 78 14 3 157 66 74 84 66 53 172 99 299 53 65 76 68
227 20 802 41 188 97 45 53 261 23 42 53 198 62 63 81 177 60 235 81 27 99 206 20 182 22 246 40 194 35 108 51 55 50 114 16 58 61 178 48 169 10 46
228 20 579 23 148 21 34 8 97 4 265 18 263 87 270 17 160 7 249 79 263 35 115 50 40 1 96 75 165 8 299 84 63 12 69 60 84 43 271 50 78 42 164
229 20 947 33 78 4 114 21 110 90 292 90 140 88 157 84 23 40 110 47 182 65 51 42 82 96 190 35 171 34 239 99 135 62 147 99 56 16 109 51 236 88 223
230 20 818 74 95 75 4 83 284 39 111 29 163 11 130 14 148 20 238 46 241 80 161 25 141 96 166 100 42 92 226 56 264 9 96 24 256 49 96 50 209 51 161
231 20 788 53 188 7 229 5 188 67 8 72 192 66 59 33 140 87 115 18 273 64 119 41 98 30 110 92 187 57 169 87 162 15 193 24 212 28 270 46 156 94 63
232 20 759 25 78 36 239 27 260 26 167 77 298 39 241 98 260 92 239 91 7 11 4 20 227 70 277 40 212 75 44 5 68 69 1 62 81 35 207 9 299 42 225
233 20 762 4 158 1 124 11 18 20 76 48 155 44 124 38 32 31 298 82 30 89 28 74 229 24 183 24 11 40 278 96 181 85 60 50 199 75 289 40 237 77 7
234 20 788 63 110 57 247 75 114 20 246 60 152 13 3 77 257 20 113 23 251 97 245 14 174 50 183 71 165 53 72 68 214 65 126 14 60 62 163 68 126 16 107
235 20 812 86 61 44 68 57 151 39 156 96 92 49 245 64 14 26 85 73 193 10 265 25 160 39 200 87 212 63 293 71 127 30 131 29 169 3 206 26 70 98 277
236 20 893 52 189 84 158 9 217 96 179 57 235 9 154 90 240 6 23 7 208 77 8 92 72 84 121 71 16 56 25 1 159 82 83 16 255 94 185 44 76 90 186
237 20 815 73 4 93 194 78 58 53 36 61 129 89 178 80 190 67 13 8 19 16 102 82 105 32 4 50 185 24 297 46 262 7 294 47 62 28 192 30 272 55 8
238 20 884 71 235 6 249 67 178 94 213 52 49 79 68 38 63 94 12 74 196 65 133 32 131 23 146 27 241 49 14 56 157 13 8 37 234 78 35 68 298 82 58
239 20 825 51 178 67 115 80 226 40 92 25 110 84 137 47 176 3 91 2 156 14 171 83 2 82 252 2 282 94 111 50 228 85 118 34 145 95 268 60 20 34 39
240 20 789 65 153 1 241 39 257 84 89 79 66 30 109 31 151 80 29 60 296 47 128 33 233 2 45 90 64 63 124 30 21 11 193 11 225 63 245 100 295 68 135
241 20 1031 61 51 47 72 58 270 72 65 10 102 20 39 91 299 62 113 74 216 65 67 88 11 59 124 50 99 91 78 57 88 85 65 96 60 68 216 58 53 77 230
242 20 725 87 14 32 118 18 97 7 74 54 206 2 73 75 89 15 159 94 84 24 57 16 168 53 199 40 203 65 234 67 175 39 143 45 235 75 226 72 19 27 234
243 20 708 87 5 29 89 96 117 5 22 44 232 58 94 3 148 48 210 30 47 74 87 100 197 38 1 19 260 58 227 61 13 2 66 55 133 1 201 64 184 13 221
244 20 658 61 274 8 299 33 225 41 160 4 57 18 273 81 113 51 235 8 141 98 101 58 183 1 51 8 209 13 15 29 70 88 103 29 86 53 196 42 160 99 58
245 20 791 73 100 74 288 13 295 1 143 36 96 89 177 70 72 54 237 68 281 22 124 86 8 57 207 51 156 19 293 2 149 83 83 33 109 80 208 71 145 7 153
246 20 816 43 237 64 197 51 170 78 243 57 285 26 243 4 92 99 66 48 293 83 22 71 97 23 231 85 23 45 59 1 131 42 88 4 92 82 91 78 287 36 255
247 20 940 1 119 96 294 63 86 64 1 51 107 88 157 77 183 33 219 89 85 100 149 83 299 5 8 57 166 86 272 20 6 51 117 65 244 56 249 39 167 51 113
248 20 964 62 134 43 138 77 223 71 193 78 190 94 204 95 31 77 3 42 106 55 84 32 91 40 37 22 176 77 197 71 161 56 293 24 187 75 103 43 283 71 175
249 20 605 15 284 57 154 14 255 36 221 32 290 6 169 30 151 71 278 28 108 2 130 83 24 80 294 33 101 18 30 28 13 42 100 2 137 38 256 47 261 95 196
250 20 717 36 55 21 283 21 217 20 137 73 171 60 200 95 198 5 286 17 174 12 162 12 290 88 142 35 143 22 143 41 113 73 264 74 78 83 140 78 6 31 103
251 20 710 85 269 7 169 31 290 99 102 25 82 59 69 27 242 25 177 98 28 25 261 13 25 48 194 83 211 11 242 22 274 46 131 6 289 74 197 88 87 16 73
252 20 895 40 261 6 200 72 58 98 81 97 196 75 71 36 133 94 27 31 116 71 292 12 247 70 4 5 98 84 123 20 84 65 250 91 37 38 200 20 245 94 278
253 20 782 47 256 16 172 22 83 44 218 60 156 41 183 70 128 7 277 77 12 68 203 34 102 91 43 67 197 22 97 58 48 31 153 7 268 51 244 78 139 87 252
254 20 884 72 9 48 131 71 28 69 158 78 261 10 259 78 202 7 42 89 271 52 166 56 277 20 198 59 120 34 104 65 32 60 253 57 243 82 230 97 21 2 246
255 20 785 78 143 23 271 33 38 61 44 1 55 83 251 17 232 76 266 8 131 74 104 35 229 97 296 70 163 14 137 73 130 33 91 67 223 87 232 51 236 1 96
256 20 1014 55 270 59 245 98 97 31 188 78 134 82 67 65 115 42 51 51 125 58 154 56 125 90 16 4 211 97 194 85 105 100 93 53 19 34 254 68 129 62 74
257 20 861 18 229 73 27 99 130 74 264 64 110 93 86 38 89 42 106 46 291 41 31 82 20 57 62 65 83 4 146 99 64 1 182 13 296 35 132 92 74 41 121
258 20 641 38 102 23 78 87 107 46 239 16 30 13 199 66 134 51 53 9 44 26 225 67 137 48 184 47 175 1 25 66 203 35 163 38 34 4 29 52 139 69 104
259 20 628 36 146 5 286 18 67 9 288 27 166 90 137 3 57 1 136 83 122 83 40 87 154 26 203 27 108 22 25 4 212 90 225 46 230 72 72 54 131 3 224
260 20 916 97 141 62 85 16 206 34 69 22 162 21 164 99 275 79 82 68 234 76 157 96 208 75 203 11 118 68 80 79 185 33 178 50 236 13 154 89 127 57 229
261 20 756 29 188 94 208 49 228 52 49 6 60 59 294 62 98 51 186 84 196 19 158 11 31 74 243 37 118 66 110 65 132 48 267 33 188 25 149 3 39 79 73
262 20 832 68 14 92 33 4 53 77 253 34 9 13 154 77 271 7 8 19 234 54 59 86 221 56 76 82 195 19 7 29 185 8 88 98 274 97 28 23 260 98 78
263 20 837 67 275 76 58 74 159 40 119 29 40 60 290 79 74 69 141 10 294 98 78 74 118 16 148 87 104 11 148 67 39 66 87 30 270 70 177 19 289 5 246
264 20 706 52 142 35 33 66 38 23 233 58 172 32 124 8 75 8 184 71 53 94 154 37 34 84 58 13 113 13 298 32 120 35 150 93 59 27 149 89 16 13 51
265 20 882 50 210 41 230 91 253 75 63 86 250 23 26 98 198 41 249 9 18 56 168 74 260 79 208 67 275 83 72 58 30 36 261 59 158 22 172 49 201 6 248
266 20 834 4 200 23 253 27 36 12 214 44 203 55 280 90 232 98 190 46 11 58 24 35 268 79 79 8 72 82 215 60 200 70 246 61 203 16 61 82 280 93 279
267 20 646 31 62 60 111 77 165 48 295 22 72 54 236 43 262 42 294 6 64 73 105 67 49 30 162 14 260 32 100 89 164 17 54 14 281 42 200 44 170 3 25
268 20 1063 27 66 62 108 50 107 87 299 78 192 57 228 100 194 57 78 63 84 69 240 81 273 64 139 62 97 58 145 5 241 77 109 67 199 95 268 77 245 93 201
269 20 739 2 50 71 42 5 31 6 175 57 107 84 103 50 164 8 186 46 124 42 232 74 268 68 252 71 26 33 103 63 218 54 7 23 222 58 72 23 119 86 105
270 20 946 73 108 8 160 30 252 90 190 21 93 87 220 72 213 91 65 36 94 87 230 55 263 40 184 11 57 56 76 81 65 75 94 98 281 33 171 55 12 84 268
271 20 855 19 207 48 238 69 177 8 207 94 224 82 183 49 197 60 64 6 167 56 189 53 81 97 219 80 200 88 53 32 296 22 172 37 193 37 216 79 292 53 73
272 20 901 69 108 36 32 8 197 46 75 28 241 35 296 20 266 86 246 67 221 88 234 96 256 60 241 31 118 17 203 83 74 80 1 51 72 41 39 89 250 96 81
273 20 944 94 139 59 2 20 143 97 284 80 82 54 258 30 16 77 21 10 295 31 232 65 34 44 158 85 264 89 20 62 260 73 68 48 134 82 75 4 217 77 168
274 20 886 80 81 80 216 52 196 70 175 42 32 51 197 35 164 67 262 65 154 69 247 86 8 3 81 58 109 58 296 64 260 41 207 17 103 83 113 25 115 62 4
275 20 763 71 161 99 155 16 158 13 178 15 275 49 264 53 152 55 298 6 199 76 163 32 118 95 192 93 64 47 201 44 250 70 150 15 65 33 31 49 299 23 212
276 20 770 3 294 31 46 8 39 57 226 7 217 70 37 48 79 65 134 20 281 92 119 21 213 11 78 64 164 45 230 26 202 80 191 67 187 77 174 74 172 97 273
277 20 868 50 21 48 223 49 124 91 277 85 208 71 18 90 251 42 195 97 276 61 41 49 288 11 254 38 200 15 94 43 81 51 77 65 255 81 51 45 229 3 49
278 20 627 75 69 43 101 10 252 84 102 46 267 15 72 68 139 11 261 71 254 88 38 12 124 5 64 7 126 92 54 65 178 15 162 15 163 17 251 38 211 7 15
279 20 742 20 135 44 190 33 249 21 97 14 138 47 252 16 227 41 169 89 76 58 114 25 242 11 237 47 80 19 49 100 207 97 238 64 145 90 232 46 287 46 201
280 20 676 31 136 34 286 77 56 70 29 30 239 20 55 4 38 9 149 50 289 98 30 12 272 30 22 91 254 67 246 14 288 25 137 33 247 94 69 55 245 2 32
281 20 781 15 60 15 171 65 44 33 64 54 265 74 239 96 133 54 78 89 292 53 75 12 94 40 91 20 248 97 99 17 81 67 276 85 237 35 9 3 39 53 229
282 20 816 62 228 82 31 24 147 53 134 37 70 39 268 92 159 10 104 63 292 13 206 73 50 83 2 81 54 97 231 52 129 23 48 35 2 43 236 55 109 4 145
283 20 873 8 107 10 102 80 110 57 172 30 3 24 181 97 175 99 165 93 169 99 229 24 145 93 246 74 271 16 104 22 43 98 114 26 114 73 169 67 37 2 147
284 20 768 100 117 12 114 56 285 66 155 87 158 2 6 32 29 3 26 76 201 94 247 5 249 76 191 17 141 26 298 54 219 12 54 17 227 32 254 98 33 96 215
285 20 669 80 181 27 201 76 239 20 45 64 273 42 238 16 3 70 196 53 197 41 272 16 112 60 255 4 214 15 229 59 63 67 277 37 6 64 20 21 268 5 180
286 20 460 7 25 6 219 52 98 12 99 30 219 3 8 19 91 9 7 3 215 9 271 7 269 69 224 4 278 26 31 43 288 39 151 59 190 94 249 52 244 33 174
287 20 729 76 278 34 124 96 293 43 148 69 75 47 135 11 300 42 157 1 269 21 262 87 184 97 86 30 178 55 235 38 254 26 111 17 229 4 145 43 209 75 283
288 20 776 13 53 58 89 24 130 53 11 52 203 68 261 65 110 83 153 81 187 100 284 84 222 10 247 96 146 13 123 14 138 67 18 46 114 26 171 3 47 15 56
289 20 692 3 217 52 194 59 46 51 93 18 174 60 1 82 212 62 172 19 86 79 68 2 14 28 68 12 300 96 30 43 79 25 278 83 219 29 9 15 199 47 128
290 20 920 21 195 78 141 8 274 77 178 42 292 29 141 82 247 48 257 33 194 59 261 40 171 86 244 90 35 29 175 87 48 65 29 74 145 35 152 97 94 70 284
291 20 775 32 36 38 140 64 133 51 226 80 184 27 85 37 265 41 6 6 281 37 7 19 97 22 16 70 85 80 146 10 115 92 259 72 225 51 63 43 23 97 117
292 20 644 72 66 66 51 20 222 41 165 21 92 16 143 20 207 24 69 84 208 92 250 18 178 78 260 7 135 4 75 55 1 54 61 3 144 42 190 27 68 62 145
293 20 872 78 108 14 298 69 150 58 281 48 107 9 138 83 266 42 81 45 58 82 50 35 222 97 145 91 167 19 166 61 238 75 197 68 94 41 97 64 149 12 290
294 20 728 62 43 14 48 13 105 94 27 20 290 28 2 5 243 5 294 32 111 1 42 90 90 72 130 66 164 76 296 46 244 51 248 48 293 83 236 45 127 60 8
295 20 842 25 172 49 263 41 228 18 52 27 200 85 46 41 233 29 220 88 254 48 152 78 151 99 100 26 78 35 237 68 218 91 165 48 56 45 115 46 40 66 283
296 20 991 85 255 27 23 74 227 61 28 52 261 89 128 8 218 92 175 94 288 72 72 7 99 11 236 83 77 92 135 85 102 19 237 59 252 77 109 59 130 93 271
297 20 752 77 117 25 56 47 279 3 33 60 39 20 253 57 123 37 280 97 175 22 135 27 71 97 61 54 162 55 239 81 15 68 286 7 193 34 129 51 244 22 191
298 20 628 80 84 1 215 26 298 8 207 74 287 17 230 37 170 38 249 79 283 77 291 48 131 16 182 4 296 3 24 68 12 15 6 54 221 37 11 39 113 64 239
299 20 861 48 227 81 102 69 222 57 52 41 259 43 147 10 53 31 21 37 177 86 28 61 193 87 8 89 263 44 11 39 206 62 30 76 300 72 295 27 277 17 1
300 20 669 31 237 16 82 39 38 20 35 15 40 25 190 31 118 51 101 36 149 77 273 9 91 85 277 16 230 60 177 8 46 50 265 53 178 82 268 95 213 38 94
