1 20 364 8 1 9 136 41 12 30 251 6 78 11 89 30 36 31 73 4 171 43 137 14 271 48 185 49 170 2 27 2 233 28 155 33 141 37 60 25 183 5 121
2 20 335 5 240 36 152 15 207 2 197 47 156 17 39 2 256 34 51 29 165 18 57 31 294 32 237 9 281 3 250 42 21 18 88 33 223 9 264 27 71 10 203
3 20 439 15 257 28 283 32 287 48 64 30 259 27 250 10 65 48 129 30 21 18 22 14 195 32 213 36 75 5 289 24 182 38 137 40 226 35 92 36 244 3 135
4 20 368 8 42 28 208 39 140 44 217 27 100 10 186 18 272 16 53 39 33 17 42 24 172 16 205 41 222 6 285 34 15 17 295 19 239 11 30 33 118 14 280
5 20 383 16 279 47 155 22 202 32 283 49 63 11 173 41 231 39 220 4 252 12 186 25 31 39 232 7 266 39 272 5 260 32 123 28 56 13 124 9 189 9 227
6 20 385 20 266 40 239 31 20 5 143 10 272 28 235 32 208 24 262 20 231 7 220 39 176 4 115 48 80 7 192 23 80 40 85 22 203 3 267 33 159 46 70
7 20 436 33 264 17 17 33 52 29 173 41 198 13 103 6 180 26 259 49 226 33 256 30 93 35 248 24 113 22 103 15 255 9 174 47 59 50 212 14 156 20 151
8 20 434 49 138 50 56 46 263 28 127 10 70 12 90 24 67 22 284 11 233 21 74 48 23 46 96 34 275 43 50 4 91 20 211 5 55 36 154 15 248 19 190
9 20 381 43 138 47 107 1 21 41 31 28 100 19 160 12 135 32 48 15 159 11 295 15 135 40 26 7 236 9 147 41 247 4 144 3 243 42 121 24 136 43 254
10 20 404 50 214 21 244 31 134 13 71 19 89 21 73 47 267 48 201 25 94 9 19 12 116 8 36 26 242 44 98 25 127 40 132 36 241 20 216 5 83 6 133
11 20 391 15 172 6 79 31 121 12 264 19 282 20 289 32 139 25 13 33 3 47 73 14 99 18 203 46 89 13 298 17 95 5 2 48 171 33 96 47 51 8 85
12 20 440 46 256 3 87 41 28 3 11 13 293 16 118 30 5 14 58 38 241 45 300 17 2 40 129 45 114 13 63 32 30 49 107 33 2 17 129 39 95 17 295
13 20 448 1 62 47 161 25 22 8 160 36 235 42 167 18 20 49 181 6 232 28 46 32 269 44 142 20 84 42 142 26 67 17 230 37 58 8 194 44 292 30 265
14 20 449 30 135 8 266 33 272 24 91 48 113 50 179 32 145 33 25 34 230 30 50 48 57 12 75 27 52 25 289 24 46 21 50 22 36 26 179 15 63 20 274
15 20 446 22 231 6 245 19 234 47 210 32 269 40 51 45 16 43 237 21 123 5 113 35 132 45 217 20 45 37 248 27 264 9 288 6 272 40 1 38 240 21 260
16 20 365 4 275 16 72 36 17 21 282 47 252 30 12 10 101 41 95 35 260 1 258 1 113 12 90 15 49 39 60 46 237 9 60 33 135 40 278 9 119 12 124
17 20 413 21 90 3 237 21 125 48 58 29 5 40 294 14 227 8 41 22 82 32 261 40 273 26 140 38 90 37 108 28 291 18 184 2 138 44 95 44 173 2 40
18 20 432 47 121 43 262 35 139 45 185 11 55 23 6 36 158 32 149 34 136 5 186 27 124 14 278 27 36 39 73 2 218 6 158 10 234 29 13 49 170 26 273
19 20 388 8 187 8 152 19 154 47 95 4 178 9 39 38 107 15 65 27 41 2 261 24 255 34 278 41 137 37 250 46 43 40 209 26 79 12 96 23 92 26 265
20 20 309 2 159 46 109 12 20 38 171 48 244 36 71 14 131 7 200 19 272 12 168 3 115 1 142 3 263 19 110 26 140 31 129 10 232 26 81 1 48 33 264
21 20 395 4 75 6 252 49 79 21 261 41 285 29 270 31 37 7 140 13 162 25 100 3 202 16 50 14 171 50 207 12 48 44 223 50 197 48 180 4 196 27 208
22 20 465 22 149 37 22 43 78 36 275 41 265 19 88 49 69 49 159 45 179 24 25 18 196 35 24 34 17 32 1 17 130 28 8 13 156 38 108 1 233 1 246
23 20 377 29 213 32 291 1 196 49 75 6 81 31 28 38 298 5 111 29 298 19 282 33 149 1 155 5 270 15 221 23 278 4 10 31 146 48 85 37 261 36 147
24 20 410 2 123 37 177 15 123 29 268 39 41 27 95 36 294 7 233 6 189 32 116 32 280 34 223 7 141 44 273 27 37 25 98 39 39 41 293 27 148 7 122
25 20 423 2 30 38 94 40 36 43 71 20 160 16 278 42 226 35 166 22 280 15 51 49 120 19 61 50 5 20 252 23 99 24 169 28 291 27 166 15 42 1 162
26 20 385 40 73 50 41 16 135 44 292 6 251 5 140 33 101 5 246 26 273 20 280 8 300 42 235 40 265 49 136 19 111 5 260 39 37 23 117 1 240 11 11
27 20 366 39 262 9 77 8 280 23 7 27 150 34 227 1 118 15 191 20 216 23 105 20 64 43 4 39 295 21 137 45 298 29 142 9 236 36 278 8 273 9 197
28 20 358 4 255 17 267 34 66 21 88 8 149 10 152 40 216 17 90 33 192 5 270 5 105 18 122 22 129 5 212 43 39 34 286 3 16 46 140 37 60 46 145
29 20 442 48 159 44 24 47 197 16 275 45 34 42 115 21 252 43 200 23 42 26 251 46 290 7 107 9 156 1 202 29 31 12 221 16 259 5 287 27 42 46 211
30 20 410 18 47 12 145 22 23 8 129 23 277 7 151 17 232 28 108 27 182 29 90 27 209 16 212 32 285 50 117 47 33 43 138 37 82 26 146 25 153 19 237
31 20 423 49 35 34 193 10 221 41 150 28 176 20 108 24 192 24 291 15 127 30 226 10 7 35 101 48 185 6 298 20 252 8 82 43 68 6 35 37 33 41 194
32 20 383 19 298 22 203 26 169 38 182 2 1 8 178 2 167 40 248 33 209 18 97 29 179 50 230 1 115 47 226 30 234 12 16 21 4 32 47 36 276 13 235
33 20 356 45 162 11 74 32 276 30 147 2 194 33 56 46 37 9 227 22 14 16 165 49 201 5 154 5 294 20 51 5 252 14 236 13 79 10 228 37 212 41 225
34 20 360 10 54 13 112 25 291 20 298 50 140 16 264 30 168 12 33 8 57 2 205 45 155 3 106 37 272 18 163 35 142 36 255 24 143 26 25 10 228 31 285
35 20 295 16 16 39 264 16 119 4 153 27 239 1 138 19 180 19 200 18 250 22 38 13 297 29 218 24 54 40 213 5 63 13 294 34 16 10 160 13 192 7 118
36 20 443 42 110 29 12 28 1 23 193 13 176 16 74 40 20 38 214 28 98 34 238 49 291 9 276 46 44 18 140 11 63 14 221 49 7 19 201 29 285 19 111
37 20 341 10 134 4 60 24 191 48 247 11 212 15 40 27 189 33 223 19 72 6 77 28 222 1 182 33 17 25 74 20 69 44 198 36 148 9 225 10 272 24 284
38 20 516 43 170 27 264 31 6 16 51 46 299 40 49 21 31 1 107 49 53 49 288 31 47 49 211 25 244 19 21 47 5 32 225 28 70 27 244 22 16 43 193
39 20 342 21 241 17 188 49 105 3 45 14 288 37 190 14 193 46 128 28 286 19 12 3 124 39 157 20 91 15 77 6 212 9 111 44 10 3 148 11 47 30 255
40 20 400 44 264 24 208 19 68 47 118 21 276 26 163 25 237 42 12 10 199 20 146 37 26 10 124 17 265 18 83 47 276 1 166 25 99 3 192 37 7 28 243
41 20 412 21 166 23 64 7 58 3 78 17 203 9 171 26 185 46 295 45 112 8 190 35 66 41 131 50 42 40 114 22 192 7 150 36 101 32 190 37 42 11 216
42 20 444 50 137 41 17 41 217 34 77 33 69 13 125 1 168 20 93 1 80 31 264 48 244 11 191 35 91 6 266 49 113 20 168 35 65 11 69 29 182 47 164
43 20 466 22 47 48 224 50 139 49 233 1 111 44 122 3 148 38 114 30 248 1 115 37 14 24 10 6 122 25 175 46 224 24 135 38 64 18 153 47 103 32 54
44 20 532 19 244 46 169 48 95 43 65 35 232 36 10 45 119 38 185 43 25 27 147 30 199 7 61 20 54 42 123 20 141 49 19 39 46 4 215 27 76 47 136
45 20 391 17 277 47 65 2 240 13 43 50 212 39 263 42 48 19 60 3 259 9 129 17 140 31 183 1 256 41 279 30 195 3 15 22 266 39 57 43 128 21 111
46 20 365 14 2 33 14 18 21 30 247 31 196 16 155 17 87 17 190 41 3 23 119 24 239 27 74 30 181 19 85 13 84 20 270 7 7 19 238 26 183 32 130
47 20 487 46 47 19 30 40 214 14 234 42 12 17 133 31 102 17 30 49 126 42 199 19 20 28 185 36 218 46 37 38 248 20 81 44 139 4 290 43 2 14 170
48 20 353 26 154 5 279 38 96 3 28 50 131 11 192 6 269 29 81 3 185 8 174 35 292 10 252 28 65 43 58 37 3 18 200 32 48 8 297 33 228 19 39
49 20 344 15 211 10 33 11 254 34 230 5 288 18 163 1 142 44 152 45 180 27 56 19 234 5 25 23 97 32 42 23 54 1 155 9 215 46 190 16 168 46 159
50 20 321 10 143 36 22 36 139 11 161 22 16 35 135 41 161 33 165 1 164 9 152 21 199 21 214 3 4 8 86 44 129 38 264 13 18 7 255 4 104 9 209
51 20 454 20 267 41 295 27 23 48 195 33 203 10 10 44 243 15 64 50 66 33 176 18 229 41 91 5 77 20 221 47 223 49 222 47 36 13 182 2 252 5 213
52 20 404 35 213 31 188 4 202 21 241 18 122 35 286 29 143 42 243 25 70 17 254 13 125 25 256 33 88 4 242 40 68 47 60 6 60 32 108 28 220 20 103
53 20 393 9 139 34 201 42 253 14 133 34 201 22 176 29 78 1 280 50 267 17 253 41 170 39 10 29 259 19 37 28 249 1 137 18 174 20 170 38 175 7 163
54 20 405 44 168 47 214 42 245 1 61 8 164 16 233 30 121 16 128 20 244 1 300 34 210 8 62 29 49 36 94 39 264 37 83 38 202 35 140 8 152 18 244
55 20 407 11 224 20 212 40 36 1 258 28 156 38 148 48 144 15 45 7 180 36 209 18 17 45 38 2 203 21 27 37 164 48 159 7 53 28 155 31 118 28 286
56 20 416 44 75 29 6 19 102 19 127 17 187 43 180 35 207 7 15 40 94 8 216 10 101 45 19 49 76 45 28 8 186 8 32 15 74 26 296 43 116 11 1
57 20 337 5 34 4 95 9 196 21 258 17 92 32 119 38 53 9 133 44 47 26 86 17 1 34 201 24 152 23 286 8 102 26 83 25 116 25 108 8 109 27 258
58 20 386 11 299 20 249 27 223 25 108 46 6 23 244 2 254 39 195 19 213 35 176 36 172 11 90 19 1 8 238 19 171 43 213 43 114 10 276 19 84 28 293
59 20 382 9 194 23 272 47 282 25 41 5 67 23 129 18 37 7 96 50 187 36 126 31 88 32 201 25 267 13 226 29 255 9 97 24 203 45 148 6 37 21 271
60 20 384 50 298 15 157 2 75 18 70 18 74 24 72 26 232 43 91 33 144 19 271 43 182 11 230 40 130 4 247 16 269 11 47 25 43 22 290 22 65 38 210
61 20 418 24 141 13 55 16 176 45 22 30 2 22 191 16 195 28 267 21 101 36 75 46 192 12 97 47 295 22 87 27 12 16 194 38 83 1 27 13 248 50 222
62 20 328 8 129 3 54 49 227 35 231 19 214 24 128 42 258 14 119 37 193 33 113 14 172 43 49 18 284 20 70 5 234 2 280 18 267 2 37 7 37 18 104
63 20 440 15 297 41 70 23 299 46 72 27 218 36 193 1 23 34 33 3 288 9 55 27 70 44 177 34 256 15 299 49 69 44 229 33 78 41 127 9 67 19 74
64 20 384 7 134 1 171 28 143 14 126 25 195 31 35 29 155 47 83 2 268 32 174 39 6 14 146 38 118 22 208 17 272 33 232 33 115 28 55 31 221 10 44
65 20 340 34 152 47 271 16 205 18 139 20 287 7 138 30 60 28 108 44 234 12 142 23 268 27 278 30 208 1 164 11 48 24 173 28 101 10 87 7 23 8 178
66 20 401 6 108 38 37 42 94 12 151 5 100 22 65 8 92 23 243 43 206 42 68 43 146 42 37 5 123 22 16 40 199 32 83 22 186 2 203 7 275 46 45
67 20 462 37 26 41 283 40 193 41 279 4 130 8 83 45 9 19 29 7 178 12 203 10 281 41 115 49 276 37 50 19 189 40 191 23 275 32 3 38 232 35 20
68 20 388 33 230 23 248 34 179 9 80 43 30 7 227 25 283 50 113 8 121 25 106 5 251 31 25 24 299 41 270 24 106 17 118 37 217 8 213 3 284 38 250
69 20 348 26 70 6 241 4 40 49 131 15 128 30 101 44 79 11 288 25 54 14 143 18 273 25 18 32 123 49 50 16 30 41 245 8 186 6 240 15 240 1 227
70 20 429 50 19 44 40 15 263 5 133 14 64 32 300 46 285 4 18 6 248 44 27 43 153 48 277 49 25 4 270 16 229 19 225 6 14 34 168 48 245 10 80
71 20 346 13 268 32 200 10 168 15 162 27 191 1 216 8 147 18 267 3 229 18 99 21 118 41 72 35 41 33 14 20 281 17 32 12 76 35 201 44 102 30 113
72 20 458 18 173 22 294 41 15 38 151 49 289 42 211 21 161 10 154 16 41 3 84 12 85 38 3 49 181 40 286 39 128 15 84 36 201 43 250 33 266 8 114
73 20 460 48 201 30 44 15 49 26 272 15 192 4 41 23 12 39 283 44 195 39 290 43 151 23 146 28 179 19 6 27 232 49 32 49 283 30 202 4 198 20 73
74 20 382 11 245 49 141 10 73 20 10 14 45 4 12 15 63 6 164 36 48 30 290 44 193 26 73 1 122 25 40 49 227 35 257 12 71 40 243 40 63 11 102
75 20 336 1 162 11 89 23 263 26 280 5 267 19 186 47 126 7 283 36 271 2 179 10 213 32 274 9 115 21 44 39 237 8 41 42 89 31 240 27 161 25 39
76 20 435 7 171 25 272 17 213 20 55 4 105 29 272 31 37 35 56 31 86 8 284 33 210 50 203 32 243 31 174 38 144 45 29 19 208 37 279 23 243 29 178
77 20 536 21 24 32 134 18 171 45 191 39 123 40 184 41 170 35 38 46 63 26 245 46 123 40 40 46 164 36 74 26 170 22 5 26 104 36 286 27 7 23 268
78 20 272 6 221 17 235 49 145 14 165 18 213 27 90 15 50 3 280 20 282 26 243 39 291 1 167 34 50 6 209 8 228 22 236 12 13 8 115 11 133 4 194
79 20 371 45 218 1 120 21 245 28 164 16 265 21 30 13 140 29 144 31 234 7 138 20 70 16 138 31 196 20 70 35 129 6 59 31 128 28 82 23 168 42 46
80 20 389 18 287 1 187 48 136 4 25 44 78 30 20 46 121 34 171 41 139 7 237 15 91 21 29 7 286 2 25 33 58 26 208 46 260 39 217 17 95 8 34
81 20 415 2 138 35 262 37 65 18 147 21 194 12 84 34 206 24 191 35 214 38 52 17 128 33 76 25 115 18 287 13 84 48 86 24 96 40 192 4 119 41 143
82 20 442 35 75 1 180 38 37 40 152 16 185 12 285 37 160 19 36 34 183 10 294 49 260 3 252 29 272 50 209 15 232 40 240 46 94 8 141 34 39 37 191
83 20 328 8 239 38 219 6 53 40 26 50 25 6 79 3 92 18 249 14 18 33 201 31 287 39 3 25 54 12 296 40 124 12 138 19 34 12 105 1 38 3 225
84 20 430 13 11 4 236 31 282 29 85 50 15 20 260 16 174 22 200 25 128 30 72 39 289 36 93 3 37 15 239 41 279 35 183 34 247 38 47 41 234 16 66
85 20 417 26 165 9 62 26 14 33 207 13 165 14 75 2 172 11 49 39 95 38 120 48 299 22 293 35 27 46 230 17 116 43 275 43 219 10 15 33 287 14 96
86 20 466 10 3 39 103 4 61 29 219 42 135 29 93 26 106 38 228 10 187 19 184 17 53 39 122 46 271 35 292 15 246 38 218 23 214 50 28 47 71 27 241
87 20 472 11 252 34 99 46 235 32 274 6 44 34 33 24 243 15 290 40 18 36 262 27 245 30 264 49 209 48 191 6 137 34 65 43 23 8 268 17 26 50 276
88 20 452 47 130 36 180 5 198 32 193 27 152 6 153 44 216 25 262 22 32 29 260 26 260 48 177 15 113 27 245 27 53 39 167 29 220 41 137 37 47 3 230
89 20 348 13 153 1 205 39 51 34 15 2 250 46 286 13 14 9 2 42 25 24 126 32 222 8 252 2 224 45 177 10 78 33 84 23 127 4 161 19 32 36 256
90 20 367 13 125 21 113 11 143 28 194 38 188 18 61 9 95 41 186 7 131 4 146 46 79 6 249 12 152 3 16 48 72 12 48 34 97 48 28 24 55 36 65
91 20 451 11 41 31 254 15 114 46 249 48 181 15 45 43 46 41 139 15 270 30 199 6 245 42 214 46 214 17 18 12 190 47 209 19 240 8 237 45 263 27 26
92 20 444 25 236 43 44 29 225 33 130 23 265 11 289 21 56 8 240 44 138 43 220 30 142 34 225 49 24 23 128 10 171 7 67 48 123 28 118 31 279 15 210
93 20 475 36 293 45 83 44 130 44 279 1 2 47 120 17 185 48 289 43 71 32 187 10 200 39 243 38 292 8 119 19 299 19 216 10 153 46 78 14 117 34 20
94 20 450 34 294 29 35 46 294 36 7 37 225 10 241 43 71 11 286 40 3 27 270 8 184 14 243 26 210 12 112 23 137 41 196 45 6 48 270 29 240 4 184
95 20 425 16 56 3 47 44 281 31 99 26 207 16 16 14 41 15 275 5 97 30 180 38 140 48 82 40 154 23 191 12 54 32 212 42 147 24 180 34 15 39 22
96 20 412 42 179 12 51 34 127 16 48 49 127 22 300 27 124 2 79 12 30 15 235 39 66 38 137 29 300 16 104 40 280 41 111 25 177 14 269 1 264 41 245
97 20 396 47 182 37 52 5 158 19 272 28 206 45 161 24 276 6 230 35 235 3 180 40 55 14 232 14 84 26 224 13 271 5 183 45 122 36 108 36 24 18 38
98 20 324 28 297 15 23 18 206 37 16 35 254 3 259 6 184 6 161 13 90 44 239 24 142 33 246 23 201 6 191 4 190 49 68 13 38 4 143 13 272 32 247
99 20 436 35 108 43 286 24 248 36 242 21 296 3 164 36 264 45 199 33 220 9 127 12 244 26 190 31 165 3 38 48 1 10 40 44 220 41 88 2 274 43 88
100 20 400 19 47 20 186 1 150 22 183 19 225 22 218 10 189 48 246 14 172 49 209 13 300 19 160 23 15 47 37 26 55 5 149 18 17 41 235 42 36 43 135
101 20 372 33 230 31 294 20 218 14 142 34 185 42 118 47 70 12 45 19 98 20 146 3 167 27 241 19 228 2 276 4 24 6 269 16 251 27 20 44 30 46 228
102 20 364 42 206 44 290 17 92 9 170 16 31 47 281 2 15 45 109 37 192 33 81 25 288 8 23 26 89 9 250 8 111 12 255 9 74 33 89 19 269 15 59
103 20 366 25 57 30 238 43 171 33 244 10 25 9 60 20 274 15 110 28 97 46 35 31 167 5 184 5 149 40 103 35 253 18 134 7 257 5 21 14 212 39 38
104 20 355 44 78 23 27 26 103 15 128 15 123 17 252 19 148 6 100 33 209 3 107 39 120 7 21 39 270 47 271 7 20 9 185 43 42 28 152 18 187 6 170
105 20 422 43 195 19 228 40 154 19 267 5 294 48 65 3 223 4 33 5 166 48 34 15 108 21 282 33 77 42 71 4 240 48 226 29 165 36 66 27 166 39 15
106 20 392 49 188 19 108 32 117 48 191 19 171 9 80 22 142 39 196 45 102 6 40 28 190 38 246 29 280 1 26 32 135 27 27 5 89 5 62 8 130 29 251
107 20 332 50 227 27 207 9 253 5 63 4 57 18 65 24 258 8 255 8 276 7 48 43 53 27 77 8 35 41 65 9 128 14 26 41 114 21 71 20 76 32 276
108 20 373 15 236 36 167 49 174 14 250 8 205 6 243 31 27 19 215 40 299 19 138 28 19 22 61 13 65 30 243 44 271 24 181 10 234 16 235 39 193 4 171
109 20 342 5 130 1 20 4 142 9 37 41 181 23 267 4 260 11 9 22 182 32 51 44 186 39 31 30 156 27 284 35 3 4 63 18 65 42 104 4 108 33 245
110 20 410 30 172 29 218 47 69 33 58 47 271 27 258 10 159 12 26 41 287 35 224 42 66 2 126 29 143 18 175 7 63 47 113 24 300 14 252 14 296 5 24
111 20 440 49 257 39 166 31 135 31 127 14 242 20 37 24 199 47 193 20 104 33 269 41 195 35 203 11 210 28 31 17 212 13 79 50 63 24 29 17 144 7 120
112 20 429 19 176 38 109 40 194 47 93 44 205 19 119 49 292 29 152 7 23 43 291 23 189 6 73 14 2 9 256 43 79 35 276 7 141 15 30 47 224 3 283
113 20 321 7 29 27 296 33 197 2 54 17 107 5 103 21 275 40 94 49 278 20 5 24 122 18 218 6 25 17 2 9 32 15 166 20 90 9 183 39 201 24 140
114 20 452 48 89 35 71 18 36 16 86 50 35 30 267 11 236 40 31 42 219 23 81 19 57 29 264 27 162 43 127 43 184 28 134 18 89 12 108 13 215 20 285
115 20 391 38 123 11 154 33 200 2 274 2 170 47 296 10 149 22 129 9 228 50 269 13 146 28 53 49 13 21 74 4 224 14 98 43 74 27 291 26 98 40 262
116 20 459 50 155 41 51 50 31 27 63 36 122 37 137 7 121 50 297 44 125 32 245 23 131 8 209 31 283 11 91 48 295 49 156 8 18 1 51 10 292 11 160
117 20 415 17 160 39 173 16 202 39 141 18 246 3 14 35 143 31 81 28 118 7 139 30 5 46 207 20 193 8 85 2 2 16 11 40 231 35 264 41 229 48 25
118 20 414 16 174 29 273 32 21 40 23 27 43 49 195 9 152 20 8 40 253 1 241 29 96 14 101 15 146 37 268 40 89 5 280 25 175 48 41 6 45 36 229
119 20 395 49 131 34 206 44 30 12 149 2 200 6 102 32 167 31 173 32 240 12 220 48 240 13 179 38 147 2 8 42 243 3 92 23 105 18 120 20 91 33 215
120 20 377 23 155 5 211 40 16 6 172 46 157 3 61 50 159 30 285 19 204 14 237 13 25 33 276 16 59 49 205 31 130 1 262 44 217 2 72 23 157 24 35
121 20 371 43 205 20 201 5 243 43 16 11 233 41 110 13 220 9 21 12 178 16 164 38 257 31 42 28 221 49 200 6 97 30 195 19 32 8 278 11 217 31 226
122 20 418 28 74 46 194 14 59 25 14 36 258 24 251 22 270 5 183 8 251 45 292 36 87 21 159 9 155 12 25 49 126 4 267 33 196 49 277 11 250 46 29
123 20 450 11 125 4 289 48 225 46 86 31 146 30 288 23 212 42 148 7 19 26 86 30 250 50 298 7 97 17 29 48 134 41 261 42 72 25 260 11 253 24 205
124 20 446 28 228 2 227 24 92 3 66 23 61 25 28 31 173 18 119 43 134 34 152 33 271 25 179 46 140 22 40 28 208 17 196 26 155 48 286 44 286 38 298
125 20 399 47 290 50 58 4 49 34 16 26 122 2 121 2 279 31 265 50 43 34 63 21 23 8 33 38 44 7 15 3 286 39 15 50 90 33 67 9 144 11 75
126 20 424 47 260 31 39 38 122 6 23 4 276 50 47 15 177 17 34 4 277 32 17 15 26 12 299 10 181 45 19 21 268 34 139 49 72 41 164 25 281 35 230
127 20 389 42 87 46 276 3 290 26 149 43 99 40 268 20 80 19 244 8 232 21 107 26 82 1 196 5 115 38 107 43 170 49 147 9 223 24 29 23 147 1 6
128 20 458 3 296 26 71 20 164 43 283 14 184 40 195 16 81 48 147 6 103 8 266 47 163 35 46 46 165 32 211 5 92 42 204 25 127 49 112 27 81 41 285
129 20 384 46 33 39 16 22 91 28 8 8 212 39 119 25 247 37 298 6 17 35 16 1 117 5 100 39 186 32 273 35 48 30 251 3 291 2 7 33 157 16 174
130 20 317 35 72 11 290 8 109 45 228 27 272 14 35 29 89 43 12 17 121 14 50 10 143 19 33 12 259 48 79 17 213 1 282 1 154 14 236 28 37 4 165
131 20 354 14 284 27 61 35 271 40 282 8 25 35 293 20 253 49 145 32 251 8 293 11 48 15 116 41 124 2 99 6 216 9 82 39 134 20 55 12 298 20 160
132 20 404 13 271 21 202 47 73 26 174 12 280 3 141 33 14 29 268 2 160 19 121 38 214 33 160 21 245 35 141 48 34 3 43 40 44 23 111 38 269 22 188
133 20 438 24 178 43 230 14 119 36 46 39 232 26 82 33 51 40 187 26 98 37 253 41 290 34 9 10 24 27 167 30 60 11 111 8 262 35 33 9 284 25 247
134 20 391 35 37 32 214 9 31 15 271 21 21 31 33 27 223 38 265 20 178 14 53 39 256 39 298 7 233 31 10 17 155 28 157 3 48 49 54 17 71 17 100
135 20 438 48 34 19 7 5 43 26 115 15 219 8 43 36 136 46 21 25 32 32 147 8 111 30 230 35 33 49 109 33 158 4 277 29 73 42 119 42 160 16 39
136 20 417 50 196 27 91 19 150 23 258 12 177 26 274 32 61 2 13 39 187 33 26 38 141 1 34 38 247 50 148 50 225 1 160 44 42 8 108 9 54 20 39
137 20 442 29 249 47 179 46 147 34 75 50 291 29 244 12 173 25 227 8 159 30 217 40 102 7 196 46 130 42 265 48 241 14 148 4 91 10 62 29 251 3 158
138 20 399 45 112 45 191 44 43 10 220 9 236 4 154 14 254 4 5 3 56 34 227 19 112 20 148 25 185 26 115 27 81 49 88 12 119 49 111 13 248 47 149
139 20 362 7 139 48 98 21 59 37 265 26 137 18 65 31 216 8 56 17 132 35 47 23 118 15 268 26 229 22 94 12 275 4 6 13 287 39 77 22 291 29 13
140 20 372 15 49 42 194 30 150 31 166 34 129 13 299 13 232 24 104 41 60 12 71 35 23 7 117 10 111 26 44 2 191 9 233 29 88 21 103 25 147 46 32
141 20 409 43 71 12 165 12 40 30 168 6 62 17 136 22 199 7 22 50 264 24 110 30 99 36 74 17 222 13 189 18 223 44 63 36 288 40 239 34 50 21 163
142 20 471 37 24 36 149 18 138 40 15 50 36 23 39 5 192 42 83 27 288 36 293 3 218 48 5 32 235 35 292 29 28 33 276 19 168 10 250 31 234 35 51
143 20 468 6 107 10 18 36 241 43 180 49 248 16 232 33 261 43 86 25 231 16 183 22 122 48 216 41 8 13 141 32 89 28 94 16 146 12 242 47 254 50 98
144 20 432 27 15 37 37 33 169 42 167 2 93 12 62 47 20 30 6 2 173 50 96 21 139 42 51 24 278 49 173 20 56 18 20 34 84 23 28 22 266 6 188
145 20 454 18 5 38 278 16 49 31 79 32 149 46 152 48 82 29 284 28 293 21 248 9 255 7 105 42 68 23 118 23 152 44 214 27 161 48 147 16 89 22 30
146 20 390 5 61 29 80 17 210 14 49 30 113 41 281 28 2 2 179 2 178 35 297 6 220 33 88 50 171 25 142 8 213 49 97 37 46 14 17 34 174 29 180
147 20 339 2 42 3 161 45 165 19 114 36 162 5 246 33 54 40 106 48 36 19 27 9 206 4 52 47 215 10 279 9 184 8 64 24 135 16 300 38 160 9 21
148 20 348 47 245 15 15 5 173 29 71 22 16 17 241 50 79 19 12 7 205 25 11 30 102 30 1 12 230 24 36 50 21 4 80 6 178 11 222 8 261 25 89
149 20 424 48 234 44 236 21 137 31 147 21 288 40 35 8 206 21 9 29 173 20 21 33 190 35 155 15 195 48 107 31 90 25 233 25 75 5 257 20 14 11 258
150 20 359 8 186 20 244 3 217 34 47 5 12 40 29 9 77 48 81 24 108 10 283 49 92 9 232 42 80 36 64 5 242 45 252 29 220 5 246 6 68 22 121
151 20 452 45 285 17 116 45 21 11 227 24 150 8 81 32 68 23 136 17 269 33 12 39 171 22 285 2 197 44 17 27 156 23 72 41 13 39 274 46 63 28 238
152 20 464 46 156 12 226 5 125 47 209 45 195 21 24 4 228 49 17 43 151 44 139 45 171 28 184 43 152 32 52 18 168 22 174 10 49 1 121 22 198 44 65
153 20 360 20 145 42 296 10 155 25 242 19 63 23 157 6 149 15 23 35 201 9 81 32 42 46 147 7 174 35 276 18 72 34 81 22 227 29 13 23 55 1 206
154 20 396 8 61 25 172 6 190 26 218 39 97 42 289 34 56 38 295 7 11 32 280 28 132 9 214 50 74 42 243 5 190 12 70 49 137 13 189 21 199 9 53
155 20 409 11 10 23 267 37 163 18 82 24 252 2 116 8 97 41 180 14 40 33 36 1 134 39 264 28 84 50 5 28 11 9 87 26 113 44 19 45 172 31 275
156 20 432 31 111 19 25 4 213 10 133 34 26 44 75 40 149 36 134 48 73 38 154 26 279 1 105 23 207 39 204 2 256 30 167 50 113 18 51 44 12 3 18
157 20 429 1 268 25 54 33 4 45 64 8 155 26 59 31 66 28 47 22 21 29 72 18 291 49 209 40 103 49 91 35 250 8 5 18 156 19 191 12 51 41 251
158 20 395 34 15 43 3 2 282 15 54 48 132 25 29 17 36 38 138 28 60 18 13 24 31 14 23 12 293 15 147 7 94 31 293 44 130 29 294 2 222 48 85
159 20 366 12 9 9 179 14 269 4 234 14 123 10 183 41 84 49 53 21 4 43 167 25 147 31 270 19 265 18 263 24 158 7 21 38 96 34 247 41 158 4 298
160 20 381 14 299 2 271 31 260 10 77 27 53 44 284 26 195 24 235 23 205 29 260 8 110 16 139 12 292 13 148 1 225 40 107 45 42 39 98 34 75 39 112
161 20 436 8 255 7 47 27 264 42 191 8 80 45 114 18 291 36 153 24 170 18 145 27 125 37 271 38 11 49 211 16 43 14 34 19 277 36 213 45 161 31 124
162 20 463 2 123 24 247 40 169 26 93 34 269 43 144 12 168 45 61 21 179 20 291 36 230 44 155 5 253 40 31 13 250 46 207 40 100 38 26 3 141 47 289
163 20 383 30 234 11 280 12 267 18 219 29 299 19 59 43 58 7 245 35 242 43 41 1 83 24 151 32 265 11 157 29 41 22 81 2 299 25 214 47 280 39 120
164 20 372 4 29 22 31 12 15 13 210 35 184 15 191 36 36 29 212 29 7 6 93 49 104 43 240 5 140 2 141 38 237 14 107 36 300 41 44 10 63 27 67
165 20 320 20 245 14 1 4 246 48 191 34 97 46 237 17 2 12 82 16 258 3 114 12 122 40 221 11 172 40 283 8 5 24 104 10 60 3 80 2 198 36 277
166 20 440 7 70 39 7 49 294 33 41 23 89 23 244 35 18 26 214 41 84 1 124 27 30 43 201 22 227 12 261 20 299 44 141 5 196 47 123 22 278 31 192
167 20 448 26 68 20 180 34 51 36 135 1 36 24 134 44 216 3 43 22 64 19 171 35 219 6 91 39 282 50 149 50 185 35 92 24 21 45 201 5 184 42 217
168 20 449 47 81 12 287 32 4 50 135 36 77 6 279 27 218 49 23 42 144 20 213 32 54 43 276 1 260 41 146 26 262 5 116 3 35 36 61 50 288 4 140
169 20 356 40 202 46 80 4 201 16 49 20 233 32 74 4 232 42 161 9 138 9 7 14 242 32 176 17 81 16 287 10 214 50 246 8 74 14 190 19 30 43 283
170 20 424 44 207 18 233 8 288 42 178 46 271 18 108 12 199 3 268 49 146 21 185 37 134 16 211 39 42 7 171 3 134 32 189 45 156 40 153 16 167 35 75
171 20 351 40 96 4 254 44 65 26 232 28 270 10 254 27 72 45 200 28 177 25 255 7 228 9 170 2 136 26 45 9 281 12 155 27 257 17 266 3 119 50 202
172 20 342 7 32 1 176 2 199 20 265 1 33 49 94 12 57 46 224 15 164 17 105 20 202 13 124 37 246 3 110 41 47 45 78 9 198 41 127 9 30 40 60
173 20 454 12 83 13 256 47 169 40 239 31 21 13 189 2 68 40 114 11 274 32 35 17 112 46 125 29 51 23 1 43 25 23 230 36 59 31 11 46 211 33 90
174 20 492 45 267 31 52 49 257 31 168 30 170 32 158 34 21 35 167 18 98 50 9 17 120 28 181 36 276 48 62 43 60 16 73 22 280 42 5 4 123 4 191
175 20 278 19 62 37 64 29 168 8 56 9 215 15 75 13 52 29 59 8 23 2 279 40 162 7 284 7 265 22 229 10 62 35 186 38 40 6 284 10 36 4 30
176 20 337 8 252 46 164 17 232 16 235 47 172 33 194 31 255 27 213 31 170 10 91 2 58 10 161 21 275 45 284 22 170 4 46 6 168 17 299 8 99 21 296
177 20 418 38 46 27 166 42 198 37 84 27 296 33 69 42 198 11 288 1 297 32 38 1 182 45 268 11 4 45 218 18 85 40 198 9 21 10 278 48 204 6 85
178 20 368 31 73 11 208 20 234 50 282 18 124 19 180 5 155 22 226 44 211 38 223 36 103 18 1 49 6 13 123 21 98 6 230 21 259 11 136 10 27 18 119
179 20 337 17 82 7 162 23 282 24 293 17 110 40 258 50 13 40 26 30 256 12 2 9 3 15 120 11 112 7 208 29 241 22 247 25 77 8 23 4 253 32 300
180 20 411 14 144 46 202 25 28 4 7 19 224 25 164 8 282 35 156 7 19 6 73 19 192 45 114 42 26 42 5 9 94 32 27 28 284 16 158 50 237 42 43
181 20 423 7 61 39 151 30 38 25 26 45 45 10 191 25 188 38 270 23 205 45 104 13 185 11 263 32 182 41 92 2 105 39 172 43 201 10 13 40 142 11 42
182 20 385 32 3 5 226 7 76 14 269 31 133 50 230 48 124 2 97 35 54 19 117 48 154 26 268 11 182 10 132 36 209 7 274 27 14 37 18 14 233 23 188
183 20 317 27 233 17 277 15 20 26 244 4 106 4 117 16 141 4 47 21 186 44 167 24 228 19 221 27 294 8 49 24 148 19 54 21 109 22 140 22 56 33 13
184 20 407 8 45 11 83 34 258 49 173 11 175 19 30 45 194 26 293 7 183 34 13 29 160 30 292 49 225 4 78 33 137 41 75 50 150 5 23 7 21 17 87
185 20 403 12 134 47 259 19 256 24 21 6 28 13 162 21 126 34 31 35 205 20 91 22 229 40 152 14 268 49 88 38 118 4 124 48 181 4 30 46 15 8 70
186 20 258 2 99 2 144 2 243 9 159 10 296 3 151 42 285 27 137 39 16 25 271 7 247 19 281 1 267 40 293 14 218 14 276 1 210 13 110 49 295 4 190
187 20 364 22 271 27 79 7 4 23 230 23 294 41 65 38 63 28 83 28 257 4 84 47 214 42 126 18 233 8 256 36 63 19 95 11 110 19 180 11 231 4 178
188 20 401 13 151 44 218 45 246 19 138 41 82 27 161 28 241 6 257 4 84 19 133 46 26 36 211 33 150 32 65 21 65 39 276 11 248 10 38 12 201 16 272
189 20 435 31 4 40 95 36 53 4 51 44 135 40 171 39 79 28 148 17 137 21 276 34 23 44 210 15 254 1 102 34 27 25 77 13 141 1 246 47 37 30 53
190 20 387 42 180 36 300 8 187 33 36 8 105 13 56 16 232 26 40 4 103 33 43 20 177 28 251 40 44 3 161 22 135 45 278 16 23 33 157 47 131 11 240
191 20 391 34 298 31 179 28 44 27 251 26 234 49 132 2 184 9 129 28 180 18 66 13 149 30 250 29 57 25 219 5 254 37 81 7 42 33 61 47 29 11 91
192 20 324 4 200 15 237 2 11 20 96 26 223 9 228 36 176 1 185 4 124 3 282 23 191 39 115 13 131 43 154 38 94 21 69 21 244 27 135 42 245 19 234
193 20 488 22 66 42 195 36 70 15 145 37 159 14 232 48 115 7 134 24 233 49 62 42 227 42 148 32 149 19 253 44 177 19 276 28 19 30 221 25 171 36 23
194 20 382 26 250 43 29 44 108 8 193 2 288 25 183 38 35 10 114 2 218 3 37 47 238 32 288 14 84 35 62 45 67 19 177 31 166 24 55 17 43 13 5
195 20 399 17 61 2 91 46 41 19 181 9 33 50 157 22 296 12 137 20 125 11 248 21 173 4 22 14 125 14 76 30 236 27 21 46 114 46 75 43 76 46 272
196 20 416 37 264 49 127 4 186 27 175 16 175 45 194 4 141 40 53 22 43 24 184 49 138 7 15 39 50 23 161 43 41 12 1 11 86 19 119 15 215 34 110
197 20 412 35 36 50 91 12 119 29 110 42 258 12 193 19 51 31 142 24 62 15 290 8 109 50 49 47 265 26 247 24 211 18 224 26 137 41 184 6 78 1 147
198 20 416 26 184 35 243 41 72 30 206 22 188 6 93 25 251 5 104 39 48 28 280 22 266 41 20 20 170 9 92 41 260 4 229 26 223 41 220 35 95 24 11
199 20 470 33 22 37 8 49 220 29 279 7 126 36 186 39 211 41 141 2 229 2 128 42 106 31 85 5 136 33 237 50 75 38 112 23 242 26 120 35 171 30 277
200 20 380 32 19 6 60 34 163 32 84 36 202 6 69 25 128 24 106 16 67 19 64 44 283 47 270 11 148 24 143 9 268 2 222 28 196 11 228 42 134 28 88
201 20 404 26 91 6 165 48 146 22 102 23 44 17 34 40 18 22 234 6 186 10 121 9 128 41 137 48 240 25 190 36 46 36 275 29 150 18 125 34 17 10 148
202 20 518 16 153 48 232 50 53 46 107 4 129 11 145 49 238 47 283 32 92 17 266 18 68 24 214 42 136 50 229 47 296 29 256 20 16 48 66 15 160 35 243
203 20 392 13 190 28 137 8 107 29 211 36 198 14 231 47 208 42 150 30 33 8 129 16 248 1 78 33 64 34 247 45 165 35 167 8 79 22 212 13 203 29 147
204 20 347 31 168 20 140 7 221 16 218 4 124 47 289 4 185 41 181 17 120 45 171 46 138 13 97 23 257 17 71 12 257 9 252 4 241 17 91 28 105 33 140
205 20 468 41 288 27 285 2 295 5 1 42 134 3 291 33 155 41 133 20 114 45 239 4 153 26 12 49 108 3 72 39 65 40 162 44 87 46 199 45 246 30 291
206 20 385 42 179 30 164 13 177 38 22 8 106 14 290 38 56 6 159 18 185 32 147 35 282 28 14 14 266 45 16 35 271 2 35 40 276 29 244 6 52 9 58
207 20 494 37 204 31 41 50 109 37 270 45 250 30 98 5 225 33 121 42 76 46 24 34 259 7 256 34 168 2 33 41 38 46 219 6 225 40 46 14 280 38 15
208 20 304 3 205 22 183 25 167 2 194 49 85 22 165 15 134 32 19 2 294 40 64 34 289 2 121 36 56 5 249 26 81 10 184 3 54 12 240 19 135 22 78
209 20 470 41 36 39 59 35 268 45 138 28 166 5 279 34 10 2 174 46 216 40 42 49 59 35 150 19 39 22 279 49 208 23 184 20 72 22 282 25 32 9 84
210 20 349 18 103 28 192 30 9 21 5 41 162 1 52 18 243 1 256 22 262 33 73 48 150 35 248 6 203 33 226 13 177 23 36 1 2 14 262 15 2 36 199
211 20 436 43 288 47 237 2 13 43 207 3 169 12 15 23 6 47 188 48 192 28 74 40 271 42 81 11 215 38 296 22 298 6 206 29 128 45 62 4 3 13 84
212 20 368 16 178 15 294 18 167 9 255 13 276 5 298 50 200 4 196 45 182 28 58 50 183 37 24 48 60 20 253 42 206 1 73 24 13 21 37 8 1 6 99
213 20 402 34 261 6 54 13 113 4 267 43 188 17 103 6 130 45 91 35 116 48 146 26 152 33 292 34 93 18 280 18 214 49 21 13 295 5 199 35 277 21 52
214 20 408 17 278 24 183 29 274 32 100 27 73 45 222 11 271 5 121 30 203 31 84 41 96 17 9 34 86 33 156 12 104 30 119 16 132 14 234 42 74 20 138
215 20 268 7 290 17 199 18 70 26 48 19 53 2 273 26 65 10 29 2 4 35 244 6 177 21 27 9 288 11 230 11 185 20 143 49 273 20 96 8 234 18 143
216 20 316 5 189 21 232 32 132 8 264 2 65 19 129 6 111 48 109 38 299 29 56 16 80 4 135 4 33 45 57 42 94 1 255 28 233 29 64 9 224 10 250
217 20 348 46 124 17 151 38 133 38 207 28 263 29 235 19 96 46 137 11 257 14 76 1 214 1 185 25 266 1 31 6 176 31 1 21 170 14 225 47 275 2 143
218 20 464 13 87 15 190 1 236 6 139 33 184 27 185 41 231 35 76 41 35 49 53 46 129 20 215 27 145 31 157 32 131 41 36 27 125 28 66 42 180 26 249
219 20 378 14 225 3 138 25 106 4 131 41 13 34 273 8 84 41 139 26 9 35 156 36 51 30 69 22 99 33 28 11 246 7 157 44 52 26 20 11 219 22 44
220 20 411 15 246 9 100 21 280 23 162 31 146 40 178 31 288 12 222 37 155 19 218 50 286 19 231 33 92 14 176 26 120 38 132 36 205 1 204 26 19 33 295
221 20 329 3 41 25 275 18 136 50 78 22 194 7 238 28 98 17 205 8 4 21 298 3 245 29 21 50 74 2 105 12 274 10 232 48 272 16 271 35 154 8 57
222 20 416 26 219 1 188 38 275 33 97 50 165 36 79 42 272 26 16 34 54 15 59 23 202 32 152 26 64 24 130 2 230 4 184 48 229 19 193 1 119 41 296
223 20 370 17 232 35 212 15 143 23 275 21 287 7 217 38 245 11 224 25 222 21 172 41 249 6 152 1 228 1 230 50 260 26 95 49 84 13 283 42 203 21 182
224 20 512 47 265 49 135 36 30 41 72 17 223 44 217 34 250 23 205 42 173 18 61 43 229 44 151 15 46 26 174 38 110 20 173 11 22 28 17 31 295 34 9
225 20 319 4 205 33 127 29 293 34 238 1 104 9 250 22 125 3 253 38 188 22 186 4 160 8 34 9 37 30 154 31 94 14 257 35 197 11 26 30 242 32 253
226 20 404 30 273 18 82 43 3 10 108 18 50 15 10 50 216 25 148 5 45 3 239 1 128 29 123 39 14 2 157 33 74 42 66 27 172 50 299 27 65 38 68
227 20 405 21 188 49 45 27 261 12 42 27 198 31 63 41 177 30 235 41 27 50 206 10 182 11 246 20 194 18 108 26 55 25 114 8 58 31 178 24 169 5 46
228 20 293 12 148 11 34 4 97 2 265 9 263 44 270 9 160 4 249 40 263 18 115 25 40 1 96 38 165 4 299 42 63 6 69 30 84 22 271 25 78 21 164
229 20 476 17 78 2 114 11 110 45 292 45 140 44 157 42 23 20 110 24 182 33 51 21 82 48 190 18 171 17 239 50 135 31 147 50 56 8 109 26 236 44 223
230 20 412 37 95 38 4 42 284 20 111 15 163 6 130 7 148 10 238 23 241 40 161 13 141 48 166 50 42 46 226 28 264 5 96 12 256 25 96 25 209 26 161
231 20 398 27 188 4 229 3 188 34 8 36 192 33 59 17 140 44 115 9 273 32 119 21 98 15 110 46 187 29 169 44 162 8 193 12 212 14 270 23 156 47 63
232 20 384 13 78 18 239 14 260 13 167 39 298 20 241 49 260 46 239 46 7 6 4 10 227 35 277 20 212 38 44 3 68 35 1 31 81 18 207 5 299 21 225
233 20 384 2 158 1 124 6 18 10 76 24 155 22 124 19 32 16 298 41 30 45 28 37 229 12 183 12 11 20 278 48 181 43 60 25 199 38 289 20 237 39 7
234 20 398 32 110 29 247 38 114 10 246 30 152 7 3 39 257 10 113 12 251 49 245 7 174 25 183 36 165 27 72 34 214 33 126 7 60 31 163 34 126 8 107
235 20 410 43 61 22 68 29 151 20 156 48 92 25 245 32 14 13 85 37 193 5 265 13 160 20 200 44 212 32 293 36 127 15 131 15 169 2 206 13 70 49 277
236 20 449 26 189 42 158 5 217 48 179 29 235 5 154 45 240 3 23 4 208 39 8 46 72 42 121 36 16 28 25 1 159 41 83 8 255 47 185 22 76 45 186
237 20 411 37 4 47 194 39 58 27 36 31 129 45 178 40 190 34 13 4 19 8 102 41 105 16 4 25 185 12 297 23 262 4 294 24 62 14 192 15 272 28 8
238 20 445 36 235 3 249 34 178 47 213 26 49 40 68 19 63 47 12 37 196 33 133 16 131 12 146 14 241 25 14 28 157 7 8 19 234 39 35 34 298 41 58
239 20 416 26 178 34 115 40 226 20 92 13 110 42 137 24 176 2 91 1 156 7 171 42 2 41 252 1 282 47 111 25 228 43 118 17 145 48 268 30 20 17 39
240 20 399 33 153 1 241 20 257 42 89 40 66 15 109 16 151 40 29 30 296 24 128 17 233 1 45 45 64 32 124 15 21 6 193 6 225 32 245 50 295 34 135
241 20 519 31 51 24 72 29 270 36 65 5 102 10 39 46 299 31 113 37 216 33 67 44 11 30 124 25 99 46 78 29 88 43 65 48 60 34 216 29 53 39 230
242 20 367 44 14 16 118 9 97 4 74 27 206 1 73 38 89 8 159 47 84 12 57 8 168 27 199 20 203 33 234 34 175 20 143 23 235 38 226 36 19 14 234
243 20 357 44 5 15 89 48 117 3 22 22 232 29 94 2 148 24 210 15 47 37 87 50 197 19 1 10 260 29 227 31 13 1 66 28 133 1 201 32 184 7 221
244 20 333 31 274 4 299 17 225 21 160 2 57 9 273 41 113 26 235 4 141 49 101 29 183 1 51 4 209 7 15 15 70 44 103 15 86 27 196 21 160 50 58
245 20 400 37 100 37 288 7 295 1 143 18 96 45 177 35 72 27 237 34 281 11 124 43 8 29 207 26 156 10 293 1 149 42 83 17 109 40 208 36 145 4 153
246 20 412 22 237 32 197 26 170 39 243 29 285 13 243 2 92 50 66 24 293 42 22 36 97 12 231 43 23 23 59 1 131 21 88 2 92 41 91 39 287 18 255
247 20 475 1 119 48 294 32 86 32 1 26 107 44 157 39 183 17 219 45 85 50 149 42 299 3 8 29 166 43 272 10 6 26 117 33 244 28 249 20 167 26 113
248 20 486 31 134 22 138 39 223 36 193 39 190 47 204 48 31 39 3 21 106 28 84 16 91 20 37 11 176 39 197 36 161 28 293 12 187 38 103 22 283 36 175
249 20 305 8 284 29 154 7 255 18 221 16 290 3 169 15 151 36 278 14 108 1 130 42 24 40 294 17 101 9 30 14 13 21 100 1 137 19 256 24 261 48 196
250 20 363 18 55 11 283 11 217 10 137 37 171 30 200 48 198 3 286 9 174 6 162 6 290 44 142 18 143 11 143 21 113 37 264 37 78 42 140 39 6 16 103
251 20 360 43 269 4 169 16 290 50 102 13 82 30 69 14 242 13 177 49 28 13 261 7 25 24 194 42 211 6 242 11 274 23 131 3 289 37 197 44 87 8 73
252 20 450 20 261 3 200 36 58 49 81 49 196 38 71 18 133 47 27 16 116 36 292 6 247 35 4 3 98 42 123 10 84 33 250 46 37 19 200 10 245 47 278
253 20 395 24 256 8 172 11 83 22 218 30 156 21 183 35 128 4 277 39 12 34 203 17 102 46 43 34 197 11 97 29 48 16 153 4 268 26 244 39 139 44 252
254 20 445 36 9 24 131 36 28 35 158 39 261 5 259 39 202 4 42 45 271 26 166 28 277 10 198 30 120 17 104 33 32 30 253 29 243 41 230 49 21 1 246
255 20 398 39 143 12 271 17 38 31 44 1 55 42 251 9 232 38 266 4 131 37 104 18 229 49 296 35 163 7 137 37 130 17 91 34 223 44 232 26 236 1 96
256 20 510 28 270 30 245 49 97 16 188 39 134 41 67 33 115 21 51 26 125 29 154 28 125 45 16 2 211 49 194 43 105 50 93 27 19 17 254 34 129 31 74
257 20 435 9 229 37 27 50 130 37 264 32 110 47 86 19 89 21 106 23 291 21 31 41 20 29 62 33 83 2 146 50 64 1 182 7 296 18 132 46 74 21 121
258 20 324 19 102 12 78 44 107 23 239 8 30 7 199 33 134 26 53 5 44 13 225 34 137 24 184 24 175 1 25 33 203 18 163 19 34 2 29 26 139 35 104
259 20 318 18 146 3 286 9 67 5 288 14 166 45 137 2 57 1 136 42 122 42 40 44 154 13 203 14 108 11 25 2 212 45 225 23 230 36 72 27 131 2 224
260 20 462 49 141 31 85 8 206 17 69 11 162 11 164 50 275 40 82 34 234 38 157 48 208 38 203 6 118 34 80 40 185 17 178 25 236 7 154 45 127 29 229
261 20 383 15 188 47 208 25 228 26 49 3 60 30 294 31 98 26 186 42 196 10 158 6 31 37 243 19 118 33 110 33 132 24 267 17 188 13 149 2 39 40 73
262 20 420 34 14 46 33 2 53 39 253 17 9 7 154 39 271 4 8 10 234 27 59 43 221 28 76 41 195 10 7 15 185 4 88 49 274 49 28 12 260 49 78
263 20 422 34 275 38 58 37 159 20 119 15 40 30 290 40 74 35 141 5 294 49 78 37 118 8 148 44 104 6 148 34 39 33 87 15 270 35 177 10 289 3 246
264 20 357 26 142 18 33 33 38 12 233 29 172 16 124 4 75 4 184 36 53 47 154 19 34 42 58 7 113 7 298 16 120 18 150 47 59 14 149 45 16 7 51
265 20 445 25 210 21 230 46 253 38 63 43 250 12 26 49 198 21 249 5 18 28 168 37 260 40 208 34 275 42 72 29 30 18 261 30 158 11 172 25 201 3 248
266 20 420 2 200 12 253 14 36 6 214 22 203 28 280 45 232 49 190 23 11 29 24 18 268 40 79 4 72 41 215 30 200 35 246 31 203 8 61 41 280 47 279
267 20 326 16 62 30 111 39 165 24 295 11 72 27 236 22 262 21 294 3 64 37 105 34 49 15 162 7 260 16 100 45 164 9 54 7 281 21 200 22 170 2 25
268 20 536 14 66 31 108 25 107 44 299 39 192 29 228 50 194 29 78 32 84 35 240 41 273 32 139 31 97 29 145 3 241 39 109 34 199 48 268 39 245 47 201
269 20 372 1 50 36 42 3 31 3 175 29 107 42 103 25 164 4 186 23 124 21 232 37 268 34 252 36 26 17 103 32 218 27 7 12 222 29 72 12 119 43 105
270 20 477 37 108 4 160 15 252 45 190 11 93 44 220 36 213 46 65 18 94 44 230 28 263 20 184 6 57 28 76 41 65 38 94 49 281 17 171 28 12 42 268
271 20 431 10 207 24 238 35 177 4 207 47 224 41 183 25 197 30 64 3 167 28 189 27 81 49 219 40 200 44 53 16 296 11 172 19 193 19 216 40 292 27 73
272 20 454 35 108 18 32 4 197 23 75 14 241 18 296 10 266 43 246 34 221 44 234 48 256 30 241 16 118 9 203 42 74 40 1 26 72 21 39 45 250 48 81
273 20 476 47 139 30 2 10 143 49 284 40 82 27 258 15 16 39 21 5 295 16 232 33 34 22 158 43 264 45 20 31 260 37 68 24 134 41 75 2 217 39 168
274 20 447 40 81 40 216 26 196 35 175 21 32 26 197 18 164 34 262 33 154 35 247 43 8 2 81 29 109 29 296 32 260 21 207 9 103 42 113 13 115 31 4
275 20 387 36 161 50 155 8 158 7 178 8 275 25 264 27 152 28 298 3 199 38 163 16 118 48 192 47 64 24 201 22 250 35 150 8 65 17 31 25 299 12 212
276 20 389 2 294 16 46 4 39 29 226 4 217 35 37 24 79 33 134 10 281 46 119 11 213 6 78 32 164 23 230 13 202 40 191 34 187 39 174 37 172 49 273
277 20 440 25 21 24 223 25 124 46 277 43 208 36 18 45 251 21 195 49 276 31 41 25 288 6 254 19 200 8 94 22 81 26 77 33 255 41 51 23 229 2 49
278 20 318 38 69 22 101 5 252 42 102 23 267 8 72 34 139 6 261 36 254 44 38 6 124 3 64 4 126 46 54 33 178 8 162 8 163 9 251 19 211 4 15
279 20 375 10 135 22 190 17 249 11 97 7 138 24 252 8 227 21 169 45 76 29 114 13 242 6 237 24 80 10 49 50 207 49 238 32 145 45 232 23 287 23 201
280 20 341 16 136 17 286 39 56 35 29 15 239 10 55 2 38 5 149 25 289 49 30 6 272 15 22 46 254 34 246 7 288 13 137 17 247 47 69 28 245 1 32
281 20 396 8 60 8 171 33 44 17 64 27 265 37 239 48 133 27 78 45 292 27 75 6 94 20 91 10 248 49 99 9 81 34 276 43 237 18 9 2 39 27 229
282 20 413 31 228 41 31 12 147 27 134 19 70 20 268 46 159 5 104 32 292 7 206 37 50 42 2 41 54 49 231 26 129 12 48 18 2 22 236 28 109 2 145
283 20 440 4 107 5 102 40 110 29 172 15 3 12 181 49 175 50 165 47 169 50 229 12 145 47 246 37 271 8 104 11 43 49 114 13 114 37 169 34 37 1 147
284 20 386 50 117 6 114 28 285 33 155 44 158 1 6 16 29 2 26 38 201 47 247 3 249 38 191 9 141 13 298 27 219 6 54 9 227 16 254 49 33 48 215
285 20 338 40 181 14 201 38 239 10 45 32 273 21 238 8 3 35 196 27 197 21 272 8 112 30 255 2 214 8 229 30 63 34 277 19 6 32 20 11 268 3 180
286 20 235 4 25 3 219 26 98 6 99 15 219 2 8 10 91 5 7 2 215 5 271 4 269 35 224 2 278 13 31 22 288 20 151 30 190 47 249 26 244 17 174
287 20 369 38 278 17 124 48 293 22 148 35 75 24 135 6 300 21 157 1 269 11 262 44 184 49 86 15 178 28 235 19 254 13 111 9 229 2 145 22 209 38 283
288 20 392 7 53 29 89 12 130 27 11 26 203 34 261 33 110 42 153 41 187 50 284 42 222 5 247 48 146 7 123 7 138 34 18 23 114 13 171 2 47 8 56
289 20 350 2 217 26 194 30 46 26 93 9 174 30 1 41 212 31 172 10 86 40 68 1 14 14 68 6 300 48 30 22 79 13 278 42 219 15 9 8 199 24 128
290 20 464 11 195 39 141 4 274 39 178 21 292 15 141 41 247 24 257 17 194 30 261 20 171 43 244 45 35 15 175 44 48 33 29 37 145 18 152 49 94 35 284
291 20 391 16 36 19 140 32 133 26 226 40 184 14 85 19 265 21 6 3 281 19 7 10 97 11 16 35 85 40 146 5 115 46 259 36 225 26 63 22 23 49 117
292 20 324 36 66 33 51 10 222 21 165 11 92 8 143 10 207 12 69 42 208 46 250 9 178 39 260 4 135 2 75 28 1 27 61 2 144 21 190 14 68 31 145
293 20 440 39 108 7 298 35 150 29 281 24 107 5 138 42 266 21 81 23 58 41 50 18 222 49 145 46 167 10 166 31 238 38 197 34 94 21 97 32 149 6 290
294 20 367 31 43 7 48 7 105 47 27 10 290 14 2 3 243 3 294 16 111 1 42 45 90 36 130 33 164 38 296 23 244 26 248 24 293 42 236 23 127 30 8
295 20 425 13 172 25 263 21 228 9 52 14 200 43 46 21 233 15 220 44 254 24 152 39 151 50 100 13 78 18 237 34 218 46 165 24 56 23 115 23 40 33 283
296 20 500 43 255 14 23 37 227 31 28 26 261 45 128 4 218 46 175 47 288 36 72 4 99 6 236 42 77 46 135 43 102 10 237 30 252 39 109 30 130 47 271
297 20 381 39 117 13 56 24 279 2 33 30 39 10 253 29 123 19 280 49 175 11 135 14 71 49 61 27 162 28 239 41 15 34 286 4 193 17 129 26 244 11 191
298 20 317 40 84 1 215 13 298 4 207 37 287 9 230 19 170 19 249 40 283 39 291 24 131 8 182 2 296 2 24 34 12 8 6 27 221 19 11 20 113 32 239
299 20 436 24 227 41 102 35 222 29 52 21 259 22 147 5 53 16 21 19 177 43 28 31 193 44 8 45 263 22 11 20 206 31 30 38 300 36 295 14 277 9 1
300 20 339 16 237 8 82 20 38 10 35 8 40 13 190 16 118 26 101 18 149 39 273 5 91 43 277 8 230 30 177 4 46 25 265 27 178 41 268 48 213 19 94
