1 20 1077 22 1 26 46 122 4 90 84 17 26 33 30 88 12 91 25 10 57 129 46 41 91 143 62 147 57 5 9 5 78 82 52 99 47 110 20 73 61 14 41
2 20 991 14 80 106 51 45 69 5 66 141 52 50 13 5 86 101 17 86 55 53 19 91 98 96 79 25 94 9 84 125 7 53 30 99 75 25 88 80 24 30 68
3 20 1301 45 86 83 95 95 96 144 22 89 87 81 84 30 22 143 43 89 7 52 8 41 65 96 71 106 25 13 97 72 61 112 46 118 76 104 31 107 82 7 45
4 20 1090 23 14 82 70 117 47 131 73 81 34 30 62 53 91 48 18 116 11 50 14 71 58 46 69 123 74 16 95 100 5 49 99 57 80 33 10 97 40 40 94
5 20 1134 47 93 139 52 66 68 96 95 145 21 31 58 121 77 117 74 11 84 35 62 73 11 117 78 21 89 116 91 15 87 96 41 83 19 39 42 25 63 25 76
6 20 1143 58 89 119 80 91 7 15 48 29 91 84 79 96 70 72 88 60 77 20 74 116 59 10 39 143 27 19 64 69 27 120 29 66 68 7 89 97 53 138 24
7 20 1292 97 88 49 6 99 18 87 58 122 66 37 35 18 60 76 87 147 76 97 86 88 31 105 83 71 38 65 35 43 85 26 58 140 20 149 71 40 52 60 51
8 20 1287 147 46 149 19 137 88 83 43 28 24 34 30 70 23 66 95 33 78 62 25 142 8 137 32 100 92 129 17 12 31 58 71 15 19 107 52 43 83 57 64
9 20 1123 127 46 139 36 2 7 121 11 84 34 55 54 34 45 95 16 45 53 31 99 44 45 119 9 19 79 25 49 121 83 11 48 8 81 124 41 71 46 129 85
10 20 1196 149 72 61 82 93 45 39 24 55 30 61 25 140 89 142 67 75 32 26 7 34 39 23 12 77 81 131 33 75 43 119 44 106 81 58 72 14 28 18 45
11 20 1159 45 58 17 27 91 41 36 88 57 94 58 97 94 47 75 5 99 1 140 25 41 33 53 68 137 30 39 100 51 32 15 1 142 57 97 32 140 17 22 29
12 20 1312 138 86 9 29 123 10 9 4 38 98 47 40 90 2 42 20 112 81 135 100 49 1 119 43 135 38 39 21 95 10 145 36 99 1 50 43 117 32 49 99
13 20 1325 1 21 140 54 74 8 23 54 106 79 126 56 53 7 145 61 18 78 84 16 95 90 132 48 58 28 126 48 76 23 49 77 110 20 22 65 130 98 89 89
14 20 1336 89 45 23 89 98 91 71 31 144 38 150 60 96 49 99 9 101 77 89 17 144 19 35 25 79 18 75 97 71 16 63 17 66 12 76 60 44 21 58 92
15 20 1329 64 77 18 82 55 78 139 70 95 90 120 17 135 6 128 79 63 41 15 38 105 44 135 73 59 15 111 83 81 88 25 96 18 91 120 1 113 80 63 87
16 20 1085 12 92 48 24 107 6 62 94 141 84 90 4 30 34 123 32 104 87 2 86 1 38 35 30 45 17 117 20 136 79 26 20 99 45 118 93 25 40 36 42
17 20 1224 62 30 9 79 62 42 144 20 85 2 120 98 42 76 22 14 65 28 94 87 119 91 77 47 113 30 111 36 82 97 53 62 5 46 130 32 130 58 6 14
18 20 1280 140 41 129 88 104 47 134 62 31 19 68 2 108 53 95 50 102 46 14 62 79 42 41 93 80 12 116 25 5 73 16 53 29 78 86 5 147 57 77 91
19 20 1149 22 63 22 51 55 52 140 32 12 60 27 13 113 36 43 22 79 14 6 87 71 85 100 93 123 46 111 84 137 15 118 70 76 27 35 32 69 31 78 89
20 20 912 6 53 137 37 35 7 114 57 142 82 108 24 40 44 20 67 56 91 35 56 9 39 1 48 7 88 57 37 76 47 91 43 28 78 76 27 3 16 99 88
21 20 1172 10 25 18 84 146 27 63 87 123 95 86 90 92 13 19 47 37 54 73 34 9 68 47 17 42 57 150 69 36 16 131 75 149 66 143 60 12 66 80 70
22 20 1384 65 50 111 8 127 26 108 92 122 89 56 30 146 23 145 53 135 60 70 9 52 66 104 8 102 6 96 1 49 44 83 3 39 52 114 36 3 78 3 82
23 20 1121 86 71 96 97 1 66 146 25 18 27 92 10 113 100 13 37 86 100 57 94 98 50 2 52 15 90 44 74 69 93 12 4 93 49 142 29 111 87 108 49
24 20 1219 4 41 109 59 45 41 87 90 116 14 80 32 107 98 20 78 17 63 94 39 95 94 102 75 21 47 132 91 79 13 75 33 116 13 123 98 81 50 21 41
25 20 1256 6 10 113 32 119 12 129 24 59 54 48 93 125 76 103 56 64 94 45 17 145 40 56 21 150 2 58 84 68 33 72 57 82 97 81 56 44 14 3 54
26 20 1138 119 25 149 14 46 45 130 98 18 84 13 47 97 34 13 82 77 91 59 94 24 100 125 79 119 89 147 46 55 37 14 87 115 13 67 39 3 80 33 4
27 20 1087 115 88 25 26 24 94 69 3 81 50 101 76 3 40 44 64 58 72 69 35 60 22 129 2 115 99 62 46 135 100 87 48 27 79 108 93 22 91 25 66
28 20 1064 10 85 51 89 102 22 63 30 24 50 30 51 119 72 49 30 99 64 14 90 13 35 52 41 66 43 13 71 128 13 102 96 9 6 138 47 111 20 137 49
29 20 1308 142 53 131 8 140 66 46 92 135 12 126 39 61 84 128 67 69 14 77 84 138 97 19 36 26 52 1 68 87 11 34 74 46 87 13 96 80 14 137 71
30 20 1212 52 16 34 49 64 8 23 43 68 93 20 51 51 78 83 36 79 61 87 30 81 70 48 71 94 95 149 39 140 11 129 46 110 28 76 49 73 51 55 79
31 20 1255 147 12 102 65 28 74 121 50 84 59 58 36 71 64 72 97 45 43 90 76 29 3 105 34 142 62 18 100 59 84 22 28 129 23 17 12 109 11 121 65
32 20 1135 56 100 66 68 78 57 114 61 5 1 24 60 6 56 119 83 99 70 52 33 87 60 150 77 1 39 139 76 88 78 34 6 61 2 96 16 106 92 38 79
33 20 1056 135 54 33 25 95 92 88 49 4 65 98 19 137 13 27 76 65 5 46 55 147 67 15 52 15 98 60 17 14 84 41 79 38 27 30 76 110 71 122 75
34 20 1068 28 18 39 38 73 97 59 100 150 47 48 88 89 56 34 11 23 19 6 69 135 52 8 36 109 91 52 55 103 48 108 85 72 48 78 9 30 76 91 95
35 20 867 48 6 116 88 48 40 12 51 81 80 2 46 56 60 55 67 52 84 64 13 39 99 85 73 70 18 120 71 13 21 37 98 102 6 28 54 37 64 19 40
36 20 1320 124 37 86 4 82 1 68 65 39 59 46 25 120 7 114 72 84 33 102 80 147 97 25 92 138 15 54 47 32 21 42 74 147 3 57 67 87 95 57 37
37 20 1006 28 45 12 20 70 64 142 83 33 71 45 14 79 63 97 75 56 24 16 26 83 74 3 61 99 6 74 25 58 23 132 66 106 50 26 75 28 91 71 95
38 20 1533 127 57 80 88 91 2 46 17 136 100 120 17 63 11 2 36 146 18 147 96 93 16 145 71 74 82 56 7 141 2 95 75 83 24 81 82 64 6 127 65
39 20 1010 62 81 49 63 145 35 7 15 42 96 109 64 41 65 137 43 82 96 55 4 9 42 117 53 60 31 44 26 18 71 27 37 131 4 7 50 31 16 90 85
40 20 1188 131 88 70 70 55 23 141 40 63 92 77 55 75 79 126 4 28 67 60 49 111 9 30 42 51 89 53 28 140 92 1 56 73 33 8 64 109 3 83 81
41 20 1222 61 56 68 22 20 20 8 26 49 68 27 57 78 62 138 99 133 38 23 64 104 22 121 44 148 14 120 38 66 64 21 50 107 34 94 64 110 14 32 72
42 20 1312 148 46 121 6 121 73 100 26 98 23 38 42 2 56 60 31 3 27 93 88 143 82 31 64 103 31 16 89 147 38 58 56 103 22 31 23 86 61 139 55
43 20 1382 65 16 142 75 150 47 145 78 3 37 130 41 8 50 113 38 88 83 2 39 109 5 71 4 18 41 75 59 137 75 72 45 112 22 53 51 141 35 94 18
44 20 1582 56 82 136 57 142 32 127 22 105 78 106 4 135 40 114 62 129 9 81 49 90 67 20 21 60 18 126 41 58 47 147 7 115 16 11 72 81 26 139 46
45 20 1152 50 93 141 22 4 80 39 15 150 71 116 88 125 16 55 20 7 87 25 43 50 47 91 61 1 86 121 93 90 65 8 5 64 89 115 19 128 43 61 37
46 20 1083 41 1 98 5 52 7 88 83 91 66 48 52 51 29 49 64 123 1 68 40 72 80 81 25 89 61 56 29 39 28 60 90 19 3 57 80 76 61 96 44
47 20 1436 136 16 56 10 119 72 40 78 124 4 49 45 93 34 49 10 146 42 124 67 56 7 83 62 106 73 136 13 112 83 58 27 130 47 10 97 127 1 42 57
48 20 1045 76 52 15 93 112 32 7 10 149 44 32 64 17 90 87 27 8 62 24 58 105 98 30 84 84 22 127 20 110 1 52 67 95 16 23 99 98 76 56 13
49 20 1013 44 71 28 11 33 85 100 77 15 96 52 55 2 48 131 51 135 60 79 19 55 78 13 9 69 33 94 14 68 18 1 52 27 72 138 64 46 56 137 53
50 20 944 28 48 107 8 108 47 33 54 65 6 103 45 121 54 98 55 2 55 25 51 62 67 61 72 9 2 22 29 130 43 112 88 38 6 19 85 12 35 25 70
51 20 1353 59 89 121 99 81 8 144 65 98 68 30 4 130 81 45 22 149 22 98 59 54 77 122 31 15 26 60 74 141 75 145 74 141 12 39 61 6 84 14 71
52 20 1196 104 71 91 63 11 68 63 81 52 41 105 96 85 48 125 81 74 24 51 85 37 42 73 86 97 30 12 81 120 23 140 20 16 20 96 36 84 74 60 35
53 20 1162 27 47 100 67 124 85 42 45 101 67 65 59 87 26 1 94 148 89 50 85 123 57 116 4 85 87 55 13 83 83 2 46 54 58 58 57 113 59 19 55
54 20 1201 132 56 141 72 126 82 2 21 22 55 48 78 88 41 48 43 58 82 3 100 102 70 22 21 86 17 107 32 116 88 109 28 112 68 103 47 23 51 54 82
55 20 1207 32 75 59 71 120 12 1 86 82 52 114 50 142 48 44 15 20 60 108 70 53 6 134 13 6 68 61 9 110 55 142 53 21 18 84 52 93 40 83 96
56 20 1232 130 25 86 2 55 34 57 43 50 63 129 60 105 69 19 5 120 32 23 72 28 34 133 7 146 26 133 10 24 62 22 11 45 25 77 99 128 39 31 1
57 20 995 14 12 10 32 27 66 61 86 50 31 94 40 112 18 26 45 132 16 77 29 51 1 100 67 72 51 67 96 23 34 76 28 73 39 75 36 23 37 81 86
58 20 1146 33 100 59 83 80 75 74 36 138 2 67 82 6 85 115 65 57 71 105 59 108 58 33 30 57 1 24 80 55 57 128 71 129 38 28 92 55 28 82 98
59 20 1134 27 65 67 91 141 94 75 14 13 23 69 43 52 13 19 32 150 63 108 42 92 30 95 67 75 89 38 76 87 85 25 33 71 68 135 50 16 13 63 91
60 20 1136 150 100 45 53 4 25 54 24 52 25 70 24 78 78 127 31 99 48 55 91 129 61 33 77 120 44 11 83 47 90 31 16 73 15 66 97 65 22 112 70
61 20 1236 71 47 37 19 47 59 134 8 90 1 66 64 46 65 82 89 61 34 108 25 136 64 36 33 139 99 64 29 81 4 46 65 114 28 1 9 38 83 148 74
62 20 973 24 43 9 18 147 76 104 77 57 72 72 43 124 86 40 40 111 65 98 38 40 58 129 17 53 95 60 24 13 78 5 94 53 89 5 13 19 13 54 35
63 20 1300 44 99 121 24 67 100 137 24 81 73 107 65 3 8 100 11 7 96 25 19 79 24 132 59 100 86 43 100 147 23 130 77 98 26 123 43 27 23 55 25
64 20 1136 20 45 2 57 84 48 40 42 73 65 91 12 85 52 141 28 5 90 95 58 116 2 41 49 112 40 64 70 50 91 99 78 98 39 83 19 93 74 28 15
65 20 1003 102 51 139 91 47 69 54 47 59 96 19 46 90 20 82 36 132 78 34 48 67 90 81 93 89 70 2 55 33 16 72 58 82 34 28 29 19 8 23 60
66 20 1191 16 36 114 13 125 32 35 51 15 34 66 22 24 31 68 81 128 69 126 23 128 49 124 13 15 41 65 6 118 67 95 28 64 62 6 68 21 92 136 15
67 20 1371 110 9 123 95 119 65 123 93 11 44 22 28 133 3 57 10 19 60 35 68 28 94 121 39 146 92 111 17 56 63 120 64 69 92 95 1 113 78 103 7
68 20 1154 98 77 68 83 102 60 27 27 129 10 21 76 74 95 149 38 22 41 75 36 15 84 93 9 71 100 121 90 72 36 50 40 109 73 24 71 9 95 114 84
69 20 1024 76 24 16 81 12 14 146 44 45 43 90 34 130 27 31 96 73 18 41 48 53 91 73 6 94 41 145 17 48 10 122 82 23 62 16 80 45 80 2 76
70 20 1274 150 7 130 14 45 88 14 45 40 22 96 100 137 95 10 6 16 83 132 9 128 51 143 93 147 9 11 90 48 77 56 75 18 5 100 56 144 82 28 27
71 20 1020 39 90 94 67 30 56 43 54 79 64 1 72 22 49 52 89 9 77 53 33 62 40 123 24 104 14 97 5 59 94 51 11 35 26 105 67 130 34 88 38
72 20 1361 53 58 64 98 121 5 112 51 146 97 125 71 62 54 30 52 48 14 9 28 35 29 112 1 146 61 119 96 116 43 45 28 108 67 128 84 99 89 24 38
73 20 1367 143 67 88 15 44 17 77 91 43 64 12 14 68 4 116 95 131 65 116 97 129 51 68 49 83 60 55 2 81 78 147 11 147 95 89 68 12 66 60 25
74 20 1129 33 82 145 47 28 25 59 4 42 15 11 4 43 21 18 55 107 16 90 97 130 65 76 25 1 41 73 14 147 76 104 86 36 24 118 81 119 21 32 34
75 20 999 2 54 32 30 68 88 78 94 15 89 56 62 141 42 21 95 106 91 6 60 29 71 95 92 27 39 61 15 117 79 24 14 124 30 93 80 81 54 73 13
76 20 1291 20 57 74 91 50 71 60 19 10 35 85 91 93 13 105 19 93 29 24 95 98 70 150 68 95 81 91 58 114 48 134 10 55 70 109 93 69 81 85 60
77 20 1592 63 8 95 45 54 57 133 64 117 41 118 62 122 57 104 13 136 21 77 82 137 41 120 14 136 55 106 25 78 57 65 2 76 35 108 96 79 3 67 90
78 20 797 18 74 51 79 146 49 42 55 54 71 79 30 45 17 7 94 58 94 76 81 116 97 1 56 100 17 16 70 23 76 65 79 34 5 22 39 32 45 12 65
79 20 1100 133 73 3 40 61 82 84 55 47 89 61 10 39 47 85 48 93 78 21 46 59 24 47 46 91 66 60 24 105 43 18 20 92 43 84 28 69 56 124 16
80 20 1151 53 96 1 63 144 46 12 9 132 26 88 7 136 41 102 57 121 47 20 79 43 31 61 10 21 96 4 9 98 20 78 70 136 87 116 73 49 32 24 12
81 20 1226 5 46 105 88 110 22 52 49 62 65 35 28 100 69 71 64 103 72 112 18 50 43 99 26 73 39 53 96 37 28 144 29 71 32 119 64 11 40 121 48
82 20 1308 104 25 1 60 114 13 118 51 47 62 35 95 110 54 56 12 101 61 29 98 146 87 7 84 86 91 149 70 43 78 120 80 137 32 22 47 100 13 111 64
83 20 970 22 80 114 73 17 18 119 9 150 9 17 27 7 31 54 83 41 6 99 67 92 96 117 1 75 18 36 99 119 42 34 46 56 12 36 35 1 13 7 75
84 20 1276 39 4 10 79 91 94 87 29 150 5 60 87 46 58 65 67 73 43 89 24 115 97 107 31 8 13 44 80 121 93 105 61 102 83 113 16 122 78 48 22
85 20 1240 78 55 25 21 76 5 98 69 38 55 41 25 5 58 31 17 117 32 114 40 143 100 66 98 104 9 138 77 49 39 129 92 129 73 29 5 99 96 42 32
86 20 1383 30 1 115 35 12 21 85 73 124 45 85 31 78 36 114 76 29 63 56 62 51 18 117 41 136 91 105 98 44 82 114 73 67 72 148 10 140 24 79 81
87 20 1400 31 84 101 33 138 79 96 92 17 15 102 11 70 81 43 97 120 6 107 88 79 82 88 88 146 70 144 64 16 46 102 22 129 8 24 90 49 9 148 92
88 20 1340 141 44 106 60 13 66 96 65 81 51 17 51 130 72 75 88 65 11 86 87 76 87 142 59 44 38 80 82 81 18 115 56 87 74 121 46 111 16 9 77
89 20 1028 37 51 1 69 115 17 102 5 5 84 137 96 39 5 26 1 125 9 70 42 94 74 24 84 4 75 135 59 30 26 97 28 69 43 12 54 56 11 108 86
90 20 1084 39 42 61 38 31 48 82 65 113 63 54 21 25 32 121 62 21 44 11 49 137 27 17 83 36 51 8 6 144 24 36 16 100 33 143 10 71 19 106 22
91 20 1337 32 14 91 85 45 38 136 83 143 61 44 15 129 16 121 47 45 90 90 67 16 82 124 72 136 72 50 6 35 64 141 70 55 80 24 79 135 88 80 9
92 20 1311 73 79 127 15 85 75 98 44 67 89 31 97 62 19 23 80 131 46 128 74 90 48 101 75 146 8 67 43 29 57 21 23 142 41 82 40 92 93 44 70
93 20 1408 106 98 133 28 131 44 131 93 2 1 141 40 49 62 143 97 127 24 95 63 29 67 116 81 112 98 23 40 57 100 57 72 30 51 137 26 41 39 100 7
94 20 1332 100 98 86 12 138 98 107 3 110 75 28 81 127 24 33 96 120 1 80 90 23 62 41 81 78 70 36 38 68 46 121 66 133 2 142 90 85 80 10 62
95 20 1255 48 19 8 16 131 94 92 33 77 69 46 6 40 14 43 92 13 33 88 60 113 47 142 28 120 52 67 64 34 18 94 71 126 49 71 60 100 5 116 8
96 20 1220 126 60 35 17 101 43 48 16 145 43 65 100 80 42 5 27 35 10 43 79 116 22 114 46 87 100 46 35 118 94 123 37 74 59 41 90 3 88 121 82
97 20 1174 140 61 110 18 13 53 57 91 84 69 133 54 72 92 16 77 105 79 7 60 120 19 41 78 40 28 78 75 38 91 14 61 134 41 107 36 106 8 53 13
98 20 957 82 99 45 8 52 69 111 6 104 85 9 87 16 62 16 54 39 30 132 80 70 48 98 82 67 67 16 64 12 64 146 23 39 13 12 48 37 91 94 83
99 20 1288 104 36 128 96 70 83 107 81 61 99 8 55 108 88 135 67 99 74 25 43 35 82 76 64 92 55 7 13 143 1 29 14 131 74 121 30 4 92 128 30
100 20 1186 57 16 60 62 2 50 66 61 56 75 66 73 28 63 142 82 40 58 147 70 38 100 56 54 69 5 139 13 76 19 15 50 52 6 121 79 124 12 129 45
101 20 1109 97 77 93 98 60 73 42 48 102 62 126 40 141 24 35 15 57 33 60 49 8 56 81 81 56 76 5 92 12 8 17 90 48 84 80 7 131 10 136 76
102 20 1076 124 69 131 97 50 31 26 57 48 11 140 94 4 5 133 37 110 64 98 27 74 96 24 8 76 30 26 84 22 37 35 85 27 25 99 30 56 90 43 20
103 20 1084 75 19 88 80 127 57 98 82 28 9 26 20 60 92 44 37 84 33 138 12 92 56 14 62 15 50 118 35 103 85 53 45 20 86 15 7 42 71 116 13
104 20 1054 131 26 68 9 78 35 43 43 45 41 49 84 56 50 18 34 99 70 8 36 116 40 20 7 116 90 139 91 21 7 26 62 129 14 84 51 54 63 18 57
105 20 1251 129 65 55 76 120 52 55 89 13 98 143 22 8 75 11 11 15 56 142 12 44 36 61 94 98 26 124 24 12 80 142 76 87 55 107 22 81 56 117 5
106 20 1161 145 63 55 36 95 39 142 64 57 57 27 27 66 48 115 66 133 34 17 14 83 64 114 82 87 94 2 9 96 45 81 9 14 30 15 21 23 44 85 84
107 20 982 150 76 79 69 27 85 13 21 11 19 53 22 72 86 22 85 24 92 20 16 128 18 79 26 22 12 123 22 27 43 41 9 121 38 62 24 58 26 96 92
108 20 1107 45 79 107 56 147 58 40 84 22 69 18 81 93 9 57 72 118 100 57 46 84 7 64 21 39 22 88 81 130 91 72 61 28 78 47 79 116 65 12 57
109 20 1007 14 44 1 7 12 48 26 13 121 61 67 89 11 87 32 3 64 61 96 17 132 62 115 11 88 52 79 95 104 1 11 21 52 22 125 35 11 36 98 82
110 20 1218 90 58 87 73 141 23 97 20 140 91 80 86 28 53 36 9 123 96 104 75 126 22 6 42 87 48 53 59 20 21 140 38 70 100 40 84 41 99 14 8
111 20 1301 145 86 115 56 92 45 92 43 41 81 59 13 70 67 139 65 58 35 97 90 123 65 104 68 32 70 82 11 51 71 38 27 148 21 70 10 50 48 21 40
112 20 1274 57 59 114 37 118 65 140 31 130 69 55 40 146 98 87 51 20 8 129 97 68 63 18 25 42 1 27 86 127 27 103 92 21 47 44 10 139 75 8 95
113 20 947 20 10 79 99 98 66 6 18 49 36 13 35 61 92 119 32 147 93 58 2 72 41 53 73 17 9 50 1 26 11 44 56 59 30 25 61 116 67 72 47
114 20 1338 144 30 103 24 52 12 47 29 150 12 89 89 32 79 118 11 125 73 68 27 56 19 86 88 81 54 127 43 127 62 83 45 52 30 36 36 39 72 58 95
115 20 1157 114 41 33 52 99 67 5 92 5 57 141 99 28 50 66 43 27 76 148 90 38 49 83 18 146 5 62 25 10 75 40 33 127 25 79 97 77 33 119 88
116 20 1360 149 52 123 17 148 11 81 21 106 41 110 46 20 41 149 99 132 42 95 82 67 44 23 70 92 95 31 31 142 99 147 52 22 6 3 17 29 98 31 54
117 20 1227 49 54 116 58 47 68 115 47 52 82 8 5 103 48 93 27 83 40 21 47 88 2 138 69 59 65 22 29 4 1 48 4 120 77 104 88 121 77 143 9
118 20 1232 48 58 85 91 95 7 120 8 81 15 147 65 26 51 60 3 119 85 3 81 87 32 42 34 43 49 109 90 118 30 13 94 74 59 144 14 18 15 108 77
119 20 1172 145 44 100 69 131 10 34 50 5 67 16 34 95 56 93 58 94 80 36 74 142 80 39 60 114 49 6 3 126 81 8 31 69 35 53 40 60 31 99 72
120 20 1124 69 52 15 71 120 6 17 58 138 53 9 21 148 53 89 95 57 68 41 79 38 9 99 92 48 20 147 69 93 44 2 88 130 73 6 24 68 53 72 12
121 20 1102 129 69 60 67 15 81 129 6 31 78 121 37 37 74 26 7 36 60 48 55 114 86 93 14 83 74 145 67 17 33 88 65 57 11 24 93 32 73 93 76
122 20 1234 83 25 137 65 40 20 74 5 107 86 71 84 65 90 13 61 22 84 134 98 106 29 62 53 27 52 34 9 145 42 10 89 99 66 146 93 31 84 137 10
123 20 1339 33 42 10 97 144 75 138 29 92 49 90 96 67 71 125 50 21 7 77 29 89 84 149 100 19 33 49 10 144 45 123 87 126 24 73 87 33 85 72 69
124 20 1325 83 76 4 76 71 31 7 22 69 21 73 10 93 58 54 40 129 45 102 51 97 91 75 60 138 47 66 14 84 70 49 66 76 52 143 96 130 96 114 100
125 20 1176 140 97 149 20 10 17 100 6 77 41 5 41 6 93 91 89 150 15 101 21 62 8 23 11 112 15 21 5 7 96 116 5 148 30 97 23 25 48 31 25
126 20 1259 141 87 93 13 112 41 16 8 12 92 148 16 45 59 49 12 12 93 95 6 43 9 35 100 28 61 134 7 63 90 102 47 145 24 122 55 75 94 104 77
127 20 1150 124 29 138 92 7 97 77 50 127 33 118 90 59 27 55 82 22 78 62 36 76 28 3 66 15 39 114 36 129 57 145 49 25 75 72 10 68 49 2 2
128 20 1361 7 99 78 24 60 55 128 95 42 62 120 65 48 27 144 49 18 35 24 89 140 55 103 16 136 55 95 71 13 31 125 68 73 43 147 38 80 27 121 95
129 20 1136 136 11 115 6 65 31 83 3 24 71 116 40 74 83 111 100 17 6 105 6 2 39 13 34 116 62 94 91 104 16 90 84 7 97 4 3 97 53 48 58
130 20 936 103 24 31 97 22 37 135 76 81 91 42 12 87 30 128 4 49 41 41 17 28 48 56 11 35 87 143 27 51 71 1 94 2 52 42 79 82 13 11 55
131 20 1046 40 95 79 21 105 91 120 94 23 9 104 98 58 85 146 49 95 84 24 98 31 16 44 39 123 42 5 33 17 72 27 28 115 45 59 19 35 100 58 54
132 20 1199 38 91 61 68 141 25 77 58 36 94 8 47 99 5 85 90 4 54 57 41 113 72 97 54 63 82 104 47 144 12 7 15 119 15 68 37 114 90 64 63
133 20 1293 71 60 127 77 40 40 108 16 116 78 76 28 97 17 120 63 77 33 110 85 121 97 100 3 28 8 80 56 89 20 31 37 22 88 103 11 26 95 75 83
134 20 1160 103 13 95 72 26 11 45 91 62 7 93 11 80 75 112 89 59 60 42 18 115 86 116 100 21 78 93 4 51 52 84 53 8 16 146 18 50 24 49 34
135 20 1300 143 12 57 3 13 15 77 39 44 73 23 15 106 46 138 7 74 11 94 49 23 37 89 77 103 11 147 37 99 53 12 93 85 25 124 40 126 54 48 13
136 20 1238 150 66 80 31 57 50 67 86 36 59 77 92 94 21 6 5 116 63 97 9 113 47 1 12 114 83 150 50 149 75 2 54 131 14 22 36 27 18 59 13
137 20 1316 87 83 140 60 138 49 102 25 149 97 86 82 35 58 73 76 24 53 90 73 120 34 21 66 137 44 124 89 143 81 40 50 12 31 30 21 87 84 7 53
138 20 1181 134 38 134 64 132 15 29 74 27 79 10 52 41 85 11 2 9 19 101 76 55 38 59 50 75 62 76 39 79 27 147 30 34 40 145 37 38 83 141 50
139 20 1075 20 47 144 33 63 20 110 89 78 46 54 22 92 72 22 19 50 44 103 16 68 40 43 90 78 77 66 32 35 92 10 2 38 96 117 26 66 97 87 5
140 20 1104 43 17 126 65 89 50 93 56 101 43 38 100 38 78 72 35 122 20 36 24 103 8 21 39 29 37 78 15 4 64 27 78 85 30 63 35 75 49 137 11
141 20 1209 127 24 36 55 34 14 90 56 17 21 51 46 64 67 21 8 148 88 70 37 89 33 106 25 49 74 38 63 53 75 131 21 106 96 120 80 101 17 61 55
142 20 1396 110 8 108 50 54 46 118 5 150 12 67 13 14 64 126 28 81 96 106 98 9 73 142 2 95 79 103 98 86 10 97 92 57 56 28 84 91 78 104 17
143 20 1384 16 36 28 6 106 81 127 60 145 83 46 78 98 87 127 29 75 77 47 61 65 41 142 72 122 3 39 47 96 30 82 32 47 49 34 81 139 85 149 33
144 20 1280 80 5 110 13 98 57 125 56 4 31 34 21 139 7 90 2 5 58 150 32 62 47 124 17 70 93 146 58 58 19 52 7 101 28 68 10 66 89 18 63
145 20 1348 52 2 113 93 47 17 93 27 94 50 138 51 143 28 85 95 83 98 61 83 26 85 21 35 126 23 69 40 68 51 131 72 80 54 142 49 48 30 66 10
146 20 1160 15 21 86 27 49 70 41 17 90 38 122 94 84 1 5 60 6 60 104 99 17 74 99 30 148 57 75 48 24 71 147 33 111 16 42 6 100 58 86 60
147 20 997 4 14 9 54 135 55 57 38 107 54 13 82 97 18 118 36 143 12 55 9 25 69 12 18 139 72 29 93 25 62 22 22 71 45 47 100 113 54 26 7
148 20 1025 140 82 43 5 13 58 86 24 65 6 49 81 150 27 55 4 19 69 73 4 88 34 88 1 36 77 72 12 148 7 10 27 16 60 32 74 24 87 75 30
149 20 1256 142 78 131 79 61 46 91 49 63 96 119 12 22 69 63 3 86 58 59 7 99 64 104 52 43 65 142 36 93 30 73 78 75 25 15 86 58 5 31 86
150 20 1064 22 62 58 82 7 73 101 16 14 4 119 10 27 26 142 27 72 36 28 95 147 31 27 78 125 27 107 22 15 81 134 84 87 74 14 82 18 23 66 41
151 20 1343 134 95 49 39 134 7 31 76 72 50 22 27 96 23 69 46 50 90 99 4 115 57 64 95 6 66 132 6 81 52 69 24 122 5 116 92 136 21 82 80
152 20 1379 137 52 34 76 13 42 140 70 134 65 63 8 12 76 146 6 127 51 131 47 135 57 83 62 127 51 95 18 53 56 65 58 30 17 1 41 66 66 132 22
153 20 1068 59 49 125 99 29 52 75 81 57 21 68 53 17 50 45 8 105 67 25 27 96 14 136 49 19 58 105 92 53 24 101 27 65 76 86 5 69 19 1 69
154 20 1171 24 21 75 58 16 64 76 73 115 33 125 97 101 19 114 99 19 4 96 94 82 44 26 72 149 25 125 81 15 64 36 24 145 46 39 63 61 67 25 18
155 20 1214 33 4 68 89 110 55 52 28 72 84 4 39 24 33 121 60 42 14 98 12 1 45 116 88 82 28 150 2 84 4 25 29 78 38 132 7 135 58 91 92
156 20 1274 91 37 55 9 10 71 29 45 100 9 131 25 120 50 108 45 142 25 112 52 78 93 2 35 69 69 115 68 5 86 88 56 149 38 52 17 130 4 7 6
157 20 1273 1 90 74 18 97 2 135 22 24 52 76 20 91 22 84 16 66 7 87 24 54 97 145 70 119 35 146 31 105 84 23 2 53 52 55 64 34 17 123 84
158 20 1172 101 5 128 1 5 94 43 18 142 44 74 10 51 12 114 46 82 20 53 5 72 11 41 8 35 98 45 49 21 32 93 98 130 44 87 98 6 74 143 29
159 20 1083 34 3 26 60 41 90 12 78 42 41 30 61 123 28 145 18 63 2 127 56 73 49 92 90 56 89 53 88 72 53 20 7 113 32 100 83 122 53 10 100
160 20 1126 42 100 5 91 93 87 30 26 79 18 130 95 76 65 71 79 69 69 86 87 22 37 46 47 34 98 39 50 1 75 118 36 135 14 115 33 102 25 115 38
161 20 1294 24 85 20 16 80 88 124 64 23 27 135 38 53 97 108 51 72 57 54 49 79 42 109 91 114 4 147 71 46 15 40 12 57 93 107 71 135 54 91 42
162 20 1373 5 41 70 83 119 57 76 31 100 90 127 48 36 56 135 21 61 60 59 97 106 77 131 52 15 85 118 11 38 84 138 69 119 34 114 9 9 47 141 97
163 20 1135 89 78 31 94 35 89 54 73 86 100 57 20 127 20 21 82 104 81 128 14 2 28 70 51 95 89 32 53 87 14 65 27 6 100 74 72 140 94 116 40
164 20 1104 12 10 65 11 35 5 37 70 104 62 43 64 108 12 87 71 86 3 18 31 147 35 127 80 14 47 6 47 113 79 40 36 108 100 121 15 29 21 80 23
165 20 951 60 82 42 1 12 82 144 64 100 33 138 79 51 1 35 28 46 86 8 38 36 41 120 74 33 58 120 95 23 2 72 35 30 20 9 27 4 66 106 93
166 20 1302 21 24 115 3 145 98 97 14 67 30 68 82 104 6 77 72 123 28 1 42 80 10 128 67 66 76 35 87 58 100 132 47 15 66 139 41 64 93 93 64
167 20 1324 76 23 60 60 100 17 108 45 1 12 70 45 132 72 7 15 65 22 57 57 104 73 16 31 117 94 148 50 148 62 103 31 71 7 135 67 13 62 125 73
168 20 1337 140 27 35 96 94 2 149 45 108 26 17 93 81 73 147 8 125 48 59 71 96 18 127 92 3 87 123 49 77 88 13 39 9 12 108 21 149 96 12 47
169 20 1051 120 68 138 27 11 67 47 17 60 78 95 25 10 78 125 54 25 46 26 3 42 81 94 59 49 27 46 96 30 72 150 82 23 25 41 64 55 10 127 95
170 20 1258 130 69 52 78 24 96 124 60 138 91 52 36 36 67 8 90 146 49 62 62 109 45 46 71 116 14 20 57 9 45 96 63 134 52 120 51 48 56 103 25
171 20 1036 119 32 11 85 131 22 78 78 83 90 28 85 81 24 135 67 82 59 75 85 20 76 25 57 5 46 77 15 27 94 34 52 79 86 49 89 9 40 148 68
172 20 1008 19 11 3 59 4 67 58 89 3 11 145 32 35 19 137 75 43 55 51 35 59 68 37 42 110 82 9 37 121 16 134 26 26 66 122 43 25 10 119 20
173 20 1342 34 28 37 86 141 57 119 80 91 7 39 63 4 23 119 38 33 92 94 12 50 38 136 42 86 17 68 1 128 9 67 77 107 20 91 4 136 71 98 30
174 20 1468 135 89 92 18 147 86 92 56 90 57 96 53 102 7 105 56 53 33 150 3 51 40 83 61 107 92 144 21 128 20 48 25 66 94 126 2 10 41 11 64
175 20 815 55 21 110 22 85 56 24 19 25 72 44 25 38 18 85 20 22 8 4 93 118 54 19 95 21 89 65 77 29 21 105 62 112 14 17 95 30 12 11 10
176 20 993 22 84 136 55 50 78 48 79 139 58 97 65 93 85 80 71 93 57 30 31 4 20 28 54 63 92 133 95 65 57 10 16 18 56 49 100 23 33 61 99
177 20 1241 113 16 81 56 125 66 110 28 80 99 99 23 126 66 33 96 3 99 94 13 3 61 135 90 31 2 133 73 52 29 120 66 25 7 28 93 144 68 17 29
178 20 1091 93 25 31 70 58 78 150 94 54 42 56 60 13 52 66 76 131 71 113 75 108 35 53 1 145 2 38 41 62 33 17 77 62 87 33 46 28 9 53 40
179 20 1003 51 28 20 54 67 94 72 98 51 37 120 86 149 5 120 9 88 86 34 1 27 1 44 40 33 38 20 70 87 81 65 83 75 26 23 8 12 85 96 100
180 20 1218 42 48 138 68 73 10 10 3 56 75 73 55 22 94 105 52 21 7 18 25 57 64 133 38 125 9 126 2 27 32 94 9 82 95 46 53 149 79 126 15
181 20 1250 20 21 115 51 89 13 73 9 135 15 30 64 73 63 113 90 69 69 133 35 37 62 31 88 95 61 123 31 4 35 117 58 127 67 28 5 118 48 33 14
182 20 1144 96 1 15 76 20 26 42 90 92 45 150 77 143 42 5 33 105 18 56 39 144 52 77 90 32 61 30 44 106 70 19 92 81 5 110 6 41 78 67 63
183 20 938 79 78 49 93 45 7 78 82 12 36 12 39 47 47 11 16 62 62 130 56 70 76 57 74 79 98 23 17 71 50 56 18 62 37 66 47 66 19 98 5
184 20 1206 22 15 32 28 101 86 147 58 32 59 57 10 134 65 77 98 20 61 100 5 87 54 90 98 145 75 12 26 99 46 121 25 148 50 15 8 19 7 50 29
185 20 1193 35 45 139 87 57 86 70 7 18 10 38 54 63 42 100 11 104 69 59 31 66 77 118 51 42 90 146 30 112 40 12 42 143 61 10 10 136 5 24 24
186 20 756 4 33 4 48 5 81 25 53 30 99 7 51 126 95 79 46 117 6 74 91 19 83 55 94 3 89 119 98 41 73 40 92 3 70 38 37 145 99 12 64
187 20 1076 64 91 80 27 21 2 67 77 68 98 123 22 114 21 83 28 83 86 10 28 140 72 125 42 52 78 22 86 106 21 57 32 31 37 55 60 33 77 12 60
188 20 1186 39 51 130 73 135 82 55 46 122 28 79 54 84 81 16 86 11 28 57 45 137 9 107 71 97 50 96 22 62 22 115 92 31 83 28 13 36 67 46 91
189 20 1289 92 2 118 32 107 18 12 17 130 45 120 57 115 27 83 50 51 46 61 92 100 8 131 70 45 85 2 34 101 9 74 26 39 47 3 82 140 13 88 18
190 20 1148 125 60 106 100 24 63 98 12 22 35 39 19 48 78 78 14 11 35 97 15 60 59 84 84 118 15 7 54 66 45 134 93 48 8 99 53 140 44 32 80
191 20 1163 101 100 93 60 84 15 81 84 78 78 146 44 6 62 27 43 82 60 54 22 37 50 90 84 87 19 75 73 13 85 110 27 19 14 99 21 141 10 31 31
192 20 957 11 67 45 79 5 4 59 32 77 75 27 76 108 59 3 62 10 42 8 94 67 64 115 39 37 44 129 52 112 32 61 23 61 82 81 45 126 82 55 78
193 20 1452 66 22 124 65 107 24 43 49 111 53 40 78 144 39 21 45 72 78 146 21 125 76 125 50 96 50 55 85 131 59 57 92 82 7 90 74 74 57 106 8
194 20 1131 76 84 127 10 130 36 24 65 6 96 75 61 113 12 30 38 4 73 8 13 140 80 95 96 40 28 105 21 135 23 57 59 91 56 70 19 51 15 37 2
195 20 1188 51 21 6 31 138 14 56 61 27 11 148 53 65 99 34 46 60 42 33 83 62 58 12 8 41 42 42 26 89 79 81 7 136 38 137 25 129 26 138 91
196 20 1228 109 88 145 43 11 62 79 59 47 59 134 65 12 47 120 18 64 15 70 62 145 46 20 5 117 17 67 54 128 14 34 1 31 29 56 40 45 72 102 37
197 20 1222 104 12 150 31 35 40 86 37 124 86 34 65 57 17 92 48 71 21 43 97 22 37 148 17 141 89 77 83 71 71 54 75 77 46 123 62 18 26 1 49
198 20 1231 77 62 104 81 122 24 88 69 64 63 18 31 73 84 14 35 117 16 84 94 64 89 121 7 58 57 26 31 123 87 10 77 76 75 123 74 105 32 72 4
199 20 1396 98 8 110 3 147 74 85 93 21 42 106 62 117 71 123 47 5 77 4 43 126 36 93 29 14 46 97 79 149 25 113 38 67 81 77 40 105 57 89 93
200 20 1126 95 7 17 20 102 55 95 28 108 68 18 23 75 43 70 36 47 23 56 22 132 95 139 90 32 50 70 48 25 90 4 74 84 66 33 76 124 45 82 30
201 20 1196 78 31 16 55 142 49 64 34 69 15 51 12 119 6 65 78 16 62 29 41 26 43 121 46 143 80 74 64 108 16 107 92 86 50 52 42 100 6 30 50
202 20 1535 47 51 142 78 148 18 137 36 11 43 31 49 145 80 139 95 94 31 51 89 53 23 72 72 124 46 150 77 141 99 85 86 58 6 143 22 45 54 103 81
203 20 1165 38 64 83 46 23 36 86 71 106 66 42 77 141 70 124 50 89 11 23 43 46 83 3 26 99 22 100 83 135 55 105 56 23 27 66 71 39 68 86 49
204 20 1025 91 56 58 47 19 74 48 73 12 42 140 97 11 62 123 61 51 40 133 57 138 46 38 33 69 86 49 24 34 86 26 84 10 81 49 31 84 35 99 47
205 20 1386 121 96 80 95 4 99 15 1 126 45 8 97 99 52 121 45 60 38 133 80 11 51 76 4 146 36 8 24 115 22 119 54 132 29 136 67 135 82 88 97
206 20 1137 125 60 89 55 37 59 113 8 22 36 40 97 112 19 16 53 53 62 96 49 104 94 84 5 41 89 134 6 104 91 4 12 119 92 85 82 17 18 27 20
207 20 1474 109 68 92 14 150 37 109 90 135 84 89 33 14 75 99 41 125 26 138 8 102 87 20 86 102 56 5 11 123 13 138 73 17 75 120 16 42 94 114 5
208 20 895 7 69 66 61 75 56 6 65 146 29 66 55 43 45 96 7 4 98 119 22 101 97 4 41 106 19 13 83 76 27 29 62 7 18 34 80 55 45 66 26
209 20 1404 122 12 117 20 105 90 135 46 83 56 13 93 102 4 5 58 138 72 119 14 147 20 105 50 56 13 66 93 147 70 69 62 60 24 65 94 75 11 26 28
210 20 1033 52 35 82 64 88 3 62 2 123 54 1 18 54 81 1 86 64 88 98 25 143 50 105 83 17 68 97 76 39 59 68 12 3 1 42 88 45 1 108 67
211 20 1297 128 96 140 79 4 5 129 69 9 57 35 5 69 2 139 63 142 64 84 25 119 91 126 27 32 72 114 99 66 100 16 69 86 43 135 21 10 1 39 28
212 20 1086 46 60 44 98 52 56 27 85 39 92 15 100 148 67 10 66 134 61 83 20 149 61 110 8 143 20 58 85 126 69 3 25 70 5 63 13 22 1 16 33
213 20 1191 101 87 18 18 38 38 10 89 129 63 50 35 16 44 134 31 104 39 143 49 77 51 97 98 102 31 54 94 53 72 147 7 37 99 15 67 103 93 61 18
214 20 1211 51 93 72 61 86 92 94 34 80 25 135 74 33 91 13 41 90 68 93 28 121 32 51 3 100 29 98 52 35 35 89 40 46 44 41 78 126 25 60 46
215 20 788 21 97 49 67 54 24 78 16 56 18 5 91 76 22 29 10 5 2 103 82 18 59 61 9 25 96 33 77 32 62 58 48 147 91 59 32 23 78 54 48
216 20 939 15 63 62 78 94 44 23 88 6 22 57 43 16 37 144 37 112 100 87 19 48 27 11 45 10 11 135 19 126 32 2 85 82 78 87 22 27 75 30 84
217 20 1030 136 42 51 51 113 45 112 69 84 88 86 79 56 32 137 46 31 86 41 26 2 72 3 62 75 89 1 11 18 59 93 1 62 57 41 75 140 92 6 48
218 20 1376 38 29 44 64 1 79 17 47 99 62 79 62 121 77 104 26 122 12 145 18 136 43 58 72 80 49 93 53 95 44 123 12 80 42 84 22 125 60 76 83
219 20 1117 40 75 9 46 74 36 11 44 122 5 101 91 22 28 121 47 77 3 103 52 107 17 89 23 66 33 98 10 31 82 20 53 130 18 78 7 33 73 65 15
220 20 1216 43 82 26 34 62 94 67 54 93 49 119 60 91 96 36 74 109 52 57 73 148 96 55 77 97 31 40 59 78 40 114 44 107 69 1 68 78 7 99 99
221 20 972 9 14 73 92 54 46 149 26 64 65 20 80 83 33 50 69 24 2 61 100 7 82 87 7 150 25 4 35 35 92 30 78 143 91 48 91 103 52 22 19
222 20 1230 77 73 1 63 113 92 97 33 148 55 106 27 124 91 77 6 101 18 43 20 68 68 96 51 77 22 71 44 5 77 12 62 144 77 56 65 1 40 121 99
223 20 1097 49 78 104 71 45 48 67 92 61 96 21 73 113 82 31 75 73 74 63 58 122 83 18 51 3 76 2 77 150 87 76 32 147 28 38 95 126 68 63 61
224 20 1523 139 89 145 45 107 10 122 24 51 75 131 73 101 84 69 69 125 58 54 21 127 77 132 51 44 16 78 58 114 37 59 58 31 8 82 6 92 99 101 3
225 20 936 10 69 97 43 85 98 100 80 1 35 25 84 64 42 7 85 112 63 65 62 10 54 22 12 27 13 90 52 93 32 41 86 105 66 31 9 90 81 95 85
226 20 1194 90 91 52 28 128 1 29 36 52 17 45 4 150 72 73 50 13 15 7 80 1 43 87 41 117 5 5 53 99 25 125 22 79 58 148 100 79 22 114 23
227 20 1199 61 63 145 15 79 87 35 14 79 66 93 21 121 59 90 79 121 9 148 69 30 61 33 82 60 65 52 36 76 19 75 38 24 20 91 60 72 57 14 16
228 20 866 34 50 32 12 12 33 5 89 26 88 130 90 26 54 10 83 119 88 53 39 74 14 2 32 113 55 12 100 126 21 18 23 89 28 64 91 75 26 63 55
229 20 1417 50 26 6 38 31 37 135 98 135 47 132 53 126 8 59 37 70 61 97 17 63 28 144 64 52 57 50 80 148 45 93 49 148 19 24 37 77 79 132 75
230 20 1224 110 32 112 2 125 95 59 37 43 55 16 44 21 50 29 80 69 81 119 54 37 47 144 56 150 14 138 76 84 88 14 32 36 86 74 32 75 70 76 54
231 20 1176 79 63 10 77 7 63 100 3 107 64 99 20 49 47 130 39 26 91 96 40 62 33 44 37 137 63 85 57 130 54 23 65 36 71 41 90 68 52 141 21
232 20 1132 37 26 54 80 40 87 38 56 115 100 58 81 146 87 137 80 137 3 16 2 30 76 105 93 59 71 113 15 7 23 103 1 92 27 52 69 13 100 63 75
233 20 1138 6 53 1 42 17 6 29 26 71 52 65 42 57 11 47 100 123 10 133 10 111 77 35 61 35 4 60 93 144 61 127 20 74 67 113 97 60 79 115 3
234 20 1178 94 37 85 83 112 38 30 82 90 51 19 1 115 86 30 38 34 84 145 82 20 58 75 61 107 55 80 24 101 72 97 42 20 20 93 55 102 42 24 36
235 20 1216 129 21 66 23 85 51 59 52 144 31 74 82 96 5 39 29 109 65 15 89 37 54 58 67 131 71 94 98 106 43 45 44 43 57 5 69 39 24 146 93
236 20 1337 78 63 125 53 14 73 144 60 86 79 13 52 134 80 9 8 11 70 115 3 138 24 126 41 106 6 84 9 1 53 123 28 24 85 141 62 66 26 134 62
237 20 1220 109 2 140 65 116 20 79 12 92 43 134 60 120 64 101 5 12 7 23 34 123 35 48 2 75 62 35 99 69 88 10 98 70 21 42 64 44 91 83 3
238 20 1323 107 79 9 83 101 60 141 71 78 17 119 23 57 21 140 4 110 66 97 45 48 44 34 49 40 81 73 5 84 53 19 3 56 78 116 12 102 100 123 20
239 20 1233 77 60 100 39 120 76 60 31 37 37 125 46 71 59 5 31 3 52 20 57 124 1 123 84 3 94 141 37 74 76 127 40 51 49 142 90 89 7 50 13
240 20 1180 98 51 2 81 58 86 126 30 118 22 44 37 46 51 120 10 90 99 70 43 50 78 2 15 134 22 94 42 44 7 16 65 16 75 95 82 150 99 102 45
241 20 1544 91 17 70 24 87 90 108 22 15 34 30 13 136 100 93 38 111 72 97 23 132 4 88 42 75 33 137 26 85 30 127 22 144 20 102 72 86 18 116 77
242 20 1084 130 5 47 40 26 33 10 25 81 69 3 25 112 30 22 53 141 28 35 19 24 56 79 67 60 68 98 78 101 59 59 48 67 79 112 76 108 7 40 78
243 20 1058 130 2 43 30 143 39 7 8 66 78 86 32 5 50 71 70 45 16 110 29 150 66 57 1 29 87 87 76 92 5 3 22 83 45 1 67 96 62 19 74
244 20 986 91 92 12 100 49 75 62 54 6 19 27 91 122 38 77 79 12 47 146 34 87 61 1 17 11 70 20 5 43 24 131 35 44 29 80 66 63 54 149 20
245 20 1181 109 34 111 96 20 99 1 48 53 32 133 59 104 24 81 79 102 94 33 42 128 3 85 69 77 52 28 98 2 50 124 28 50 37 119 70 107 49 10 51
246 20 1220 64 79 96 66 76 57 117 81 86 95 39 81 6 31 148 22 71 98 124 8 106 33 35 77 127 8 67 20 1 44 63 30 6 31 123 31 116 96 54 85
247 20 1406 1 40 144 98 95 29 96 1 76 36 132 53 115 61 49 73 133 29 150 50 125 100 7 3 86 56 128 91 30 2 76 39 97 82 84 83 58 56 76 38
248 20 1441 93 45 64 46 115 75 106 65 117 64 140 68 143 11 116 1 63 36 82 28 47 31 60 13 33 59 115 66 106 54 83 98 36 63 112 35 65 95 106 59
249 20 907 23 95 85 52 21 85 54 74 48 97 9 57 45 51 106 93 42 36 3 44 125 8 120 98 50 34 27 10 42 5 62 34 2 46 57 86 71 87 142 66
250 20 1071 54 19 31 95 32 73 30 46 109 57 89 67 142 66 7 96 25 58 17 54 18 97 132 48 52 48 33 48 61 38 109 88 111 26 124 47 116 2 47 35
251 20 1062 127 90 11 57 47 97 148 34 37 28 88 23 41 81 37 59 147 10 37 87 20 9 72 65 124 71 16 81 33 92 68 44 8 97 111 66 132 29 24 25
252 20 1336 60 87 8 67 107 20 147 27 145 66 112 24 53 45 140 9 46 39 107 98 17 83 105 2 7 33 126 41 30 28 97 84 137 13 57 67 29 82 141 93
253 20 1173 70 86 24 58 33 28 65 73 90 52 61 61 105 43 11 93 116 4 101 68 51 34 136 15 101 66 33 33 87 16 47 51 11 90 77 82 117 47 131 84
254 20 1324 108 3 72 44 106 10 104 53 116 87 15 87 116 68 11 14 134 91 77 56 84 93 30 66 89 40 51 35 97 11 89 85 85 81 123 77 145 7 3 82
255 20 1172 116 48 34 91 49 13 91 15 1 19 124 84 25 78 113 89 12 44 110 35 52 77 145 99 105 55 20 46 109 44 50 31 100 75 131 78 77 79 2 32
256 20 1516 83 90 88 82 147 33 47 63 117 45 122 23 97 39 62 17 76 42 86 52 84 42 135 6 6 71 145 65 127 35 149 31 80 7 51 85 102 43 92 25
257 20 1288 26 77 109 9 148 44 111 88 96 37 139 29 57 30 63 36 69 97 61 11 122 7 86 21 98 28 5 49 149 22 1 61 19 99 52 44 138 25 62 41
258 20 958 56 34 35 26 130 36 68 80 24 10 19 67 99 45 76 18 13 15 39 75 100 46 72 62 70 59 2 9 98 68 52 55 57 12 6 10 78 47 104 35
259 20 943 54 49 7 96 27 23 14 96 40 56 135 46 4 19 2 46 125 41 124 14 130 52 39 68 41 36 33 9 6 71 135 75 69 77 108 24 81 44 5 75
260 20 1368 145 47 93 29 23 69 51 23 33 54 31 55 149 92 118 28 101 78 114 53 143 70 112 68 16 40 102 27 118 62 49 60 74 79 20 52 133 43 85 77
261 20 1133 44 63 141 70 74 76 78 17 8 20 89 98 93 33 76 62 126 66 29 53 16 11 111 81 55 40 99 37 97 44 72 89 50 63 37 50 4 13 118 25
262 20 1244 102 5 138 11 6 18 115 85 51 3 19 52 116 91 10 3 29 78 80 20 128 74 84 26 122 65 29 3 44 62 12 30 146 92 145 10 34 87 146 26
263 20 1255 101 92 114 20 111 53 60 40 43 14 90 97 118 25 104 47 14 98 147 26 111 40 23 50 131 35 17 50 100 13 99 29 45 90 105 59 28 97 8 82
264 20 1056 78 48 52 11 99 13 34 78 87 58 47 42 12 25 12 62 106 18 141 52 56 12 125 20 19 38 20 100 48 40 52 50 140 20 40 50 133 6 19 17
265 20 1323 75 70 61 77 137 85 113 21 129 84 35 9 147 66 62 83 13 6 83 56 111 87 118 70 101 92 125 24 87 10 54 87 88 53 33 58 73 67 9 83
266 20 1244 6 67 34 85 40 12 17 72 66 68 83 94 135 78 146 64 68 4 86 8 53 90 118 27 11 24 123 72 89 67 105 82 91 68 23 21 122 94 139 93
267 20 962 47 21 90 37 115 55 71 99 33 24 81 79 64 88 62 98 8 22 109 35 100 17 44 54 20 87 47 34 134 55 26 18 21 94 62 67 65 57 4 9
268 20 1592 41 22 92 36 75 36 130 100 116 64 85 76 150 65 85 26 95 28 104 80 121 91 96 47 93 33 86 49 8 81 115 37 101 67 142 90 116 82 139 67
269 20 1104 2 17 106 14 8 11 8 59 86 36 125 35 75 55 12 62 68 42 63 78 111 90 102 84 106 9 49 35 95 73 81 3 34 74 87 24 35 40 128 35
270 20 1413 109 36 11 54 44 84 134 64 31 31 131 74 107 71 137 22 54 32 130 77 82 88 60 62 16 19 84 26 121 22 112 32 146 94 50 57 82 4 126 90
271 20 1277 29 69 71 80 104 59 12 69 140 75 123 61 74 66 90 22 8 56 84 63 79 27 145 73 119 67 131 18 48 99 32 58 55 65 55 72 118 98 80 25
272 20 1348 103 36 53 11 11 66 69 25 42 81 52 99 29 89 128 82 101 74 132 78 143 86 90 81 46 40 25 68 125 25 120 1 77 24 62 13 133 84 144 27
273 20 1412 140 47 88 1 29 48 146 95 120 28 81 86 45 6 116 7 15 99 46 78 97 12 65 53 127 88 133 7 92 87 110 23 72 45 122 25 6 73 116 56
274 20 1325 119 27 120 72 78 66 104 59 63 11 76 66 53 55 101 88 97 52 103 83 129 3 4 27 87 37 87 99 95 87 61 69 26 35 124 38 38 39 92 2
275 20 1144 106 54 149 52 24 53 20 60 23 92 74 88 79 51 82 100 9 67 114 55 48 40 142 64 139 22 71 67 66 84 105 50 22 22 50 11 73 100 34 71
276 20 1156 5 98 47 16 12 13 85 76 10 73 105 13 72 27 98 45 30 94 138 40 32 71 16 26 96 55 68 77 39 68 120 64 101 63 115 58 111 58 145 91
277 20 1299 75 7 72 75 73 42 137 93 127 70 107 6 134 84 63 65 145 92 91 14 73 96 16 85 57 67 22 32 64 27 77 26 98 85 121 17 67 77 5 17
278 20 937 112 23 65 34 15 84 125 34 69 89 23 24 102 47 16 87 106 85 132 13 17 42 8 22 11 42 138 18 97 60 22 54 22 55 25 84 57 71 10 5
279 20 1108 30 45 66 64 49 83 31 33 21 46 70 84 23 76 61 57 133 26 86 38 38 81 16 79 70 27 28 17 150 69 145 80 96 49 135 78 68 96 69 67
280 20 1012 47 46 51 96 115 19 105 10 45 80 30 19 5 13 13 50 75 97 147 10 18 91 44 8 137 85 101 82 20 96 38 46 49 83 140 23 82 82 3 11
281 20 1168 23 20 23 57 98 15 49 22 81 89 111 80 144 45 80 26 133 98 79 25 17 32 60 31 30 83 145 33 25 27 100 92 127 79 52 3 4 13 80 77
282 20 1222 93 76 123 11 36 49 79 45 55 24 59 90 137 53 15 35 95 98 20 69 110 17 125 1 121 18 145 77 77 43 34 16 52 1 64 79 82 37 6 49
283 20 1308 11 36 15 34 120 37 85 58 44 1 36 61 146 59 149 55 140 57 148 77 36 49 139 82 111 91 24 35 32 15 147 38 39 38 110 57 101 13 3 49
284 20 1148 150 39 17 38 84 95 99 52 130 53 2 2 47 10 4 9 114 67 141 83 8 83 114 64 25 47 39 100 81 73 17 18 25 76 47 85 147 11 144 72
285 20 999 119 61 40 67 114 80 30 15 96 91 62 80 24 1 104 66 79 66 61 91 24 38 90 85 6 72 22 77 89 21 100 93 55 2 95 7 32 90 7 60
286 20 688 11 9 9 73 78 33 18 33 44 73 4 3 28 31 14 3 5 72 14 91 11 90 103 75 5 93 39 11 64 96 59 51 88 64 140 83 78 82 49 58
287 20 1092 114 93 50 42 144 98 64 50 103 25 71 45 16 100 63 53 2 90 31 88 130 62 146 29 45 60 82 79 57 85 39 37 25 77 6 49 64 70 113 95
288 20 1160 19 18 87 30 36 44 79 4 78 68 102 87 97 37 124 51 121 63 150 95 126 74 14 83 143 49 19 41 20 46 101 6 69 38 39 57 4 16 22 19
289 20 1032 5 73 78 65 88 16 76 31 26 58 90 1 122 71 93 58 28 29 119 23 2 5 41 23 17 100 144 10 64 27 38 93 124 73 44 3 22 67 70 43
290 20 1375 31 65 116 47 12 92 115 60 63 98 44 47 123 83 72 86 49 65 88 87 59 57 129 82 135 12 43 59 130 16 97 10 111 49 52 51 145 32 105 95
291 20 1157 47 12 57 47 96 45 76 76 120 62 41 29 55 89 62 2 9 94 55 3 28 33 33 6 104 29 120 49 14 39 137 87 108 75 76 21 64 8 145 39
292 20 963 108 22 99 17 30 74 61 55 31 31 24 48 30 69 36 23 126 70 138 84 26 60 117 87 10 45 6 25 82 1 81 21 5 48 62 64 40 23 92 49
293 20 1302 117 36 20 100 103 50 86 94 72 36 13 46 124 89 62 27 67 20 122 17 53 74 145 49 136 56 29 56 91 80 112 66 102 32 61 33 95 50 18 97
294 20 1086 93 15 20 16 19 35 141 9 30 97 42 1 7 81 7 98 47 37 1 14 134 30 108 44 98 55 114 99 69 82 76 83 71 98 124 79 67 43 90 3
295 20 1258 38 58 73 88 62 76 26 18 41 67 127 16 61 78 43 74 132 85 72 51 116 51 148 34 38 26 53 79 102 73 136 55 71 19 67 39 69 14 98 95
296 20 1484 128 85 40 8 110 76 92 10 78 87 133 43 12 73 138 59 141 96 108 24 10 33 16 79 124 26 138 45 127 34 28 79 89 84 115 37 89 44 139 91
297 20 1126 115 39 37 19 71 93 4 11 90 13 30 85 85 41 56 94 145 59 33 45 41 24 145 21 80 54 83 80 121 5 102 96 10 65 50 43 77 82 33 64
298 20 939 120 28 2 72 39 100 12 69 110 96 26 77 56 57 56 83 119 95 115 97 72 44 24 61 5 99 4 8 101 4 22 2 81 74 56 4 58 38 96 80
299 20 1289 72 76 121 34 103 74 85 18 62 87 64 49 14 18 47 7 55 59 129 10 91 65 131 3 134 88 65 4 58 69 93 10 114 100 108 99 41 93 25 1
300 20 997 46 79 24 28 58 13 30 12 22 14 37 64 47 40 76 34 53 50 115 91 13 31 127 93 24 77 89 59 11 16 74 89 80 60 122 90 142 71 57 32
