1 20 1077 22 1 26 226 122 19 90 417 17 130 33 148 88 60 91 121 10 284 129 229 41 451 143 309 147 283 5 45 5 388 82 257 99 235 110 100 73 305 14 201
2 20 991 14 400 106 253 45 345 5 329 141 260 50 65 5 426 101 85 86 274 53 95 91 489 96 395 25 469 9 417 125 35 53 147 99 371 25 439 80 118 30 338
3 20 1301 45 427 83 472 95 477 144 107 89 431 81 417 30 108 143 214 89 34 52 36 41 325 96 354 106 124 13 481 72 304 112 227 118 376 104 154 107 407 7 224
4 20 1090 23 69 82 347 117 233 131 361 81 166 30 310 53 453 48 88 116 54 50 69 71 286 46 341 123 370 16 475 100 24 49 491 57 398 33 50 97 196 40 467
5 20 1134 47 464 139 258 66 336 96 472 145 104 31 288 121 385 117 366 11 420 35 309 73 51 117 387 21 443 116 453 15 433 96 205 83 92 39 206 25 314 25 377
6 20 1143 58 444 119 398 91 33 15 238 29 452 84 392 96 346 72 436 60 385 20 367 116 293 10 192 143 133 19 319 69 132 120 142 66 338 7 445 97 264 138 116
7 20 1292 97 439 49 28 99 86 87 289 122 329 37 172 18 300 76 432 147 376 97 427 88 155 105 413 71 188 65 171 43 425 26 290 140 97 149 353 40 259 60 252
8 20 1287 147 229 149 93 137 438 83 212 28 116 34 150 70 112 66 472 33 389 62 123 142 38 137 160 100 459 129 83 12 151 58 351 15 92 107 256 43 413 57 316
9 20 1123 127 230 139 177 2 34 121 52 84 166 55 267 34 224 95 79 45 265 31 491 44 225 119 42 19 393 25 245 121 412 11 240 8 405 124 201 71 227 129 423
10 20 1196 149 356 61 407 93 222 39 119 55 149 61 122 140 445 142 335 75 156 26 31 34 192 23 60 77 403 131 163 75 212 119 220 106 401 58 360 14 137 18 222
11 20 1159 45 287 17 132 91 201 36 440 57 470 58 481 94 231 75 21 99 4 140 122 41 165 53 339 137 148 39 497 51 159 15 2 142 284 97 160 140 85 22 142
12 20 1312 138 426 9 145 123 47 9 17 38 488 47 196 90 8 42 96 112 401 135 500 49 3 119 215 135 190 39 105 95 49 145 178 99 4 50 215 117 158 49 491
13 20 1325 1 104 140 269 74 36 23 267 106 391 126 279 53 34 145 301 18 387 84 76 95 448 132 236 58 139 126 236 76 111 49 383 110 97 22 323 130 487 89 441
14 20 1336 89 224 23 442 98 452 71 151 144 188 150 298 96 241 99 42 101 384 89 82 144 94 35 125 79 86 75 481 71 77 63 83 66 60 76 297 44 105 58 456
15 20 1329 64 384 18 408 55 390 139 349 95 448 120 85 135 26 128 395 63 204 15 188 105 220 135 362 59 75 111 413 81 439 25 480 18 452 120 2 113 399 63 433
16 20 1085 12 458 48 119 107 28 62 470 141 420 90 20 30 167 123 158 104 434 2 430 1 188 35 149 45 81 117 100 136 394 26 99 99 225 118 463 25 197 36 206
17 20 1224 62 149 9 395 62 208 144 96 85 8 120 490 42 377 22 68 65 137 94 435 119 455 77 233 113 150 111 179 82 484 53 307 5 230 130 158 130 288 6 67
18 20 1280 140 201 129 436 104 231 134 309 31 91 68 10 108 264 95 247 102 226 14 310 79 206 41 463 80 59 116 121 5 362 16 263 29 390 86 22 147 284 77 454
19 20 1149 22 311 22 253 55 256 140 159 12 297 27 65 113 178 43 108 79 67 6 435 71 425 100 463 123 229 111 417 137 71 118 347 76 131 35 160 69 154 78 442
20 20 912 6 264 137 182 35 33 114 285 142 406 108 118 40 218 20 333 56 453 35 279 9 191 1 236 7 438 57 182 76 233 91 215 28 386 76 134 3 80 99 440
21 20 1172 10 124 18 419 146 131 63 434 123 474 86 449 92 61 19 232 37 270 73 166 9 337 47 83 42 285 150 344 36 79 131 372 149 328 143 300 12 326 80 347
22 20 1384 65 247 111 36 127 130 108 458 122 441 56 147 146 115 145 265 135 298 70 41 52 326 104 40 102 28 96 2 49 216 83 12 39 260 114 179 3 388 3 410
23 20 1121 86 354 96 484 1 327 146 125 18 134 92 47 113 496 13 184 86 496 57 470 98 248 2 258 15 450 44 368 69 463 12 16 93 242 142 141 111 435 108 245
24 20 1219 4 205 109 294 45 204 87 446 116 67 80 158 107 490 20 388 17 315 94 193 95 466 102 371 21 235 132 454 79 61 75 163 116 65 123 488 81 247 21 203
25 20 1256 6 50 113 156 119 60 129 119 59 266 48 462 125 377 103 276 64 467 45 84 145 199 56 101 150 7 58 420 68 165 72 281 82 485 81 276 44 70 3 270
26 20 1138 119 121 149 67 46 224 130 486 18 419 13 233 97 168 13 410 77 455 59 467 24 500 125 392 119 442 147 226 55 185 14 432 115 62 67 195 3 399 33 19
27 20 1087 115 436 25 128 24 466 69 12 81 250 101 378 3 197 44 318 58 360 69 174 60 107 129 7 115 492 62 229 135 496 87 237 27 392 108 462 22 455 25 329
28 20 1064 10 424 51 445 102 109 63 147 24 248 30 252 119 360 49 150 99 319 14 450 13 175 52 203 66 215 13 353 128 65 102 476 9 27 138 234 111 100 137 242
29 20 1308 142 265 131 39 140 327 46 458 135 56 126 192 61 420 128 333 69 70 77 418 138 483 19 178 26 260 1 337 87 51 34 368 46 432 13 479 80 69 137 352
30 20 1212 52 79 34 241 64 38 23 214 68 461 20 252 51 386 83 179 79 302 87 149 81 348 48 353 94 474 149 195 140 54 129 229 110 136 76 244 73 254 55 394
31 20 1255 147 59 102 322 28 368 121 250 84 292 58 180 71 320 72 484 45 211 90 376 29 11 105 167 142 308 18 496 59 420 22 137 129 113 17 58 109 55 121 323
32 20 1135 56 497 66 338 78 281 114 303 5 1 24 297 6 278 119 413 99 348 52 161 87 299 150 384 1 191 139 376 88 390 34 26 61 6 96 78 106 460 38 392
33 20 1056 135 269 33 122 95 460 88 245 4 323 98 94 137 62 27 378 65 23 46 274 147 335 15 257 15 490 60 84 14 419 41 392 38 132 30 380 110 353 122 375
34 20 1068 28 90 39 186 73 484 59 497 150 233 48 440 89 279 34 55 23 94 6 341 135 258 8 176 109 453 52 272 103 236 108 425 72 237 78 41 30 379 91 475
35 20 867 48 27 116 440 48 198 12 255 81 397 2 230 56 299 55 334 52 417 64 63 39 495 85 362 70 90 120 355 13 105 37 489 102 27 28 266 37 319 19 197
36 20 1320 124 182 86 20 82 2 68 322 39 293 46 124 120 33 114 357 84 163 102 396 147 485 25 459 138 73 54 234 32 104 42 369 147 11 57 335 87 474 57 185
37 20 1006 28 224 12 99 70 318 142 412 33 352 45 67 79 314 97 371 56 120 16 128 83 369 3 302 99 28 74 123 58 115 132 329 106 247 26 375 28 453 71 473
38 20 1533 127 284 80 440 91 9 46 85 136 498 120 82 63 52 2 178 146 88 147 479 93 78 145 352 74 406 56 35 141 8 95 375 83 116 81 407 64 27 127 321
39 20 1010 62 401 49 313 145 175 7 74 42 480 109 316 41 322 137 214 82 476 55 19 9 206 117 262 60 151 44 128 18 353 27 184 131 17 7 247 31 79 90 425
40 20 1188 131 440 70 346 55 114 141 196 63 459 77 271 75 395 126 19 28 331 60 244 111 43 30 206 51 442 53 138 140 459 1 277 73 164 8 320 109 11 83 405
41 20 1222 61 277 68 107 20 97 8 130 49 338 27 285 78 308 138 491 133 187 23 316 104 109 121 218 148 70 120 190 66 319 21 249 107 167 94 316 110 70 32 359
42 20 1312 148 229 121 29 121 361 100 128 98 115 38 208 2 279 60 155 3 133 93 440 143 407 31 318 103 152 16 443 147 188 58 280 103 108 31 115 86 303 139 273
43 20 1382 65 77 142 373 150 232 145 388 3 185 130 204 8 246 113 190 88 412 2 191 109 23 71 16 18 202 75 291 137 372 72 225 112 106 53 255 141 171 94 90
44 20 1582 56 407 136 282 142 157 127 109 105 386 106 16 135 197 114 308 129 42 81 245 90 331 20 101 60 90 126 205 58 235 147 31 115 76 11 359 81 127 139 226
45 20 1152 50 461 141 107 4 400 39 71 150 353 116 438 125 80 55 100 7 432 25 215 50 233 91 304 1 426 121 464 90 324 8 25 64 442 115 95 128 213 61 184
46 20 1083 41 4 98 23 52 35 88 412 91 326 48 258 51 145 49 317 123 5 68 198 72 399 81 123 89 302 56 141 39 140 60 449 19 11 57 396 76 305 96 217
47 20 1436 136 78 56 49 119 357 40 389 124 20 49 222 93 169 49 50 146 210 124 332 56 33 83 308 106 363 136 61 112 413 58 134 130 231 10 482 127 3 42 282
48 20 1045 76 256 15 464 112 160 7 47 149 218 32 319 17 448 87 135 8 308 24 289 105 486 30 420 84 108 127 96 110 5 52 333 95 80 23 495 98 380 56 65
49 20 1013 44 351 28 54 33 422 100 383 15 479 52 271 2 237 131 254 135 299 79 93 55 390 13 41 69 161 94 70 68 90 1 258 27 358 138 316 46 279 137 265
50 20 944 28 237 107 36 108 232 33 267 65 26 103 224 121 267 98 275 2 272 25 253 62 332 61 356 9 6 22 143 130 215 112 440 38 30 19 425 12 174 25 349
51 20 1353 59 445 121 492 81 37 144 324 98 337 30 16 130 405 45 106 149 109 98 294 54 381 122 151 15 129 60 368 141 372 145 369 141 60 39 304 6 420 14 355
52 20 1196 104 354 91 313 11 336 63 402 52 204 105 477 85 237 125 405 74 117 51 422 37 207 73 426 97 147 12 403 120 113 140 100 16 100 96 180 84 367 60 171
53 20 1162 27 231 100 334 124 422 42 221 101 334 65 293 87 130 1 467 148 445 50 421 123 283 116 17 85 431 55 62 83 415 2 228 54 290 58 283 113 292 19 271
54 20 1201 132 280 141 356 126 408 2 101 22 273 48 388 88 201 48 213 58 407 3 500 102 349 22 103 86 81 107 156 116 439 109 137 112 336 103 233 23 252 54 407
55 20 1207 32 373 59 353 120 59 1 429 82 259 114 247 142 240 44 75 20 299 108 348 53 29 134 64 6 338 61 44 110 273 142 264 21 89 84 258 93 196 83 476
56 20 1232 130 125 86 10 55 169 57 212 50 312 129 299 105 345 19 25 120 156 23 359 28 169 133 32 146 126 133 47 24 309 22 53 45 124 77 493 128 194 31 2
57 20 995 14 56 10 158 27 326 61 430 50 153 94 199 112 88 26 221 132 78 77 143 51 1 100 335 72 253 67 477 23 170 76 138 73 194 75 180 23 181 81 429
58 20 1146 33 498 59 414 80 371 74 180 138 10 67 406 6 422 115 325 57 355 105 293 108 286 33 149 57 1 24 397 55 285 128 355 129 189 28 460 55 140 82 487
59 20 1134 27 324 67 453 141 469 75 69 13 111 69 215 52 61 19 159 150 311 108 210 92 146 95 335 75 444 38 376 87 425 25 162 71 337 135 247 16 61 63 452
60 20 1136 150 496 45 261 4 125 54 116 52 123 70 119 78 387 127 151 99 239 55 452 129 302 33 382 120 216 11 411 47 447 31 79 73 71 66 482 65 107 112 350
61 20 1236 71 235 37 92 47 293 134 37 90 4 66 319 46 325 82 444 61 168 108 125 136 319 36 161 139 492 64 145 81 20 46 322 114 139 1 45 38 413 148 369
62 20 973 24 215 9 90 147 378 104 385 57 356 72 213 124 429 40 198 111 322 98 187 40 286 129 82 53 473 60 116 13 390 5 466 53 445 5 61 19 61 54 173
63 20 1300 44 495 121 117 67 499 137 120 81 363 107 321 3 39 100 55 7 479 25 91 79 116 132 294 100 426 43 497 147 115 130 381 98 129 123 212 27 111 55 123
64 20 1136 20 223 2 285 84 238 40 210 73 324 91 58 85 257 141 138 5 446 95 290 116 10 41 243 112 196 64 347 50 453 99 387 98 191 83 92 93 368 28 73
65 20 1003 102 254 139 451 47 341 54 232 59 478 19 229 90 100 82 180 132 390 34 236 67 447 81 464 89 347 2 274 33 79 72 289 82 169 28 145 19 37 23 296
66 20 1191 16 180 114 62 125 156 35 251 15 167 66 107 24 153 68 405 128 343 126 113 128 244 124 62 15 205 65 26 118 331 95 138 64 309 6 338 21 458 136 75
67 20 1371 110 42 123 472 119 321 123 464 11 216 22 139 133 15 57 48 19 296 35 339 28 467 121 191 146 459 111 82 56 315 120 317 69 457 95 5 113 386 103 33
68 20 1154 98 383 68 412 102 297 27 133 129 50 21 379 74 472 149 187 22 201 75 176 15 418 93 42 71 497 121 450 72 177 50 196 109 361 24 355 9 473 114 416
69 20 1024 76 117 16 401 12 66 146 218 45 213 90 168 130 131 31 480 73 90 41 238 53 454 73 29 94 205 145 83 48 50 122 408 23 310 16 399 45 399 2 378
70 20 1274 150 31 130 67 45 437 14 221 40 106 96 499 137 475 10 29 16 413 132 45 128 255 143 461 147 42 11 450 48 381 56 374 18 23 100 279 144 408 28 134
71 20 1020 39 446 94 333 30 279 43 270 79 318 1 359 22 244 52 445 9 382 53 164 62 197 123 119 104 67 97 24 59 467 51 53 35 126 105 334 130 169 88 188
72 20 1361 53 288 64 490 121 25 112 251 146 481 125 352 62 269 30 256 48 68 9 140 35 141 112 4 146 301 119 477 116 212 45 139 108 335 128 417 99 443 24 190
73 20 1367 143 335 88 73 44 81 77 453 43 319 12 68 68 20 116 472 131 324 116 483 129 251 68 243 83 298 55 9 81 386 147 52 147 471 89 336 12 329 60 121
74 20 1129 33 407 145 235 28 121 59 16 42 75 11 20 43 105 18 274 107 79 90 483 130 321 76 121 1 203 73 66 147 377 104 429 36 118 118 405 119 105 32 169
75 20 999 2 270 32 148 68 438 78 467 15 445 56 310 141 210 21 471 106 452 6 298 29 354 95 457 27 191 61 73 117 394 24 67 124 148 93 400 81 269 73 64
76 20 1291 20 285 74 453 50 354 60 91 10 175 85 452 93 62 105 93 93 144 24 474 98 350 150 337 95 404 91 289 114 240 134 48 55 347 109 465 69 405 85 296
77 20 1592 63 40 95 224 54 285 133 319 117 205 118 307 122 283 104 62 136 104 77 408 137 204 120 66 136 273 106 124 78 283 65 8 76 174 108 477 79 12 67 446
78 20 797 18 368 51 391 146 242 42 275 54 355 79 150 45 82 7 466 58 470 76 405 116 485 1 279 100 83 16 348 23 380 65 393 34 22 22 192 32 221 12 324
79 20 1100 133 363 3 200 61 408 84 273 47 441 61 49 39 233 85 239 93 390 21 230 59 117 47 229 91 327 60 116 105 215 18 99 92 212 84 136 69 279 124 77
80 20 1151 53 478 1 311 144 226 12 42 132 129 88 34 136 201 102 285 121 231 20 395 43 151 61 48 21 476 4 42 98 96 78 346 136 433 116 362 49 159 24 57
81 20 1226 5 230 105 436 110 109 52 245 62 322 35 139 100 343 71 318 103 356 112 86 50 213 99 126 73 192 53 478 37 139 144 143 71 160 119 320 11 198 121 238
82 20 1308 104 124 1 300 114 62 118 253 47 308 35 475 110 266 56 60 101 305 29 490 146 433 7 420 86 453 149 348 43 387 120 400 137 156 22 235 100 65 111 318
83 20 970 22 398 114 365 17 89 119 43 150 41 17 132 7 154 54 415 41 30 99 335 92 478 117 4 75 90 36 493 119 206 34 230 56 57 36 175 1 63 7 374
84 20 1276 39 19 10 392 91 470 87 142 150 25 60 433 46 289 65 333 73 213 89 119 115 482 107 154 8 61 44 399 121 464 105 304 102 411 113 78 122 390 48 109
85 20 1240 78 275 25 103 76 22 98 345 38 275 41 124 5 286 31 82 117 158 114 200 143 498 66 488 104 45 138 383 49 192 129 458 129 365 29 25 99 477 42 160
86 20 1383 30 5 115 172 12 102 85 364 124 224 85 154 78 176 114 380 29 311 56 307 51 88 117 203 136 451 105 487 44 410 114 363 67 357 148 47 140 118 79 401
87 20 1400 31 420 101 165 138 391 96 456 17 73 102 55 70 404 43 483 120 29 107 437 79 408 88 440 146 348 144 318 16 228 102 108 129 38 24 447 49 43 148 460
88 20 1340 141 217 106 299 13 329 96 322 81 253 17 255 130 360 75 437 65 53 86 433 76 434 142 295 44 189 80 409 81 89 115 278 87 366 121 228 111 78 9 383
89 20 1028 37 255 1 342 115 85 102 24 5 416 137 476 39 24 26 3 125 42 70 210 94 369 24 419 4 374 135 294 30 129 97 139 69 211 12 267 56 52 108 426
90 20 1084 39 207 61 188 31 238 82 323 113 312 54 101 25 158 121 309 21 218 11 243 137 131 17 415 36 253 8 27 144 120 36 80 100 161 143 47 71 92 106 109
91 20 1337 32 68 91 424 45 190 136 414 143 302 44 74 129 77 121 231 45 450 90 331 16 407 124 357 136 356 50 30 35 316 141 348 55 400 24 394 135 438 80 43
92 20 1311 73 393 127 73 85 375 98 216 67 442 31 481 62 93 23 400 131 230 128 367 90 236 101 374 146 40 67 213 29 285 21 111 142 204 82 197 92 464 44 350
93 20 1408 106 487 133 137 131 216 131 465 2 2 141 200 49 308 143 481 127 118 95 311 29 334 116 405 112 487 23 197 57 498 57 360 30 255 137 129 41 195 100 33
94 20 1332 100 489 86 58 138 490 107 12 110 375 28 401 127 118 33 477 120 5 80 450 23 306 41 405 78 350 36 186 68 228 121 326 133 10 142 450 85 400 10 307
95 20 1255 48 92 8 78 131 467 92 164 77 345 46 26 40 68 43 457 13 161 88 299 113 232 142 136 120 256 67 318 34 90 94 353 126 244 71 300 100 25 116 37
96 20 1220 126 298 35 84 101 211 48 79 145 212 65 499 80 206 5 132 35 50 43 392 116 110 114 229 87 499 46 173 118 467 123 185 74 294 41 447 3 439 121 408
97 20 1174 140 303 110 86 13 263 57 452 84 342 133 267 72 460 16 383 105 391 7 299 120 91 41 386 40 139 78 374 38 451 14 305 134 202 107 180 106 39 53 62
98 20 957 82 494 45 38 52 342 111 26 104 423 9 431 16 307 16 268 39 149 132 397 70 237 98 409 67 334 16 318 12 317 146 114 39 64 12 238 37 453 94 411
99 20 1288 104 180 128 477 70 413 107 404 61 493 8 272 108 440 135 331 99 366 25 211 35 406 76 316 92 275 7 63 143 1 29 66 131 367 121 146 4 456 128 147
100 20 1186 57 78 60 310 2 250 66 305 56 375 66 362 28 314 142 410 40 286 147 347 38 500 56 267 69 24 139 61 76 91 15 247 52 27 121 391 124 60 129 224
101 20 1109 97 383 93 490 60 363 42 236 102 309 126 196 141 117 35 74 57 163 60 243 8 278 81 401 56 379 5 460 12 40 17 447 48 417 80 33 131 50 136 380
102 20 1076 124 342 131 483 50 153 26 284 48 51 140 469 4 25 133 181 110 319 98 134 74 480 24 38 76 148 26 416 22 184 35 425 27 123 99 149 56 448 43 98
103 20 1084 75 94 88 396 127 285 98 407 28 41 26 99 60 456 44 183 84 161 138 58 92 278 14 306 15 249 118 171 103 422 53 222 20 427 15 34 42 354 116 63
104 20 1054 131 129 68 45 78 171 43 213 45 204 49 420 56 246 18 166 99 347 8 178 116 199 20 34 116 450 139 452 21 33 26 308 129 70 84 253 54 311 18 283
105 20 1251 129 325 55 379 120 257 55 444 13 489 143 109 8 372 11 55 15 277 142 56 44 179 61 470 98 127 124 118 12 400 142 377 87 275 107 109 81 276 117 24
106 20 1161 145 312 55 180 95 195 142 318 57 285 27 133 66 236 115 326 133 169 17 66 83 317 114 410 87 467 2 43 96 225 81 45 14 148 15 103 23 216 85 418
107 20 982 150 377 79 345 27 422 13 105 11 95 53 107 72 429 22 425 24 459 20 80 128 87 79 129 22 59 123 108 27 213 41 44 121 190 62 119 58 127 96 460
108 20 1107 45 393 107 278 147 290 40 416 22 341 18 405 93 45 57 358 118 498 57 230 84 31 64 101 39 108 88 405 130 451 72 302 28 389 47 391 116 321 12 284
109 20 1007 14 217 1 32 12 237 26 62 121 302 67 444 11 433 32 15 64 303 96 85 132 310 115 52 88 260 79 473 104 5 11 104 52 108 125 172 11 180 98 409
110 20 1218 90 286 87 363 141 115 97 96 140 451 80 429 28 265 36 43 123 479 104 373 126 110 6 210 87 237 53 291 20 105 140 188 70 500 40 419 41 493 14 39
111 20 1301 145 428 115 276 92 225 92 211 41 403 59 61 70 332 139 322 58 173 97 447 123 324 104 338 32 349 82 51 51 352 38 132 148 104 70 48 50 239 21 200
112 20 1274 57 292 114 181 118 323 140 154 130 341 55 198 146 486 87 253 20 38 129 484 68 315 18 121 42 3 27 426 127 131 103 460 21 234 44 49 139 374 8 472
113 20 947 20 48 79 494 98 328 6 90 49 179 13 172 61 458 119 156 147 463 58 7 72 203 53 364 17 41 50 3 26 53 44 277 59 150 25 305 116 335 72 234
114 20 1338 144 148 103 118 52 60 47 143 150 58 89 444 32 394 118 51 125 365 68 134 56 94 86 439 81 270 127 212 127 306 83 223 52 148 36 180 39 357 58 474
115 20 1157 114 204 33 256 99 333 5 457 5 283 141 494 28 249 66 215 27 379 148 447 38 244 83 89 146 22 62 122 10 374 40 162 127 124 79 485 77 164 119 437
116 20 1360 149 258 123 85 148 52 81 105 106 204 110 228 20 202 149 495 132 209 95 408 67 217 23 349 92 472 31 152 142 492 147 259 22 30 3 85 29 487 31 266
117 20 1227 49 266 116 287 47 336 115 235 52 410 8 23 103 238 93 134 83 196 21 232 88 7 138 345 59 322 22 141 4 3 48 18 120 384 104 440 121 381 143 42
118 20 1232 48 289 85 455 95 35 120 38 81 71 147 325 26 253 60 12 119 421 3 401 87 160 42 168 43 243 109 446 118 148 13 466 74 291 144 68 18 75 108 381
119 20 1172 145 219 100 344 131 49 34 247 5 333 16 170 95 277 93 287 94 400 36 366 142 400 39 299 114 245 6 14 126 405 8 153 69 175 53 200 60 151 99 358
120 20 1124 69 258 15 351 120 26 17 286 138 261 9 101 148 265 89 475 57 339 41 395 38 41 99 460 48 99 147 341 93 217 2 436 130 361 6 119 68 261 72 57
121 20 1102 129 342 60 335 15 405 129 26 31 387 121 183 37 366 26 34 36 296 48 272 114 428 93 69 83 368 145 333 17 162 88 324 57 53 24 462 32 361 93 376
122 20 1234 83 123 137 324 40 97 74 24 107 429 71 417 65 449 13 305 22 417 134 486 106 145 62 264 27 258 34 42 145 210 10 445 99 327 146 462 31 416 137 49
123 20 1339 33 208 10 481 144 375 138 142 92 243 90 479 67 353 125 246 21 32 77 142 89 417 149 497 19 162 49 49 144 224 123 435 126 120 73 433 33 421 72 342
124 20 1325 83 380 4 378 71 153 7 110 69 101 73 46 93 288 54 199 129 223 102 253 97 451 75 298 138 233 66 66 84 346 49 327 76 259 143 476 130 477 114 497
125 20 1176 140 482 149 97 10 82 100 26 77 202 5 201 6 464 91 441 150 72 101 105 62 38 23 54 112 73 21 24 7 477 116 24 148 149 97 111 25 240 31 124
126 20 1259 141 432 93 65 112 202 16 38 12 459 148 79 45 294 49 56 12 462 95 28 43 43 35 499 28 301 134 31 63 446 102 231 145 120 122 272 75 468 104 383
127 20 1150 124 145 138 460 7 483 77 248 127 164 118 446 59 133 55 406 22 387 62 179 76 136 3 327 15 191 114 179 129 282 145 245 25 371 72 47 68 244 2 9
128 20 1361 7 494 78 118 60 273 128 471 42 306 120 325 48 135 144 245 18 171 24 443 140 271 103 77 136 275 95 352 13 152 125 340 73 212 147 186 80 135 121 475
129 20 1136 136 55 115 26 65 151 83 14 24 354 116 199 74 411 111 497 17 29 105 26 2 195 13 167 116 310 94 455 104 80 90 418 7 484 4 12 97 262 48 290
130 20 936 103 120 31 484 22 182 135 380 81 453 42 58 87 148 128 20 49 201 41 82 28 238 56 54 35 431 143 131 51 354 1 469 2 257 42 393 82 61 11 275
131 20 1046 40 473 79 101 105 451 120 470 23 41 104 488 58 421 146 241 95 418 24 488 31 79 44 193 123 207 5 164 17 359 27 137 115 223 59 91 35 496 58 266
132 20 1199 38 451 61 337 141 121 77 289 36 466 8 234 99 23 85 447 4 266 57 201 113 356 97 266 63 408 104 234 144 56 7 72 119 73 68 184 114 448 64 313
133 20 1293 71 296 127 382 40 198 108 77 116 387 76 136 97 85 120 311 77 164 110 421 121 483 100 15 28 39 80 278 89 100 31 185 22 437 103 55 26 473 75 411
134 20 1160 103 61 95 356 26 51 45 451 62 35 93 55 80 372 112 442 59 297 42 88 115 427 116 496 21 388 93 16 51 258 84 261 8 80 146 90 50 118 49 167
135 20 1300 143 57 57 11 13 72 77 191 44 365 23 72 106 226 138 35 74 53 94 244 23 185 89 383 103 54 147 181 99 263 12 462 85 121 124 198 126 267 48 65
136 20 1238 150 326 80 151 57 250 67 429 36 294 77 456 94 101 6 21 116 311 97 43 113 235 1 57 114 412 150 246 149 375 2 267 131 70 22 180 27 90 59 65
137 20 1316 87 415 140 298 138 245 102 125 149 485 86 406 35 289 73 378 24 264 90 361 120 170 21 326 137 216 124 442 143 401 40 246 12 151 30 104 87 419 7 263
138 20 1181 134 186 134 317 132 71 29 366 27 392 10 257 41 424 11 8 9 92 101 378 55 187 59 246 75 308 76 192 79 135 147 146 34 197 145 185 38 413 141 248
139 20 1075 20 232 144 163 63 97 110 441 78 228 54 109 92 360 22 93 50 220 103 78 68 196 43 446 78 382 66 156 35 457 10 10 38 478 117 128 66 484 87 22
140 20 1104 43 82 126 323 89 249 93 276 101 215 38 497 38 387 72 174 122 100 36 119 103 38 21 195 29 184 78 73 4 318 27 389 85 146 63 171 75 245 137 52
141 20 1209 127 119 36 274 34 67 90 280 17 102 51 227 64 331 21 36 148 440 70 183 89 164 106 123 49 369 38 315 53 371 131 105 106 479 120 398 101 84 61 271
142 20 1396 110 40 108 247 54 230 118 25 150 59 67 65 14 320 126 138 81 480 106 488 9 363 142 8 95 392 103 487 86 47 97 460 57 280 28 416 91 389 104 85
143 20 1384 16 178 28 30 106 401 127 299 145 414 46 386 98 434 127 142 75 385 47 304 65 202 142 360 122 13 39 234 96 148 82 156 47 243 34 402 139 422 149 162
144 20 1280 80 25 110 62 98 281 125 278 4 155 34 103 139 32 90 10 5 288 150 159 62 231 124 85 70 463 146 289 58 92 52 33 101 140 68 46 66 444 18 313
145 20 1348 52 8 113 464 47 81 93 131 94 247 138 254 143 136 85 473 83 487 61 414 26 424 21 174 126 113 69 196 68 254 131 357 80 268 142 244 48 148 66 50
146 20 1160 15 102 86 132 49 350 41 81 90 187 122 467 84 3 5 297 6 296 104 495 17 366 99 147 148 284 75 237 24 354 147 162 111 77 42 28 100 290 86 300
147 20 997 4 69 9 268 135 275 57 189 107 270 13 409 97 90 118 176 143 60 55 45 25 343 12 87 139 359 29 464 25 307 22 107 71 225 47 500 113 267 26 35
148 20 1025 140 409 43 25 13 288 86 118 65 27 49 401 150 132 55 20 19 342 73 18 88 169 88 2 36 382 72 60 148 34 10 132 16 297 32 370 24 434 75 147
149 20 1256 142 390 131 393 61 228 91 245 63 479 119 58 22 342 63 14 86 289 59 35 99 316 104 258 43 324 142 178 93 150 73 388 75 124 15 427 58 24 31 429
150 20 1064 22 310 58 406 7 361 101 78 14 19 119 49 27 127 142 134 72 179 28 472 147 152 27 386 125 132 107 106 15 403 134 420 87 367 14 410 18 114 66 201
151 20 1343 134 475 49 193 134 35 31 378 72 249 22 134 96 113 69 226 50 447 99 19 115 284 64 475 6 328 132 28 81 259 69 119 122 22 116 457 136 104 82 397
152 20 1379 137 259 34 376 13 208 140 347 134 325 63 40 12 379 146 28 127 251 131 231 135 284 83 306 127 253 95 87 53 280 65 290 30 81 1 201 66 330 132 108
153 20 1068 59 241 125 493 29 258 75 402 57 104 68 261 17 249 45 39 105 334 25 135 96 70 136 245 19 289 105 460 53 120 101 134 65 377 86 21 69 91 1 344
154 20 1171 24 102 75 286 16 316 76 364 115 161 125 481 101 93 114 492 19 19 96 466 82 219 26 356 149 122 125 404 15 317 36 116 145 228 39 315 61 331 25 88
155 20 1214 33 17 68 445 110 272 52 136 72 420 4 193 24 161 121 300 42 66 98 60 1 223 116 440 82 140 150 7 84 18 25 145 78 188 132 32 135 286 91 458
156 20 1274 91 185 55 42 10 355 29 221 100 43 131 125 120 248 108 224 142 121 112 256 78 465 2 174 69 345 115 339 5 427 88 278 149 188 52 85 130 19 7 30
157 20 1273 1 446 74 90 97 6 135 106 24 257 76 97 91 109 84 78 66 35 87 119 54 485 145 348 119 171 146 151 105 416 23 7 53 260 55 318 34 85 123 418
158 20 1172 101 25 128 5 5 470 43 89 142 220 74 49 51 59 114 230 82 100 53 21 72 51 41 38 35 488 45 244 21 157 93 488 130 216 87 490 6 370 143 142
159 20 1083 34 15 26 299 41 448 12 389 42 205 30 305 123 140 145 88 63 6 127 278 73 245 92 449 56 442 53 438 72 263 20 34 113 160 100 412 122 263 10 497
160 20 1126 42 498 5 451 93 433 30 128 79 87 130 472 76 325 71 391 69 342 86 434 22 183 46 231 34 486 39 247 1 374 118 178 135 70 115 163 102 124 115 186
161 20 1294 24 424 20 78 80 439 124 318 23 132 135 190 53 484 108 254 72 283 54 241 79 209 109 452 114 18 147 351 46 71 40 56 57 462 107 355 135 267 91 207
162 20 1373 5 205 70 411 119 281 76 155 100 447 127 240 36 280 135 102 61 298 59 484 106 382 131 258 15 422 118 51 38 416 138 344 119 167 114 44 9 234 141 481
163 20 1135 89 390 31 466 35 444 54 365 86 499 57 98 127 97 21 408 104 403 128 68 2 138 70 251 95 442 32 261 87 68 65 135 6 498 74 356 140 466 116 200
164 20 1104 12 49 65 52 35 24 37 350 104 306 43 317 108 59 87 353 86 11 18 155 147 172 127 400 14 233 6 235 113 395 40 178 108 500 121 74 29 104 80 111
165 20 951 60 408 42 1 12 410 144 318 100 162 138 395 51 3 35 136 46 429 8 190 36 203 120 368 33 287 120 471 23 7 72 174 30 99 9 133 4 329 106 462
166 20 1302 21 116 115 11 145 490 97 68 67 149 68 406 104 30 77 356 123 139 1 207 80 50 128 335 66 378 35 434 58 498 132 234 15 326 139 205 64 463 93 320
167 20 1324 76 112 60 299 100 85 108 225 1 60 70 224 132 360 7 71 65 106 57 284 104 365 16 151 117 469 148 249 148 307 103 153 71 35 135 335 13 306 125 361
168 20 1337 140 134 35 478 94 6 149 225 108 127 17 464 81 364 147 37 125 240 59 355 96 90 127 460 3 433 123 243 77 436 13 194 9 59 108 101 149 480 12 233
169 20 1051 120 336 138 133 11 335 47 82 60 387 95 124 10 386 125 268 25 229 26 11 42 403 94 292 49 134 46 477 30 356 150 409 23 123 41 316 55 49 127 472
170 20 1258 130 344 52 387 24 479 124 296 138 451 52 180 36 332 8 447 146 243 62 308 109 223 46 351 116 70 20 284 9 222 96 315 134 259 120 255 48 277 103 125
171 20 1036 119 160 11 423 131 108 78 386 83 450 28 424 81 120 135 334 82 295 75 425 20 380 25 283 5 226 77 74 27 468 34 258 79 427 49 443 9 198 148 336
172 20 1008 19 54 3 292 4 331 58 442 3 54 145 157 35 95 137 373 43 274 51 175 59 336 37 207 110 410 9 183 121 77 134 130 26 329 122 212 25 49 119 100
173 20 1342 34 139 37 427 141 281 119 398 91 35 39 315 4 112 119 189 33 457 94 57 50 187 136 208 86 85 68 2 128 42 67 382 107 98 91 18 136 351 98 149
174 20 1468 135 444 92 86 147 428 92 280 90 283 96 264 102 35 105 278 53 163 150 15 51 199 83 301 107 460 144 103 128 100 48 122 66 466 126 8 10 205 11 318
175 20 815 55 104 110 106 85 280 24 93 25 357 44 124 38 86 85 98 22 38 4 465 118 269 19 472 21 441 65 381 29 103 105 309 112 66 17 473 30 60 11 50
176 20 993 22 419 136 273 50 387 48 391 139 286 97 322 93 425 80 354 93 282 30 151 4 96 28 269 63 458 133 473 65 282 10 76 18 279 49 498 23 165 61 493
177 20 1241 113 77 81 276 125 330 110 139 80 492 99 115 126 330 33 480 3 495 94 63 3 303 135 446 31 6 133 362 52 141 120 330 25 34 28 463 144 340 17 142
178 20 1091 93 122 31 347 58 389 150 470 54 206 56 300 13 258 66 376 131 351 113 371 108 171 53 2 145 10 38 205 62 163 17 383 62 431 33 226 28 44 53 197
179 20 1003 51 137 20 269 67 470 72 489 51 182 120 430 149 22 120 42 88 426 34 3 27 5 44 200 33 187 20 346 87 401 65 412 75 128 23 38 12 422 96 500
180 20 1218 42 240 138 337 73 46 10 11 56 374 73 274 22 469 105 260 21 32 18 121 57 319 133 190 125 43 126 8 27 156 94 45 82 473 46 264 149 394 126 72
181 20 1250 20 102 115 252 89 63 73 43 135 75 30 318 73 313 113 450 69 342 133 173 37 308 31 437 95 302 123 152 4 175 117 286 127 334 28 21 118 236 33 70
182 20 1144 96 4 15 376 20 127 42 448 92 222 150 383 143 206 5 162 105 89 56 195 144 257 77 447 32 304 30 219 106 347 19 457 81 23 110 29 41 387 67 312
183 20 938 79 389 49 461 45 34 78 407 12 177 12 195 47 235 11 79 62 310 130 279 70 380 57 368 79 489 23 82 71 247 56 89 62 181 66 234 66 94 98 21
184 20 1206 22 74 32 138 101 429 147 288 32 291 57 50 134 322 77 488 20 305 100 21 87 267 90 486 145 375 12 129 99 227 121 124 148 249 15 37 19 35 50 144
185 20 1193 35 223 139 432 57 426 70 35 18 47 38 270 63 210 100 52 104 341 59 151 66 382 118 253 42 447 146 146 112 197 12 206 143 301 10 50 136 25 24 116
186 20 756 4 164 4 240 5 404 25 264 30 493 7 251 126 475 79 229 117 27 74 452 19 411 55 468 3 445 119 489 41 362 40 460 3 350 38 183 145 492 12 316
187 20 1076 64 452 80 132 21 7 67 382 68 489 123 108 114 105 83 137 83 429 10 139 140 356 125 209 52 389 22 427 106 104 57 157 31 184 55 299 33 384 12 297
188 20 1186 39 251 130 362 135 409 55 230 122 136 79 268 84 401 16 428 11 139 57 221 137 43 107 352 97 249 96 108 62 108 115 460 31 412 28 64 36 335 46 453
189 20 1289 92 6 118 158 107 88 12 85 130 224 120 284 115 132 83 246 51 228 61 459 100 38 131 349 45 423 2 170 101 45 74 127 39 234 3 409 140 61 88 88
190 20 1148 125 300 106 500 24 311 98 60 22 175 39 93 48 387 78 66 11 172 97 71 60 295 84 418 118 73 7 268 66 225 134 462 48 38 99 261 140 218 32 399
191 20 1163 101 496 93 298 84 73 81 418 78 389 146 220 6 307 27 214 82 299 54 110 37 248 90 417 87 94 75 365 13 423 110 135 19 70 99 102 141 48 31 151
192 20 957 11 333 45 394 5 18 59 160 77 371 27 379 108 292 3 308 10 207 8 470 67 318 115 191 37 217 129 256 112 157 61 115 61 407 81 225 126 408 55 389
193 20 1452 66 110 124 325 107 116 43 241 111 264 40 386 144 192 21 224 72 387 146 103 125 379 125 246 96 248 55 421 131 295 57 459 82 31 90 367 74 284 106 38
194 20 1131 76 416 127 48 130 180 24 322 6 480 75 304 113 58 30 189 4 363 8 61 140 396 95 480 40 139 105 103 135 111 57 294 91 276 70 91 51 71 37 8
195 20 1188 51 101 6 152 138 68 56 301 27 54 148 261 65 494 34 229 60 208 33 414 62 288 12 37 41 208 42 126 89 392 81 34 136 190 137 125 129 126 138 452
196 20 1228 109 440 145 211 11 309 79 292 47 292 134 322 12 234 120 88 64 72 70 307 145 229 20 24 117 83 67 267 128 68 34 1 31 143 56 198 45 357 102 183
197 20 1222 104 59 150 152 35 198 86 183 124 429 34 321 57 84 92 236 71 104 43 483 22 182 148 81 141 442 77 412 71 352 54 374 77 228 123 306 18 129 1 244
198 20 1231 77 306 104 405 122 120 88 343 64 313 18 155 73 417 14 173 117 80 84 466 64 444 121 32 58 283 26 153 123 433 10 381 76 371 123 366 105 158 72 18
199 20 1396 98 36 110 14 147 367 85 464 21 209 106 309 117 351 123 235 5 381 4 213 126 176 93 141 14 226 97 394 149 125 113 186 67 404 77 200 105 284 89 462
200 20 1126 95 32 17 99 102 271 95 140 108 336 18 115 75 212 70 177 47 111 56 106 132 472 139 449 32 246 70 238 25 447 4 370 84 326 33 379 124 223 82 146
201 20 1196 78 152 16 275 142 242 64 170 69 72 51 56 119 29 65 389 16 309 29 202 26 213 121 228 143 400 74 316 108 76 107 458 86 250 52 208 100 27 30 246
202 20 1535 47 255 142 386 148 88 137 178 11 214 31 241 145 396 139 471 94 153 51 443 53 113 72 357 124 227 150 381 141 492 85 427 58 27 143 110 45 267 103 405
203 20 1165 38 316 83 227 23 179 86 352 106 330 42 384 141 346 124 250 89 55 23 214 46 414 3 129 99 107 100 412 135 275 105 277 23 131 66 353 39 339 86 245
204 20 1025 91 280 58 233 19 369 48 363 12 206 140 481 11 308 123 302 51 199 133 285 138 229 38 162 69 429 49 118 34 427 26 420 10 402 49 151 84 174 99 233
205 20 1386 121 479 80 475 4 491 15 1 126 222 8 485 99 259 121 221 60 190 133 398 11 254 76 20 146 179 8 119 115 107 119 270 132 145 136 332 135 410 88 484
206 20 1137 125 297 89 272 37 294 113 36 22 176 40 483 112 92 16 265 53 308 96 245 104 469 84 23 41 444 134 26 104 452 4 58 119 460 85 407 17 86 27 97
207 20 1474 109 340 92 67 150 181 109 450 135 416 89 164 14 374 99 201 125 127 138 39 102 432 20 427 102 280 5 55 123 62 138 365 17 374 120 77 42 467 114 25
208 20 895 7 341 66 305 75 278 6 323 146 141 66 274 43 223 96 31 4 489 119 107 101 482 4 202 106 92 13 415 76 134 29 306 7 89 34 399 55 225 66 129
209 20 1404 122 60 117 99 105 447 135 229 83 277 13 465 102 17 5 290 138 359 119 69 147 99 105 250 56 64 66 465 147 346 69 306 60 119 65 470 75 53 26 140
210 20 1033 52 171 82 319 88 15 62 8 123 269 1 86 54 404 1 426 64 436 98 122 143 250 105 413 17 338 97 376 39 295 68 59 3 2 42 436 45 3 108 331
211 20 1297 128 479 140 395 4 21 129 344 9 281 35 25 69 10 139 313 142 319 84 122 119 451 126 135 32 357 114 493 66 497 16 343 86 213 135 104 10 4 39 140
212 20 1086 46 297 44 489 52 278 27 425 39 459 15 496 148 333 10 327 134 302 83 96 149 304 110 39 143 100 58 421 126 342 3 122 70 22 63 62 22 1 16 164
213 20 1191 101 435 18 89 38 188 10 444 129 314 50 171 16 217 134 152 104 193 143 244 77 253 97 486 102 155 54 467 53 356 147 34 37 491 15 332 103 461 61 87
214 20 1211 51 464 72 304 86 456 94 166 80 121 135 369 33 452 13 201 90 338 93 140 121 159 51 14 100 143 98 259 35 173 89 198 46 220 41 390 126 122 60 230
215 20 788 21 484 49 331 54 116 78 80 56 87 5 455 76 108 29 47 5 7 103 406 18 295 61 44 25 480 33 384 32 308 58 239 147 455 59 159 23 390 54 239
216 20 939 15 314 62 387 94 219 23 440 6 108 57 215 16 185 144 182 112 498 87 94 48 133 11 225 10 54 135 95 126 156 2 425 82 388 87 106 27 374 30 416
217 20 1030 136 206 51 251 113 222 112 344 84 437 86 392 56 160 137 228 31 428 41 126 2 357 3 307 75 443 1 51 18 293 93 1 62 283 41 374 140 458 6 238
218 20 1376 38 145 44 317 1 394 17 231 99 306 79 309 121 384 104 126 122 58 145 88 136 215 58 358 80 242 93 262 95 218 123 60 80 208 84 110 125 300 76 415
219 20 1117 40 374 9 230 74 176 11 217 122 21 101 455 22 140 121 231 77 15 103 259 107 84 89 115 66 164 98 46 31 409 20 261 130 87 78 32 33 365 65 73
220 20 1216 43 410 26 166 62 466 67 269 93 243 119 297 91 479 36 370 109 258 57 362 148 476 55 385 97 153 40 292 78 199 114 219 107 342 1 339 78 32 99 491
221 20 972 9 68 73 459 54 226 149 130 64 323 20 396 83 162 50 341 24 6 61 497 7 408 87 35 150 124 4 174 35 456 30 387 143 453 48 451 103 256 22 94
222 20 1230 77 364 1 312 113 458 97 161 148 275 106 131 124 452 77 26 101 90 43 98 68 336 96 253 77 107 71 216 5 383 12 306 144 382 56 321 1 199 121 493
223 20 1097 49 386 104 353 45 238 67 458 61 479 21 361 113 408 31 372 73 370 63 286 122 415 18 253 3 379 2 383 150 432 76 158 147 139 38 471 126 337 63 303
224 20 1523 139 442 145 224 107 50 122 119 51 372 131 362 101 416 69 341 125 288 54 101 127 381 132 251 44 77 78 289 114 183 59 287 31 37 82 28 92 492 101 14
225 20 936 10 342 97 211 85 487 100 397 1 173 25 416 64 207 7 421 112 313 65 309 10 267 22 57 27 61 90 257 93 156 41 428 105 329 31 43 90 403 95 421
226 20 1194 90 455 52 136 128 5 29 179 52 84 45 16 150 359 73 246 13 75 7 398 1 213 87 205 117 23 5 262 99 123 125 109 79 286 148 498 79 108 114 113
227 20 1199 61 314 145 74 79 435 35 69 79 330 93 105 121 295 90 391 121 45 148 343 30 303 33 410 60 323 52 180 76 92 75 190 24 97 91 296 72 281 14 77
228 20 866 34 246 32 57 12 161 5 441 26 438 130 450 26 267 10 414 119 438 53 191 74 66 2 159 113 274 12 499 126 104 18 115 89 139 64 451 75 130 63 273
229 20 1417 50 130 6 190 31 183 135 486 135 233 132 262 126 38 59 183 70 302 97 85 63 137 144 316 52 285 50 398 148 225 93 245 148 93 24 182 77 394 132 371
230 20 1224 110 157 112 7 125 473 59 185 43 271 16 216 21 246 29 396 69 402 119 268 37 235 144 277 150 70 138 377 84 440 14 160 36 427 74 160 75 348 76 268
231 20 1176 79 313 10 381 7 312 100 14 107 320 99 98 49 233 130 192 26 455 96 198 62 163 44 183 137 312 85 282 130 270 23 322 36 353 41 450 68 260 141 104
232 20 1132 37 129 54 398 40 432 38 278 115 496 58 402 146 433 137 398 137 12 16 7 30 378 105 462 59 352 113 73 7 112 103 1 92 135 52 345 13 499 63 375
233 20 1138 6 264 1 206 17 29 29 127 71 259 65 207 57 53 47 496 123 49 133 46 111 381 35 305 35 17 60 463 144 302 127 99 74 332 113 481 60 395 115 12
234 20 1178 94 184 85 412 112 189 30 409 90 253 19 5 115 428 30 188 34 419 145 408 20 289 75 305 107 274 80 120 101 356 97 209 20 100 93 271 102 210 24 179
235 20 1216 129 101 66 112 85 251 59 259 144 153 74 407 96 23 39 141 109 321 15 441 37 266 58 333 131 353 94 487 106 211 45 219 43 282 5 343 39 117 146 461
236 20 1337 78 315 125 263 14 361 144 298 86 391 13 256 134 400 9 37 11 346 115 13 138 120 126 201 106 26 84 41 1 265 123 138 24 424 141 307 66 127 134 309
237 20 1220 109 7 140 323 116 96 79 59 92 214 134 296 120 317 101 21 12 31 23 169 123 175 48 6 75 308 35 495 69 437 10 490 70 103 42 320 44 453 83 12
238 20 1323 107 391 9 415 101 297 141 355 78 81 119 113 57 104 140 19 110 326 97 222 48 218 34 243 40 401 73 22 84 261 19 14 56 390 116 58 102 497 123 96
239 20 1233 77 297 100 191 120 377 60 153 37 183 125 228 71 294 5 151 3 260 20 284 124 3 123 420 3 470 141 185 74 380 127 196 51 242 142 447 89 32 50 65
240 20 1180 98 254 2 402 58 428 126 148 118 110 44 181 46 251 120 48 90 493 70 213 50 388 2 75 134 107 94 206 44 35 16 321 16 374 95 408 150 491 102 224
241 20 1544 91 85 70 119 87 449 108 108 15 169 30 65 136 498 93 188 111 360 97 111 132 18 88 206 75 165 137 130 85 147 127 107 144 100 102 360 86 88 116 382
242 20 1084 130 24 47 197 26 162 10 124 81 343 3 121 112 148 22 265 141 139 35 94 24 280 79 332 60 338 98 389 101 292 59 237 67 392 112 376 108 31 40 390
243 20 1058 130 8 43 148 143 195 7 36 66 386 86 156 5 247 71 349 45 77 110 145 150 328 57 1 29 433 87 377 92 22 3 109 83 221 1 335 96 307 19 368
244 20 986 91 456 12 498 49 375 62 266 6 95 27 455 122 188 77 391 12 235 146 169 87 305 1 85 11 348 20 25 43 116 131 172 44 142 80 327 63 266 149 96
245 20 1181 109 166 111 480 20 491 1 237 53 160 133 295 104 119 81 394 102 468 33 207 128 13 85 344 77 259 28 487 2 248 124 139 50 182 119 346 107 241 10 255
246 20 1220 64 394 96 328 76 283 117 405 86 475 39 405 6 153 148 109 71 488 124 37 106 162 35 385 127 38 67 98 1 218 63 146 6 154 123 151 116 477 54 424
247 20 1406 1 197 144 489 95 143 96 1 76 178 132 262 115 305 49 364 133 141 150 248 125 497 7 14 86 276 128 453 30 10 76 195 97 406 84 415 58 277 76 188
248 20 1441 93 223 64 229 115 372 106 322 117 316 140 340 143 51 116 5 63 176 82 140 47 152 60 61 33 293 115 328 106 267 83 488 36 311 112 171 65 471 106 291
249 20 907 23 474 85 256 21 424 54 368 48 483 9 282 45 252 106 463 42 180 3 216 125 40 120 489 50 167 27 50 42 21 62 167 2 228 57 426 71 434 142 327
250 20 1071 54 91 31 472 32 362 30 228 109 285 89 333 142 330 7 476 25 289 17 269 18 483 132 236 52 238 33 238 61 188 109 439 111 130 124 234 116 10 47 172
251 20 1062 127 448 11 282 47 483 148 169 37 136 88 115 41 402 37 295 147 47 37 434 20 41 72 323 124 351 16 403 33 456 68 218 8 482 111 328 132 144 24 122
252 20 1336 60 434 8 333 107 96 147 135 145 326 112 119 53 222 140 45 46 193 107 486 17 411 105 6 7 163 126 205 30 140 97 417 137 62 57 334 29 409 141 462
253 20 1173 70 426 24 287 33 139 65 363 90 259 61 305 105 213 11 461 116 20 101 338 51 170 136 72 101 328 33 162 87 80 47 255 11 446 77 407 117 232 131 420
254 20 1324 108 14 72 217 106 47 104 263 116 435 15 432 116 336 11 69 134 452 77 276 84 461 30 329 89 199 51 172 97 53 89 421 85 405 123 383 145 34 3 409
255 20 1172 116 238 34 451 49 62 91 74 1 91 124 417 25 386 113 443 12 218 110 173 52 381 145 493 105 271 20 228 109 216 50 151 100 372 131 387 77 393 2 160
256 20 1516 83 450 88 407 147 162 47 314 117 223 122 112 97 191 62 84 76 208 86 256 84 208 135 26 6 352 145 323 127 175 149 154 80 32 51 423 102 214 92 122
257 20 1288 26 381 109 45 148 216 111 439 96 183 139 144 57 148 63 177 69 485 61 52 122 33 86 104 98 138 5 243 149 106 1 302 19 493 52 219 138 122 62 202
258 20 958 56 170 35 130 130 179 68 399 24 49 19 332 99 224 76 88 13 72 39 375 100 228 72 307 70 292 2 42 98 339 52 272 57 57 6 47 78 231 104 174
259 20 943 54 243 7 477 27 111 14 480 40 276 135 228 4 94 2 226 125 203 124 66 130 256 39 338 41 180 33 42 6 353 135 375 69 383 108 120 81 217 5 372
260 20 1368 145 235 93 141 23 344 51 115 33 270 31 272 149 459 118 136 101 389 114 261 143 347 112 337 16 196 102 133 118 308 49 297 74 393 20 257 133 211 85 381
261 20 1133 44 313 141 347 74 380 78 81 8 99 89 490 93 163 76 310 126 327 29 263 16 52 111 404 55 196 99 183 97 219 72 445 50 314 37 247 4 65 118 121
262 20 1244 102 22 138 54 6 88 115 422 51 15 19 256 116 451 10 12 29 390 80 98 128 369 84 127 122 325 29 11 44 309 12 147 146 456 145 46 34 433 146 130
263 20 1255 101 457 114 96 111 264 60 197 43 66 90 482 118 123 104 235 14 490 147 130 111 196 23 247 131 174 17 246 100 64 99 145 45 449 105 294 28 482 8 409
264 20 1056 78 236 52 55 99 63 34 387 87 286 47 206 12 125 12 306 106 87 141 256 56 57 125 96 19 188 20 497 48 200 52 250 140 98 40 248 133 26 19 85
265 20 1323 75 350 61 384 137 421 113 105 129 417 35 43 147 330 62 415 13 30 83 279 111 433 118 346 101 458 125 120 87 49 54 435 88 263 33 286 73 335 9 413
266 20 1244 6 333 34 421 40 60 17 356 66 339 83 466 135 386 146 317 68 18 86 39 53 447 118 132 11 119 123 357 89 333 105 410 91 338 23 101 122 466 139 464
267 20 962 47 103 90 184 115 274 71 492 33 119 81 393 64 437 62 489 8 106 109 175 100 81 44 270 20 434 47 166 134 272 26 90 21 467 62 333 65 282 4 42
268 20 1592 41 110 92 180 75 179 130 499 116 320 85 379 150 323 85 130 95 140 104 400 121 455 96 231 93 162 86 241 8 401 115 181 101 332 142 446 116 409 139 335
269 20 1104 2 83 106 70 8 52 8 291 86 178 125 172 75 273 12 310 68 206 63 387 111 446 102 420 106 42 49 172 95 363 81 12 34 370 87 120 35 198 128 175
270 20 1413 109 179 11 266 44 420 134 317 31 155 131 366 107 355 137 108 54 156 130 382 82 438 60 306 16 95 84 126 121 108 112 156 146 468 50 285 82 20 126 446
271 20 1277 29 345 71 396 104 294 12 344 140 372 123 305 74 328 90 106 8 278 84 315 79 135 145 365 119 333 131 88 48 493 32 286 55 321 55 359 118 486 80 122
272 20 1348 103 180 53 53 11 329 69 125 42 401 52 493 29 443 128 409 101 367 132 390 143 427 90 401 46 196 25 337 125 123 120 1 77 120 62 65 133 417 144 135
273 20 1412 140 232 88 3 29 238 146 473 120 137 81 430 45 26 116 34 15 491 46 387 97 56 65 263 127 439 133 34 92 433 110 114 72 223 122 124 6 362 116 280
274 20 1325 119 135 120 360 78 327 104 291 63 52 76 328 53 273 101 437 97 257 103 412 129 13 4 134 87 181 87 493 95 433 61 345 26 171 124 188 38 191 92 7
275 20 1144 106 267 149 258 24 263 20 296 23 458 74 439 79 253 82 496 9 332 114 271 48 196 142 320 139 106 71 335 66 417 105 250 22 108 50 51 73 498 34 353
276 20 1156 5 490 47 76 12 64 85 376 10 361 105 61 72 132 98 223 30 468 138 197 32 354 16 129 96 273 68 383 39 336 120 319 101 312 115 290 111 287 145 455
277 20 1299 75 34 72 372 73 206 137 462 127 346 107 30 134 418 63 325 145 460 91 68 73 479 16 422 57 334 22 157 64 135 77 129 98 425 121 85 67 381 5 81
278 20 937 112 114 65 167 15 420 125 170 69 445 23 119 102 231 16 435 106 423 132 62 17 206 8 106 11 210 138 89 97 297 22 270 22 271 25 417 57 351 10 25
279 20 1108 30 225 66 317 49 414 31 161 21 230 70 420 23 377 61 282 133 126 86 189 38 403 16 395 70 133 28 81 150 345 145 397 96 242 135 386 68 478 69 334
280 20 1012 47 227 51 476 115 93 105 48 45 399 30 91 5 64 13 248 75 482 147 50 18 453 44 36 137 423 101 409 20 479 38 227 49 412 140 115 82 409 3 53
281 20 1168 23 100 23 285 98 73 49 106 81 441 111 399 144 221 80 130 133 486 79 125 17 156 60 152 30 412 145 164 25 135 100 460 127 395 52 14 4 65 80 381
282 20 1222 93 379 123 51 36 245 79 222 55 116 59 446 137 265 15 172 95 487 20 343 110 83 125 2 121 90 145 385 77 215 34 80 52 3 64 393 82 181 6 241
283 20 1308 11 178 15 170 120 183 85 286 44 4 36 301 146 292 149 275 140 281 148 381 36 242 139 410 111 451 24 172 32 71 147 190 39 189 110 281 101 62 3 245
284 20 1148 150 195 17 190 84 475 99 257 130 262 2 10 47 48 4 42 114 335 141 411 8 414 114 319 25 234 39 496 81 365 17 89 25 378 47 424 147 55 144 358
285 20 999 119 302 40 335 114 397 30 75 96 455 62 396 24 5 104 326 79 327 61 454 24 187 90 425 6 356 22 381 89 104 100 461 55 10 95 34 32 446 7 300
286 20 688 11 42 9 365 78 163 18 164 44 365 4 13 28 152 14 11 5 359 14 452 11 447 103 373 5 464 39 51 64 479 59 251 88 317 140 414 78 406 49 290
287 20 1092 114 463 50 206 144 489 64 247 103 125 71 225 16 499 63 262 2 448 31 436 130 306 146 143 45 296 82 392 57 423 39 184 25 382 6 241 64 349 113 472
288 20 1160 19 88 87 148 36 217 79 18 78 338 102 435 97 183 124 254 121 311 150 473 126 370 14 411 143 243 19 204 20 230 101 30 69 190 39 285 4 78 22 93
289 20 1032 5 361 78 323 88 76 76 155 26 289 90 2 122 353 93 287 28 143 119 114 2 22 41 113 17 500 144 50 64 131 38 462 124 364 44 15 22 332 70 213
290 20 1375 31 325 116 234 12 456 115 296 63 487 44 235 123 412 72 428 49 323 88 434 59 285 129 406 135 58 43 292 130 80 97 48 111 241 52 253 145 156 105 472
291 20 1157 47 59 57 234 96 221 76 377 120 306 41 141 55 441 62 10 9 468 55 12 28 161 33 26 104 141 120 243 14 191 137 432 108 374 76 105 64 38 145 194
292 20 963 108 110 99 84 30 370 61 274 31 153 24 239 30 345 36 115 126 346 138 417 26 296 117 433 10 225 6 124 82 1 81 101 5 239 62 316 40 112 92 241
293 20 1302 117 180 20 496 103 250 86 468 72 178 13 229 124 444 62 134 67 96 122 84 53 369 145 241 136 278 29 276 91 396 112 328 102 157 61 161 95 249 18 482
294 20 1086 93 71 20 80 19 175 141 44 30 483 42 2 7 405 7 489 47 185 1 70 134 150 108 217 98 273 114 494 69 406 76 413 71 489 124 393 67 211 90 13
295 20 1258 38 287 73 439 62 379 26 87 41 333 127 76 61 387 43 367 132 423 72 253 116 251 148 166 38 130 53 395 102 363 136 274 71 93 67 191 69 66 98 471
296 20 1484 128 425 40 38 110 378 92 46 78 435 133 213 12 364 138 292 141 480 108 119 10 164 16 393 124 127 138 225 127 169 28 395 89 420 115 181 89 217 139 451
297 20 1126 115 195 37 94 71 464 4 54 90 65 30 421 85 205 56 466 145 291 33 224 41 118 145 101 80 269 83 398 121 25 102 476 10 321 50 215 77 406 33 319
298 20 939 120 140 2 357 39 496 12 344 110 477 26 382 56 283 56 415 119 472 115 485 72 217 24 303 5 493 4 40 101 20 22 10 81 367 56 19 58 189 96 398
299 20 1289 72 378 121 170 103 369 85 87 62 431 64 245 14 88 47 35 55 295 129 46 91 322 131 13 134 439 65 19 58 343 93 49 114 500 108 491 41 461 25 1
300 20 997 46 394 24 136 58 63 30 58 22 66 37 316 47 197 76 167 53 248 115 455 13 151 127 461 24 383 89 294 11 77 74 441 80 297 122 446 142 355 57 156
