1 20 1077 22 1 26 181 122 15 90 334 17 104 33 118 88 48 91 97 10 228 129 183 41 361 143 247 147 227 5 36 5 311 82 206 99 188 110 80 73 244 14 161
2 20 991 14 320 106 203 45 276 5 263 141 208 50 52 5 341 101 68 86 220 53 76 91 391 96 316 25 375 9 333 125 28 53 118 99 297 25 351 80 94 30 270
3 20 1301 45 342 83 378 95 382 144 86 89 345 81 333 30 87 143 171 89 27 52 29 41 260 96 284 106 100 13 385 72 243 112 182 118 301 104 123 107 325 7 179
4 20 1090 23 56 82 277 117 187 131 289 81 133 30 248 53 362 48 70 116 43 50 55 71 229 46 273 123 296 16 380 100 19 49 393 57 318 33 40 97 157 40 373
5 20 1134 47 371 139 207 66 269 96 378 145 83 31 230 121 308 117 293 11 336 35 247 73 41 117 309 21 355 116 363 15 347 96 164 83 74 39 165 25 252 25 302
6 20 1143 58 355 119 319 91 26 15 191 29 362 84 314 96 277 72 349 60 308 20 294 116 235 10 154 143 107 19 255 69 106 120 114 66 271 7 356 97 212 138 93
7 20 1292 97 351 49 23 99 69 87 231 122 263 37 138 18 240 76 346 147 301 97 342 88 124 105 331 71 150 65 137 43 340 26 232 140 78 149 282 40 207 60 202
8 20 1287 147 183 149 74 137 350 83 169 28 93 34 120 70 89 66 378 33 311 62 98 142 30 137 128 100 367 129 67 12 121 58 281 15 74 107 205 43 330 57 253
9 20 1123 127 184 139 142 2 27 121 42 84 133 55 214 34 180 95 63 45 212 31 393 44 180 119 34 19 314 25 196 121 329 11 192 8 324 124 161 71 182 129 338
10 20 1196 149 285 61 326 93 178 39 95 55 119 61 98 140 356 142 268 75 125 26 25 34 154 23 48 77 323 131 131 75 169 119 176 106 321 58 288 14 110 18 178
11 20 1159 45 229 17 106 91 161 36 352 57 376 58 385 94 185 75 17 99 3 140 97 41 132 53 271 137 119 39 398 51 127 15 2 142 227 97 128 140 68 22 114
12 20 1312 138 341 9 116 123 37 9 14 38 391 47 157 90 6 42 77 112 321 135 400 49 3 119 172 135 152 39 84 95 40 145 143 99 3 50 172 117 127 49 393
13 20 1325 1 83 140 215 74 29 23 213 106 313 126 223 53 27 145 241 18 310 84 61 95 359 132 189 58 111 126 189 76 89 49 306 110 78 22 259 130 389 89 353
14 20 1336 89 179 23 354 98 362 71 121 144 151 150 238 96 193 99 33 101 307 89 66 144 75 35 100 79 69 75 385 71 61 63 66 66 48 76 238 44 84 58 365
15 20 1329 64 307 18 326 55 312 139 279 95 359 120 68 135 21 128 316 63 163 15 151 105 176 135 290 59 60 111 331 81 351 25 384 18 362 120 1 113 319 63 346
16 20 1085 12 366 48 95 107 22 62 376 141 336 90 16 30 134 123 127 104 347 2 344 1 151 35 119 45 65 117 80 136 315 26 79 99 180 118 371 25 158 36 165
17 20 1224 62 119 9 316 62 166 144 77 85 7 120 392 42 302 22 54 65 110 94 348 119 364 77 186 113 120 111 143 82 387 53 246 5 184 130 127 130 231 6 54
18 20 1280 140 161 129 349 104 185 134 247 31 73 68 8 108 211 95 198 102 181 14 248 79 165 41 370 80 48 116 97 5 290 16 210 29 312 86 17 147 227 77 364
19 20 1149 22 249 22 202 55 205 140 127 12 237 27 52 113 143 43 87 79 54 6 348 71 340 100 370 123 183 111 334 137 57 118 278 76 105 35 128 69 123 78 354
20 20 912 6 211 137 146 35 26 114 228 142 325 108 95 40 175 20 266 56 363 35 223 9 153 1 189 7 351 57 146 76 186 91 172 28 309 76 107 3 64 99 352
21 20 1172 10 99 18 335 146 105 63 348 123 379 86 360 92 49 19 186 37 216 73 133 9 270 47 67 42 228 150 275 36 63 131 297 149 262 143 240 12 261 80 278
22 20 1384 65 198 111 29 127 104 108 367 122 353 56 118 146 92 145 212 135 238 70 33 52 261 104 32 102 23 96 2 49 173 83 10 39 208 114 143 3 310 3 328
23 20 1121 86 284 96 387 1 261 146 100 18 108 92 38 113 397 13 147 86 397 57 376 98 199 2 207 15 360 44 294 69 370 12 13 93 194 142 113 111 348 108 196
24 20 1219 4 164 109 235 45 163 87 357 116 54 80 126 107 392 20 311 17 252 94 155 95 373 102 297 21 188 132 363 79 49 75 131 116 52 123 391 81 198 21 163
25 20 1256 6 40 113 125 119 48 129 95 59 213 48 370 125 302 103 221 64 373 45 67 145 159 56 81 150 6 58 336 68 132 72 225 82 388 81 221 44 56 3 216
26 20 1138 119 97 149 54 46 179 130 389 18 335 13 186 97 135 13 328 77 364 59 374 24 400 125 314 119 354 147 181 55 148 14 346 115 50 67 156 3 320 33 15
27 20 1087 115 349 25 103 24 373 69 10 81 200 101 303 3 158 44 254 58 288 69 139 60 86 129 6 115 394 62 183 135 397 87 190 27 314 108 370 22 364 25 263
28 20 1064 10 340 51 356 102 87 63 117 24 199 30 202 119 288 49 120 99 255 14 360 13 140 52 163 66 172 13 282 128 52 102 381 9 21 138 187 111 80 137 194
29 20 1308 142 212 131 32 140 262 46 367 135 45 126 154 61 336 128 266 69 56 77 335 138 386 19 142 26 208 1 269 87 41 34 295 46 346 13 383 80 56 137 282
30 20 1212 52 63 34 193 64 30 23 172 68 369 20 201 51 309 83 143 79 242 87 120 81 278 48 283 94 380 149 156 140 43 129 184 110 109 76 195 73 204 55 315
31 20 1255 147 47 102 257 28 295 121 200 84 234 58 144 71 256 72 388 45 169 90 301 29 9 105 134 142 246 18 397 59 336 22 110 129 91 17 47 109 44 121 259
32 20 1135 56 398 66 271 78 225 114 243 5 1 24 237 6 222 119 331 99 278 52 129 87 239 150 307 1 153 139 301 88 312 34 21 61 5 96 62 106 368 38 314
33 20 1056 135 216 33 98 95 368 88 196 4 258 98 75 137 50 27 302 65 19 46 220 147 268 15 205 15 392 60 68 14 336 41 314 38 105 30 304 110 282 122 300
34 20 1068 28 72 39 149 73 387 59 398 150 186 48 352 89 223 34 44 23 76 6 273 135 207 8 141 109 363 52 217 103 189 108 340 72 190 78 33 30 303 91 380
35 20 867 48 22 116 352 48 158 12 204 81 318 2 184 56 240 55 267 52 334 64 50 39 396 85 290 70 72 120 284 13 84 37 391 102 22 28 213 37 255 19 158
36 20 1320 124 146 86 16 82 2 68 258 39 234 46 99 120 26 114 286 84 131 102 317 147 388 25 368 138 59 54 187 32 83 42 295 147 9 57 268 87 379 57 148
37 20 1006 28 179 12 79 70 255 142 329 33 282 45 53 79 252 97 297 56 96 16 103 83 295 3 242 99 22 74 98 58 92 132 264 106 198 26 300 28 363 71 378
38 20 1533 127 227 80 352 91 8 46 68 136 399 120 66 63 41 2 142 146 70 147 384 93 62 145 281 74 325 56 28 141 7 95 300 83 93 81 325 64 22 127 257
39 20 1010 62 321 49 250 145 140 7 59 42 384 109 253 41 257 137 171 82 381 55 15 9 165 117 210 60 121 44 103 18 283 27 147 131 14 7 197 31 63 90 340
40 20 1188 131 352 70 277 55 91 141 157 63 368 77 217 75 316 126 16 28 265 60 195 111 34 30 165 51 354 53 110 140 367 1 221 73 132 8 256 109 9 83 324
41 20 1222 61 221 68 86 20 77 8 104 49 270 27 228 78 246 138 393 133 150 23 253 104 87 121 174 148 56 120 152 66 256 21 199 107 134 94 253 110 56 32 288
42 20 1312 148 183 121 23 121 289 100 102 98 92 38 166 2 223 60 124 3 107 93 352 143 326 31 255 103 122 16 355 147 150 58 224 103 86 31 92 86 242 139 218
43 20 1382 65 62 142 298 150 185 145 310 3 148 130 163 8 197 113 152 88 330 2 153 109 18 71 13 18 162 75 233 137 298 72 180 112 85 53 204 141 137 94 72
44 20 1582 56 326 136 225 142 126 127 87 105 309 106 13 135 158 114 247 129 33 81 196 90 265 20 81 60 72 126 164 58 188 147 25 115 61 11 287 81 101 139 181
45 20 1152 50 369 141 86 4 320 39 57 150 282 116 350 125 64 55 80 7 345 25 172 50 186 91 243 1 341 121 371 90 259 8 20 64 354 115 76 128 171 61 147
46 20 1083 41 3 98 18 52 28 88 330 91 261 48 207 51 116 49 253 123 4 68 159 72 319 81 98 89 242 56 113 39 112 60 360 19 9 57 317 76 244 96 174
47 20 1436 136 62 56 39 119 285 40 312 124 16 49 178 93 135 49 40 146 168 124 265 56 26 83 246 106 291 136 49 112 331 58 108 130 185 10 386 127 3 42 226
48 20 1045 76 205 15 371 112 128 7 38 149 175 32 255 17 358 87 108 8 246 24 232 105 389 30 336 84 87 127 77 110 4 52 267 95 64 23 396 98 304 56 52
49 20 1013 44 281 28 43 33 338 100 307 15 384 52 217 2 190 131 203 135 239 79 75 55 312 13 33 69 129 94 56 68 72 1 207 27 286 138 253 46 223 137 212
50 20 944 28 190 107 29 108 186 33 214 65 21 103 179 121 214 98 220 2 218 25 202 62 266 61 285 9 5 22 114 130 172 112 352 38 24 19 340 12 139 25 279
51 20 1353 59 356 121 394 81 30 144 259 98 270 30 13 130 324 45 85 149 87 98 235 54 305 122 121 15 103 60 295 141 298 145 295 141 48 39 243 6 336 14 284
52 20 1196 104 283 91 251 11 269 63 322 52 163 105 382 85 190 125 324 74 93 51 338 37 166 73 341 97 118 12 323 120 90 140 80 16 80 96 144 84 293 60 137
53 20 1162 27 185 100 267 124 338 42 177 101 267 65 235 87 104 1 374 148 356 50 337 123 227 116 14 85 345 55 50 83 332 2 183 54 232 58 227 113 234 19 217
54 20 1201 132 224 141 285 126 326 2 81 22 218 48 310 88 161 48 171 58 326 3 400 102 279 22 83 86 65 107 125 116 351 109 110 112 269 103 187 23 202 54 326
55 20 1207 32 299 59 283 120 48 1 343 82 208 114 197 142 192 44 60 20 239 108 279 53 23 134 51 6 271 61 35 110 219 142 212 21 71 84 206 93 157 83 381
56 20 1232 130 100 86 8 55 135 57 169 50 250 129 239 105 276 19 20 120 125 23 288 28 135 133 25 146 101 133 38 24 248 22 42 45 99 77 394 128 155 31 2
57 20 995 14 45 10 126 27 261 61 344 50 122 94 159 112 71 26 177 132 62 77 115 51 1 100 268 72 202 67 381 23 136 76 111 73 155 75 144 23 145 81 343
58 20 1146 33 399 59 332 80 297 74 144 138 8 67 325 6 338 115 260 57 284 105 235 108 229 33 119 57 1 24 318 55 228 128 284 129 151 28 368 55 112 82 390
59 20 1134 27 259 67 363 141 375 75 55 13 89 69 172 52 49 19 128 150 249 108 168 92 117 95 268 75 356 38 301 87 340 25 130 71 270 135 197 16 49 63 362
60 20 1136 150 397 45 209 4 100 54 93 52 98 70 96 78 310 127 121 99 192 55 361 129 242 33 306 120 173 11 329 47 358 31 63 73 57 66 386 65 86 112 280
61 20 1236 71 188 37 74 47 234 134 30 90 3 66 255 46 260 82 355 61 135 108 100 136 255 36 129 139 394 64 116 81 16 46 258 114 111 1 36 38 331 148 295
62 20 973 24 172 9 72 147 302 104 308 57 285 72 171 124 344 40 159 111 257 98 150 40 229 129 65 53 379 60 93 13 312 5 373 53 356 5 49 19 49 54 138
63 20 1300 44 396 121 94 67 399 137 96 81 291 107 257 3 31 100 44 7 383 25 73 79 93 132 235 100 341 43 398 147 92 130 305 98 103 123 169 27 89 55 99
64 20 1136 20 178 2 228 84 190 40 168 73 259 91 47 85 206 141 110 5 357 95 232 116 8 41 195 112 157 64 278 50 362 99 310 98 153 83 74 93 295 28 58
65 20 1003 102 203 139 361 47 273 54 185 59 382 19 183 90 80 82 144 132 312 34 189 67 358 81 371 89 278 2 219 33 63 72 231 82 135 28 116 19 30 23 237
66 20 1191 16 144 114 49 125 125 35 201 15 133 66 86 24 123 68 324 128 274 126 91 128 195 124 50 15 164 65 21 118 265 95 110 64 248 6 271 21 367 136 60
67 20 1371 110 34 123 378 119 257 123 371 11 173 22 111 133 12 57 38 19 237 35 271 28 374 121 153 146 368 111 66 56 252 120 254 69 366 95 4 113 309 103 26
68 20 1154 98 307 68 330 102 238 27 106 129 40 21 303 74 378 149 150 22 161 75 141 15 335 93 34 71 398 121 360 72 142 50 157 109 289 24 284 9 378 114 333
69 20 1024 76 93 16 321 12 53 146 175 45 170 90 135 130 105 31 384 73 72 41 191 53 363 73 24 94 164 145 66 48 40 122 326 23 248 16 319 45 319 2 303
70 20 1274 150 25 130 54 45 350 14 177 40 85 96 399 137 380 10 23 16 331 132 36 128 204 143 369 147 34 11 360 48 305 56 299 18 18 100 223 144 326 28 107
71 20 1020 39 357 94 267 30 223 43 216 79 255 1 288 22 195 52 356 9 305 53 132 62 158 123 95 104 54 97 19 59 374 51 43 35 101 105 267 130 135 88 150
72 20 1361 53 231 64 392 121 20 112 201 146 385 125 282 62 215 30 205 48 55 9 112 35 113 112 3 146 241 119 382 116 170 45 111 108 268 128 334 99 355 24 152
73 20 1367 143 268 88 59 44 65 77 363 43 255 12 55 68 16 116 378 131 260 116 386 129 201 68 194 83 239 55 7 81 309 147 42 147 377 89 269 12 264 60 97
74 20 1129 33 326 145 188 28 97 59 13 42 60 11 16 43 84 18 219 107 63 90 386 130 257 76 97 1 162 73 53 147 302 104 343 36 94 118 324 119 84 32 135
75 20 999 2 216 32 119 68 351 78 373 15 356 56 248 141 168 21 377 106 362 6 239 29 284 95 365 27 153 61 58 117 316 24 54 124 118 93 320 81 215 73 51
76 20 1291 20 228 74 362 50 283 60 73 10 140 85 362 93 50 105 74 93 115 24 379 98 280 150 270 95 323 91 232 114 192 134 39 55 277 109 372 69 324 85 237
77 20 1592 63 32 95 179 54 228 133 255 117 164 118 246 122 226 104 50 136 83 77 326 137 164 120 53 136 218 106 99 78 226 65 6 76 139 108 382 79 9 67 357
78 20 797 18 294 51 313 146 194 42 220 54 284 79 120 45 66 7 373 58 376 76 324 116 388 1 223 100 66 16 279 23 304 65 315 34 18 22 154 32 177 12 259
79 20 1100 133 291 3 160 61 327 84 218 47 353 61 39 39 187 85 191 93 312 21 184 59 94 47 183 91 261 60 93 105 172 18 79 92 170 84 109 69 223 124 62
80 20 1151 53 382 1 249 144 181 12 33 132 103 88 27 136 161 102 228 121 185 20 316 43 121 61 38 21 381 4 34 98 77 78 277 136 347 116 289 49 127 24 45
81 20 1226 5 184 105 349 110 87 52 196 62 258 35 111 100 274 71 254 103 285 112 69 50 170 99 101 73 153 53 383 37 111 144 115 71 128 119 256 11 158 121 190
82 20 1308 104 100 1 240 114 50 118 202 47 246 35 380 110 213 56 48 101 244 29 392 146 347 7 336 86 362 149 278 43 310 120 320 137 125 22 188 100 52 111 255
83 20 970 22 319 114 292 17 71 119 35 150 33 17 105 7 123 54 332 41 24 99 268 92 383 117 3 75 72 36 394 119 165 34 184 56 45 36 140 1 50 7 299
84 20 1276 39 15 10 314 91 376 87 114 150 20 60 346 46 232 65 266 73 170 89 96 115 386 107 124 8 49 44 319 121 372 105 244 102 329 113 63 122 312 48 87
85 20 1240 78 220 25 82 76 18 98 276 38 220 41 100 5 229 31 66 117 127 114 160 143 399 66 390 104 36 138 306 49 154 129 367 129 292 29 20 99 382 42 128
86 20 1383 30 4 115 137 12 82 85 292 124 180 85 123 78 141 114 304 29 249 56 246 51 71 117 163 136 361 105 390 44 328 114 291 67 286 148 38 140 95 79 321
87 20 1400 31 336 101 132 138 313 96 365 17 59 102 44 70 324 43 387 120 23 107 350 79 326 88 352 146 279 144 254 16 182 102 86 129 30 24 357 49 34 148 368
88 20 1340 141 174 106 239 13 263 96 257 81 202 17 204 130 288 75 349 65 43 86 347 76 347 142 236 44 151 80 327 81 71 115 223 87 293 121 182 111 62 9 307
89 20 1028 37 204 1 274 115 68 102 19 5 333 137 381 39 19 26 3 125 33 70 168 94 295 24 336 4 299 135 236 30 104 97 111 69 169 12 214 56 42 108 341
90 20 1084 39 166 61 150 31 190 82 258 113 250 54 81 25 127 121 248 21 174 11 194 137 105 17 332 36 203 8 22 144 96 36 64 100 129 143 38 71 74 106 87
91 20 1337 32 55 91 339 45 152 136 332 143 241 44 59 129 62 121 185 45 360 90 265 16 326 124 285 136 285 50 24 35 253 141 278 55 320 24 316 135 351 80 34
92 20 1311 73 314 127 59 85 300 98 173 67 354 31 385 62 75 23 320 131 184 128 294 90 189 101 300 146 32 67 170 29 228 21 89 142 163 82 158 92 372 44 280
93 20 1408 106 390 133 110 131 173 131 372 2 2 141 160 49 246 143 385 127 94 95 249 29 267 116 324 112 389 23 158 57 399 57 288 30 204 137 103 41 156 100 26
94 20 1332 100 392 86 47 138 392 107 10 110 300 28 321 127 95 33 381 120 4 80 360 23 245 41 324 78 280 36 149 68 182 121 261 133 8 142 360 85 320 10 246
95 20 1255 48 74 8 63 131 374 92 132 77 276 46 21 40 55 43 366 13 129 88 239 113 186 142 109 120 205 67 254 34 72 94 283 126 196 71 240 100 20 116 30
96 20 1220 126 238 35 67 101 169 48 64 145 170 65 399 80 165 5 106 35 40 43 314 116 88 114 183 87 399 46 139 118 373 123 148 74 235 41 358 3 351 121 326
97 20 1174 140 243 110 69 13 211 57 362 84 274 133 214 72 368 16 307 105 313 7 240 120 73 41 309 40 112 78 299 38 361 14 244 134 162 107 144 106 31 53 50
98 20 957 82 396 45 30 52 274 111 21 104 338 9 345 16 246 16 214 39 120 132 318 70 190 98 327 67 267 16 254 12 254 146 91 39 51 12 191 37 363 94 329
99 20 1288 104 144 128 382 70 331 107 323 61 395 8 218 108 352 135 265 99 293 25 169 35 325 76 253 92 220 7 50 143 1 29 53 131 293 121 117 4 365 128 118
100 20 1186 57 62 60 248 2 200 66 244 56 300 66 290 28 251 142 328 40 229 147 278 38 400 56 214 69 19 139 49 76 73 15 198 52 22 121 313 124 48 129 180
101 20 1109 97 307 93 392 60 291 42 189 102 247 126 157 141 94 35 60 57 131 60 195 8 223 81 321 56 304 5 368 12 32 17 358 48 334 80 27 131 40 136 304
102 20 1076 124 274 131 386 50 122 26 227 48 41 140 375 4 20 133 145 110 256 98 107 74 384 24 31 76 119 26 333 22 147 35 340 27 98 99 119 56 359 43 78
103 20 1084 75 75 88 317 127 228 98 326 28 33 26 79 60 365 44 147 84 129 138 47 92 222 14 245 15 199 118 137 103 337 53 178 20 342 15 28 42 283 116 50
104 20 1054 131 104 68 36 78 137 43 170 45 164 49 336 56 197 18 133 99 278 8 143 116 159 20 27 116 360 139 362 21 27 26 247 129 56 84 202 54 249 18 226
105 20 1251 129 260 55 303 120 205 55 355 13 391 143 87 8 297 11 44 15 221 142 45 44 143 61 376 98 102 124 95 12 320 142 301 87 220 107 87 81 221 117 19
106 20 1161 145 250 55 144 95 156 142 255 57 228 27 106 66 189 115 261 133 135 17 53 83 254 114 328 87 374 2 35 96 180 81 36 14 119 15 82 23 173 85 335
107 20 982 150 302 79 276 27 338 13 84 11 76 53 86 72 344 22 340 24 367 20 64 128 70 79 103 22 47 123 87 27 170 41 35 121 152 62 95 58 102 96 368
108 20 1107 45 315 107 223 147 232 40 333 22 273 18 324 93 36 57 286 118 399 57 184 84 25 64 81 39 86 88 324 130 361 72 242 28 311 47 313 116 257 12 227
109 20 1007 14 173 1 26 12 190 26 49 121 242 67 355 11 347 32 12 64 243 96 68 132 248 115 42 88 208 79 378 104 4 11 83 52 87 125 138 11 144 98 327
110 20 1218 90 229 87 291 141 92 97 77 140 361 80 344 28 212 36 34 123 383 104 298 126 88 6 168 87 190 53 233 20 84 140 150 70 400 40 336 41 395 14 31
111 20 1301 145 342 115 221 92 180 92 169 41 322 59 49 70 265 139 258 58 139 97 358 123 260 104 271 32 280 82 41 51 282 38 105 148 83 70 39 50 192 21 160
112 20 1274 57 234 114 145 118 258 140 123 130 273 55 158 146 389 87 203 20 30 129 387 68 252 18 97 42 3 27 341 127 105 103 368 21 187 44 40 139 299 8 377
113 20 947 20 38 79 395 98 263 6 72 49 143 13 138 61 367 119 125 147 371 58 6 72 163 53 291 17 33 50 2 26 43 44 222 59 120 25 244 116 268 72 187
114 20 1338 144 118 103 95 52 48 47 115 150 47 89 355 32 315 118 41 125 292 68 107 56 76 86 351 81 216 127 169 127 245 83 179 52 119 36 144 39 286 58 379
115 20 1157 114 164 33 205 99 267 5 366 5 227 141 395 28 199 66 172 27 304 148 358 38 195 83 71 146 18 62 98 10 299 40 130 127 99 79 388 77 131 119 350
116 20 1360 149 207 123 68 148 41 81 84 106 163 110 182 20 161 149 396 132 167 95 327 67 174 23 279 92 377 31 122 142 394 147 207 22 24 3 68 29 389 31 213
117 20 1227 49 213 116 230 47 269 115 188 52 328 8 19 103 191 93 108 83 157 21 185 88 6 138 276 59 258 22 113 4 3 48 15 120 307 104 352 121 305 143 34
118 20 1232 48 231 85 364 95 28 120 30 81 57 147 260 26 202 60 10 119 337 3 321 87 128 42 134 43 194 109 357 118 118 13 373 74 233 144 54 18 60 108 305
119 20 1172 145 175 100 275 131 39 34 198 5 267 16 136 95 222 93 230 94 320 36 293 142 320 39 239 114 196 6 11 126 324 8 122 69 140 53 160 60 121 99 286
120 20 1124 69 206 15 281 120 21 17 229 138 209 9 81 148 212 89 380 57 271 41 316 38 33 99 368 48 79 147 273 93 174 2 349 130 289 6 96 68 209 72 46
121 20 1102 129 274 60 268 15 324 129 21 31 310 121 147 37 293 26 28 36 237 48 218 114 342 93 55 83 295 145 266 17 130 88 260 57 43 24 370 32 289 93 301
122 20 1234 83 98 137 259 40 78 74 19 107 343 71 334 65 360 13 244 22 334 134 389 106 116 62 212 27 207 34 33 145 168 10 356 99 261 146 369 31 333 137 39
123 20 1339 33 166 10 385 144 300 138 114 92 194 90 383 67 282 125 197 21 25 77 114 89 333 149 398 19 130 49 39 144 179 123 348 126 96 73 347 33 337 72 273
124 20 1325 83 304 4 302 71 123 7 88 69 81 73 37 93 231 54 159 129 179 102 202 97 361 75 238 138 187 66 53 84 277 49 262 76 207 143 381 130 382 114 398
125 20 1176 140 386 149 78 10 66 100 21 77 162 5 161 6 372 91 353 150 57 101 84 62 31 23 44 112 59 21 19 7 382 116 19 148 119 97 89 25 192 31 99
126 20 1259 141 346 93 52 112 162 16 31 12 367 148 63 45 236 49 45 12 370 95 22 43 34 35 399 28 241 134 25 63 357 102 185 145 96 122 218 75 375 104 307
127 20 1150 124 116 138 368 7 386 77 199 127 131 118 357 59 107 55 325 22 310 62 143 76 109 3 261 15 153 114 143 129 226 145 196 25 297 72 38 68 195 2 8
128 20 1361 7 395 78 95 60 218 128 377 42 245 120 260 48 108 144 196 18 137 24 355 140 217 103 62 136 220 95 282 13 122 125 272 73 170 147 149 80 108 121 380
129 20 1136 136 44 115 21 65 121 83 11 24 283 116 159 74 329 111 397 17 23 105 21 2 156 13 133 116 248 94 364 104 64 90 335 7 387 4 9 97 210 48 232
130 20 936 103 96 31 387 22 145 135 304 81 362 42 46 87 118 128 16 49 161 41 66 28 191 56 43 35 345 143 105 51 283 1 375 2 206 42 314 82 49 11 220
131 20 1046 40 379 79 81 105 361 120 376 23 33 104 390 58 337 146 193 95 334 24 390 31 63 44 154 123 165 5 132 17 287 27 110 115 178 59 73 35 397 58 213
132 20 1199 38 361 61 269 141 97 77 231 36 373 8 188 99 18 85 358 4 213 57 161 113 285 97 213 63 326 104 188 144 45 7 57 119 59 68 147 114 358 64 251
133 20 1293 71 237 127 306 40 159 108 62 116 309 76 109 97 68 120 249 77 131 110 337 121 387 100 12 28 32 80 222 89 80 31 148 22 349 103 44 26 379 75 329
134 20 1160 103 49 95 285 26 41 45 361 62 28 93 44 80 298 112 353 59 237 42 71 115 341 116 397 21 310 93 13 51 207 84 209 8 64 146 72 50 94 49 134
135 20 1300 143 45 57 9 13 57 77 153 44 292 23 58 106 181 138 28 74 42 94 196 23 148 89 307 103 43 147 145 99 210 12 369 85 97 124 158 126 213 48 52
136 20 1238 150 261 80 121 57 200 67 343 36 236 77 365 94 81 6 17 116 249 97 35 113 188 1 46 114 330 150 197 149 300 2 213 131 56 22 144 27 72 59 52
137 20 1316 87 332 140 239 138 196 102 100 149 388 86 325 35 231 73 302 24 211 90 289 120 136 21 261 137 173 124 354 143 321 40 197 12 121 30 83 87 335 7 210
138 20 1181 134 149 134 254 132 57 29 293 27 314 10 206 41 339 11 6 9 74 101 303 55 150 59 197 75 247 76 153 79 108 147 117 34 158 145 148 38 330 141 199
139 20 1075 20 185 144 131 63 78 110 353 78 183 54 87 92 288 22 75 50 176 103 63 68 157 43 357 78 305 66 125 35 366 10 8 38 383 117 102 66 388 87 18
140 20 1104 43 65 126 259 89 200 93 221 101 172 38 398 38 310 72 139 122 80 36 95 103 31 21 156 29 147 78 59 4 255 27 311 85 117 63 137 75 196 137 42
141 20 1209 127 95 36 220 34 54 90 224 17 82 51 182 64 265 21 29 148 352 70 146 89 132 106 99 49 296 38 252 53 297 131 84 106 383 120 318 101 67 61 217
142 20 1396 110 32 108 198 54 184 118 20 150 47 67 52 14 256 126 111 81 384 106 390 9 291 142 7 95 314 103 389 86 37 97 368 57 224 28 333 91 311 104 68
143 20 1384 16 142 28 24 106 321 127 239 145 331 46 309 98 348 127 114 75 308 47 243 65 162 142 288 122 10 39 187 96 118 82 125 47 195 34 322 139 338 149 130
144 20 1280 80 20 110 50 98 225 125 222 4 124 34 83 139 26 90 8 5 230 150 127 62 185 124 68 70 371 146 231 58 74 52 27 101 112 68 37 66 355 18 250
145 20 1348 52 6 113 371 47 65 93 105 94 198 138 203 143 109 85 379 83 390 61 331 26 340 21 139 126 91 69 157 68 203 131 285 80 214 142 196 48 119 66 40
146 20 1160 15 81 86 106 49 280 41 65 90 150 122 374 84 2 5 238 6 237 104 396 17 293 99 118 148 228 75 189 24 283 147 130 111 62 42 22 100 232 86 240
147 20 997 4 56 9 214 135 220 57 151 107 216 13 327 97 72 118 141 143 48 55 36 25 275 12 69 139 287 29 372 25 246 22 86 71 180 47 400 113 214 26 28
148 20 1025 140 327 43 20 13 231 86 95 65 21 49 321 150 106 55 16 19 274 73 14 88 136 88 1 36 306 72 48 148 28 10 106 16 237 32 296 24 348 75 118
149 20 1256 142 312 131 315 61 183 91 196 63 383 119 46 22 274 63 12 86 231 59 28 99 253 104 206 43 260 142 143 93 120 73 311 75 100 15 342 58 19 31 343
150 20 1064 22 248 58 325 7 289 101 63 14 16 119 39 27 102 142 107 72 144 28 377 147 122 27 309 125 106 107 85 15 322 134 336 87 293 14 328 18 91 66 161
151 20 1343 134 380 49 154 134 28 31 303 72 199 22 108 96 90 69 181 50 358 99 15 115 228 64 380 6 262 132 22 81 207 69 96 122 18 116 366 136 83 82 317
152 20 1379 137 208 34 301 13 166 140 278 134 260 63 32 12 303 146 22 127 201 131 185 135 228 83 245 127 203 95 69 53 224 65 232 30 65 1 161 66 264 132 86
153 20 1068 59 193 125 394 29 207 75 322 57 84 68 209 17 199 45 31 105 268 25 108 96 56 136 196 19 231 105 368 53 96 101 108 65 302 86 17 69 73 1 275
154 20 1171 24 82 75 229 16 253 76 291 115 129 125 385 101 75 114 394 19 15 96 373 82 176 26 285 149 98 125 323 15 254 36 93 145 182 39 252 61 265 25 71
155 20 1214 33 13 68 356 110 217 52 109 72 336 4 155 24 129 121 240 42 53 98 48 1 179 116 352 82 112 150 6 84 14 25 116 78 151 132 25 135 229 91 367
156 20 1274 91 148 55 34 10 284 29 177 100 34 131 100 120 198 108 179 142 97 112 205 78 372 2 139 69 276 115 271 5 341 88 223 149 150 52 68 130 15 7 24
157 20 1273 1 357 74 72 97 5 135 85 24 206 76 78 91 87 84 63 66 28 87 95 54 388 145 278 119 137 146 121 105 333 23 6 53 208 55 254 34 68 123 335
158 20 1172 101 20 128 4 5 376 43 71 142 176 74 39 51 47 114 184 82 80 53 17 72 41 41 31 35 391 45 196 21 125 93 391 130 173 87 392 6 296 143 114
159 20 1083 34 12 26 239 41 359 12 311 42 164 30 244 123 112 145 70 63 5 127 223 73 196 92 360 56 354 53 350 72 210 20 27 113 128 100 329 122 211 10 398
160 20 1126 42 399 5 361 93 346 30 103 79 70 130 378 76 260 71 313 69 274 86 347 22 146 46 185 34 389 39 198 1 299 118 143 135 56 115 131 102 99 115 149
161 20 1294 24 339 20 62 80 351 124 255 23 106 135 152 53 387 108 203 72 226 54 193 79 167 109 361 114 14 147 281 46 57 40 45 57 370 107 284 135 214 91 166
162 20 1373 5 164 70 329 119 225 76 124 100 358 127 192 36 224 135 82 61 238 59 387 106 306 131 206 15 338 118 41 38 333 138 275 119 134 114 35 9 188 141 385
163 20 1135 89 312 31 373 35 356 54 292 86 399 57 78 127 78 21 326 104 322 128 54 2 110 70 201 95 353 32 209 87 55 65 108 6 399 74 285 140 373 116 160
164 20 1104 12 39 65 42 35 19 37 280 104 245 43 254 108 48 87 282 86 9 18 124 147 138 127 320 14 187 6 188 113 316 40 142 108 400 121 59 29 83 80 89
165 20 951 60 327 42 1 12 328 144 255 100 130 138 316 51 2 35 109 46 343 8 152 36 162 120 294 33 230 120 377 23 6 72 139 30 80 9 107 4 263 106 370
166 20 1302 21 93 115 9 145 392 97 55 67 119 68 325 104 24 77 285 123 112 1 166 80 40 128 268 66 303 35 347 58 399 132 187 15 261 139 164 64 370 93 256
167 20 1324 76 90 60 239 100 68 108 180 1 48 70 179 132 288 7 57 65 85 57 227 104 292 16 121 117 375 148 199 148 246 103 123 71 28 135 268 13 245 125 289
168 20 1337 140 107 35 383 94 5 149 180 108 102 17 371 81 291 147 30 125 192 59 284 96 72 127 368 3 347 123 194 77 349 13 155 9 47 108 81 149 384 12 187
169 20 1051 120 269 138 106 11 268 47 66 60 310 95 99 10 309 125 215 25 184 26 9 42 323 94 234 49 107 46 382 30 285 150 327 23 98 41 253 55 39 127 378
170 20 1258 130 276 52 310 24 383 124 237 138 361 52 144 36 266 8 357 146 195 62 247 109 178 46 281 116 56 20 228 9 178 96 252 134 207 120 204 48 222 103 100
171 20 1036 119 128 11 338 131 86 78 309 83 360 28 339 81 96 135 267 82 236 75 340 20 304 25 227 5 181 77 60 27 374 34 206 79 342 49 355 9 158 148 269
172 20 1008 19 43 3 234 4 265 58 353 3 43 145 126 35 76 137 298 43 219 51 140 59 269 37 166 110 328 9 146 121 62 134 104 26 264 122 169 25 39 119 80
173 20 1342 34 111 37 341 141 225 119 319 91 28 39 252 4 90 119 151 33 365 94 46 50 149 136 166 86 68 68 2 128 33 67 306 107 79 91 14 136 281 98 119
174 20 1468 135 355 92 69 147 342 92 224 90 227 96 211 102 28 105 222 53 131 150 12 51 159 83 241 107 368 144 82 128 80 48 98 66 373 126 7 10 164 11 254
175 20 815 55 83 110 85 85 224 24 74 25 286 44 100 38 69 85 78 22 30 4 372 118 216 19 378 21 353 65 305 29 83 105 248 112 53 17 379 30 48 11 40
176 20 993 22 335 136 219 50 309 48 313 139 229 97 258 93 340 80 283 93 226 30 121 4 77 28 215 63 366 133 378 65 226 10 61 18 223 49 399 23 132 61 395
177 20 1241 113 61 81 221 125 264 110 111 80 394 99 92 126 264 33 384 3 396 94 51 3 243 135 357 31 5 133 290 52 113 120 264 25 27 28 370 144 272 17 113
178 20 1091 93 97 31 277 58 311 150 376 54 165 56 240 13 207 66 301 131 281 113 297 108 137 53 2 145 8 38 164 62 131 17 307 62 345 33 181 28 35 53 158
179 20 1003 51 109 20 216 67 376 72 391 51 146 120 344 149 17 120 34 88 341 34 3 27 4 44 160 33 150 20 277 87 321 65 329 75 102 23 30 12 337 96 400
180 20 1218 42 192 138 269 73 37 10 9 56 299 73 219 22 376 105 208 21 25 18 97 57 256 133 152 125 34 126 7 27 125 94 36 82 379 46 211 149 316 126 58
181 20 1250 20 81 115 202 89 50 73 34 135 60 30 254 73 251 113 360 69 274 133 138 37 246 31 350 95 242 123 122 4 140 117 229 127 268 28 17 118 189 33 56
182 20 1144 96 4 15 301 20 102 42 358 92 177 150 307 143 165 5 130 105 71 56 156 144 206 77 357 32 243 30 175 106 278 19 366 81 18 110 24 41 310 67 250
183 20 938 79 311 49 369 45 27 78 325 12 142 12 156 47 188 11 63 62 248 130 223 70 304 57 294 79 391 23 66 71 198 56 71 62 145 66 187 66 75 98 17
184 20 1206 22 59 32 110 101 343 147 231 32 233 57 40 134 258 77 391 20 244 100 17 87 213 90 389 145 300 12 104 99 182 121 99 148 199 15 30 19 28 50 115
185 20 1193 35 178 139 345 57 341 70 28 18 38 38 216 63 168 100 42 104 273 59 121 66 306 118 202 42 358 146 117 112 158 12 165 143 241 10 40 136 20 24 93
186 20 756 4 132 4 192 5 323 25 211 30 395 7 201 126 380 79 183 117 22 74 362 19 329 55 375 3 356 119 391 41 290 40 368 3 280 38 147 145 394 12 253
187 20 1076 64 362 80 106 21 5 67 306 68 392 123 86 114 84 83 110 83 343 10 111 140 285 125 167 52 311 22 342 106 83 57 126 31 147 55 240 33 308 12 238
188 20 1186 39 201 130 290 135 327 55 184 122 109 79 215 84 321 16 342 11 111 57 177 137 35 107 282 97 200 96 86 62 87 115 368 31 330 28 51 36 268 46 362
189 20 1289 92 5 118 127 107 71 12 68 130 179 120 228 115 105 83 197 51 182 61 367 100 30 131 279 45 339 2 136 101 36 74 102 39 187 3 328 140 49 88 71
190 20 1148 125 240 106 400 24 249 98 48 22 140 39 74 48 310 78 53 11 138 97 57 60 236 84 334 118 58 7 214 66 180 134 370 48 31 99 209 140 175 32 320
191 20 1163 101 397 93 239 84 58 81 335 78 311 146 176 6 246 27 172 82 240 54 88 37 198 90 333 87 75 75 292 13 338 110 108 19 56 99 82 141 38 31 121
192 20 957 11 267 45 316 5 15 59 128 77 297 27 303 108 234 3 246 10 166 8 376 67 255 115 153 37 174 129 205 112 126 61 92 61 326 81 180 126 327 55 311
193 20 1452 66 88 124 260 107 93 43 193 111 211 40 309 144 153 21 179 72 310 146 82 125 303 125 197 96 199 55 337 131 236 57 367 82 25 90 294 74 227 106 31
194 20 1131 76 333 127 38 130 144 24 258 6 384 75 243 113 47 30 151 4 290 8 49 140 317 95 384 40 112 105 83 135 89 57 235 91 221 70 73 51 57 37 6
195 20 1188 51 81 6 122 138 55 56 241 27 43 148 209 65 395 34 183 60 166 33 331 62 231 12 30 41 167 42 101 89 314 81 27 136 152 137 100 129 101 138 362
196 20 1228 109 352 145 169 11 248 79 234 47 234 134 258 12 188 120 70 64 58 70 245 145 183 20 19 117 67 67 214 128 54 34 1 31 115 56 159 45 286 102 147
197 20 1222 104 47 150 122 35 159 86 147 124 344 34 257 57 67 92 189 71 83 43 387 22 146 148 65 141 354 77 330 71 282 54 299 77 182 123 245 18 104 1 195
198 20 1231 77 245 104 324 122 96 88 274 64 251 18 124 73 334 14 138 117 64 84 373 64 355 121 26 58 226 26 122 123 347 10 305 76 297 123 293 105 127 72 14
199 20 1396 98 29 110 11 147 294 85 372 21 167 106 247 117 281 123 188 5 305 4 170 126 141 93 113 14 181 97 315 149 100 113 149 67 323 77 160 105 227 89 369
200 20 1126 95 26 17 80 102 217 95 112 108 269 18 92 75 170 70 142 47 89 56 85 132 378 139 359 32 197 70 191 25 358 4 296 84 261 33 303 124 179 82 117
201 20 1196 78 122 16 220 142 194 64 136 69 58 51 45 119 23 65 311 16 247 29 161 26 171 121 183 143 320 74 253 108 61 107 367 86 200 52 167 100 22 30 197
202 20 1535 47 204 142 309 148 71 137 142 11 172 31 193 145 317 139 377 94 122 51 354 53 90 72 286 124 182 150 305 141 394 85 341 58 22 143 88 45 214 103 324
203 20 1165 38 253 83 182 23 143 86 282 106 264 42 308 141 277 124 200 89 44 23 171 46 331 3 103 99 85 100 330 135 220 105 222 23 105 66 283 39 271 86 196
204 20 1025 91 224 58 187 19 295 48 290 12 165 140 385 11 247 123 241 51 160 133 228 138 183 38 130 69 343 49 94 34 342 26 336 10 322 49 121 84 140 99 186
205 20 1386 121 383 80 380 4 393 15 1 126 178 8 388 99 207 121 177 60 152 133 319 11 203 76 16 146 144 8 95 115 86 119 216 132 116 136 266 135 328 88 387
206 20 1137 125 238 89 218 37 235 113 29 22 141 40 387 112 74 16 212 53 246 96 196 104 375 84 18 41 355 134 21 104 361 4 47 119 368 85 325 17 69 27 77
207 20 1474 109 272 92 54 150 145 109 360 135 333 89 131 14 299 99 161 125 101 138 32 102 345 20 341 102 224 5 44 123 50 138 292 17 299 120 62 42 374 114 20
208 20 895 7 273 66 244 75 223 6 259 146 113 66 219 43 179 96 25 4 391 119 86 101 386 4 161 106 74 13 332 76 107 29 245 7 71 34 319 55 180 66 103
209 20 1404 122 48 117 79 105 357 135 183 83 221 13 372 102 13 5 232 138 287 119 56 147 79 105 200 56 51 66 372 147 277 69 245 60 95 65 376 75 42 26 112
210 20 1033 52 137 82 255 88 12 62 6 123 216 1 69 54 323 1 341 64 349 98 97 143 200 105 331 17 270 97 301 39 236 68 48 3 2 42 349 45 3 108 265
211 20 1297 128 383 140 316 4 17 129 275 9 225 35 20 69 8 139 251 142 256 84 98 119 361 126 108 32 286 114 395 66 398 16 274 86 171 135 83 10 3 39 112
212 20 1086 46 238 44 391 52 222 27 340 39 368 15 397 148 267 10 261 134 242 83 77 149 243 110 32 143 80 58 337 126 274 3 97 70 18 63 50 22 1 16 131
213 20 1191 101 348 18 71 38 151 10 355 129 251 50 137 16 173 134 122 104 154 143 195 77 203 97 389 102 124 54 374 53 285 147 28 37 393 15 266 103 369 61 70
214 20 1211 51 371 72 244 86 365 94 133 80 97 135 295 33 361 13 161 90 271 93 112 121 127 51 11 100 114 98 207 35 139 89 159 46 176 41 312 126 98 60 184
215 20 788 21 387 49 265 54 93 78 64 56 70 5 364 76 87 29 38 5 5 103 325 18 236 61 35 25 384 33 307 32 246 58 191 147 364 59 128 23 312 54 191
216 20 939 15 252 62 310 94 175 23 352 6 87 57 172 16 148 144 145 112 398 87 75 48 106 11 180 10 44 135 76 126 125 2 340 82 311 87 85 27 299 30 333
217 20 1030 136 165 51 201 113 178 112 276 84 350 86 313 56 128 137 182 31 343 41 101 2 285 3 246 75 355 1 41 18 235 93 1 62 226 41 299 140 367 6 191
218 20 1376 38 116 44 253 1 315 17 185 99 245 79 247 121 307 104 101 122 46 145 71 136 172 58 286 80 193 93 210 95 175 123 48 80 167 84 88 125 240 76 332
219 20 1117 40 299 9 184 74 141 11 174 122 17 101 364 22 112 121 185 77 12 103 208 107 68 89 92 66 131 98 37 31 327 20 209 130 69 78 26 33 292 65 59
220 20 1216 43 328 26 133 62 373 67 215 93 195 119 238 91 383 36 296 109 207 57 290 148 381 55 308 97 122 40 234 78 159 114 175 107 274 1 272 78 25 99 393
221 20 972 9 55 73 367 54 181 149 104 64 258 20 317 83 130 50 273 24 5 61 398 7 327 87 28 150 99 4 139 35 365 30 309 143 362 48 361 103 205 22 75
222 20 1230 77 291 1 250 113 366 97 129 148 220 106 105 124 362 77 21 101 72 43 79 68 269 96 202 77 85 71 173 5 307 12 245 144 305 56 257 1 159 121 394
223 20 1097 49 309 104 282 45 191 67 367 61 383 21 289 113 326 31 298 73 296 63 229 122 332 18 202 3 304 2 306 150 346 76 127 147 111 38 377 126 270 63 243
224 20 1523 139 353 145 180 107 40 122 95 51 298 131 290 101 333 69 273 125 230 54 81 127 305 132 201 44 61 78 231 114 146 59 230 31 29 82 23 92 393 101 12
225 20 936 10 274 97 169 85 390 100 318 1 139 25 333 64 166 7 337 112 251 65 247 10 214 22 45 27 49 90 205 93 125 41 342 105 263 31 35 90 322 95 337
226 20 1194 90 364 52 109 128 4 29 143 52 67 45 13 150 287 73 197 13 60 7 318 1 171 87 164 117 18 5 210 99 99 125 87 79 229 148 399 79 86 114 91
227 20 1199 61 251 145 59 79 348 35 56 79 264 93 84 121 236 90 313 121 36 148 274 30 243 33 328 60 259 52 144 76 74 75 152 24 77 91 237 72 225 14 62
228 20 866 34 197 32 46 12 129 5 353 26 350 130 360 26 214 10 331 119 350 53 153 74 53 2 127 113 219 12 399 126 83 18 92 89 112 64 361 75 104 63 219
229 20 1417 50 104 6 152 31 147 135 389 135 187 132 210 126 30 59 146 70 242 97 68 63 109 144 253 52 228 50 319 148 180 93 196 148 74 24 145 77 315 132 297
230 20 1224 110 126 112 6 125 378 59 148 43 217 16 173 21 197 29 317 69 322 119 214 37 188 144 221 150 56 138 301 84 352 14 128 36 342 74 128 75 278 76 215
231 20 1176 79 251 10 305 7 250 100 11 107 256 99 79 49 187 130 153 26 364 96 158 62 130 44 146 137 249 85 226 130 216 23 258 36 282 41 360 68 208 141 83
232 20 1132 37 104 54 319 40 346 38 222 115 397 58 322 146 347 137 318 137 10 16 6 30 303 105 370 59 282 113 59 7 90 103 1 92 108 52 276 13 399 63 300
233 20 1138 6 211 1 165 17 23 29 101 71 207 65 165 57 42 47 397 123 40 133 37 111 305 35 244 35 14 60 371 144 242 127 79 74 265 113 385 60 316 115 10
234 20 1178 94 147 85 329 112 151 30 327 90 203 19 4 115 343 30 151 34 335 145 327 20 232 75 244 107 219 80 96 101 285 97 167 20 80 93 217 102 168 24 143
235 20 1216 129 81 66 90 85 201 59 208 144 122 74 326 96 18 39 113 109 257 15 353 37 213 58 267 131 282 94 390 106 169 45 175 43 226 5 275 39 93 146 369
236 20 1337 78 252 125 210 14 289 144 238 86 313 13 205 134 320 9 30 11 277 115 10 138 96 126 161 106 21 84 33 1 212 123 111 24 340 141 246 66 102 134 247
237 20 1220 109 6 140 259 116 77 79 48 92 171 134 237 120 254 101 17 12 25 23 136 123 140 48 5 75 246 35 396 69 350 10 392 70 82 42 256 44 362 83 10
238 20 1323 107 313 9 332 101 237 141 284 78 65 119 91 57 83 140 15 110 261 97 178 48 174 34 194 40 321 73 18 84 209 19 11 56 312 116 46 102 398 123 77
239 20 1233 77 238 100 153 120 301 60 122 37 147 125 183 71 235 5 121 3 208 20 228 124 2 123 336 3 376 141 148 74 304 127 157 51 193 142 358 89 26 50 52
240 20 1180 98 204 2 321 58 343 126 119 118 88 44 145 46 201 120 39 90 394 70 170 50 311 2 60 134 86 94 165 44 28 16 257 16 299 95 327 150 393 102 179
241 20 1544 91 68 70 95 87 360 108 87 15 135 30 52 136 398 93 151 111 288 97 89 132 14 88 165 75 132 137 104 85 118 127 86 144 80 102 288 86 71 116 306
242 20 1084 130 19 47 158 26 129 10 99 81 274 3 97 112 118 22 212 141 111 35 76 24 224 79 266 60 271 98 312 101 234 59 190 67 313 112 301 108 25 40 312
243 20 1058 130 7 43 119 143 156 7 29 66 309 86 125 5 198 71 279 45 62 110 116 150 262 57 1 29 347 87 302 92 17 3 87 83 177 1 268 96 245 19 294
244 20 986 91 365 12 398 49 300 62 213 6 76 27 364 122 150 77 313 12 188 146 135 87 244 1 68 11 279 20 20 43 93 131 138 44 114 80 261 63 213 149 77
245 20 1181 109 133 111 384 20 393 1 190 53 128 133 236 104 95 81 315 102 374 33 165 128 10 85 275 77 208 28 390 2 199 124 111 50 146 119 277 107 193 10 204
246 20 1220 64 315 96 262 76 227 117 324 86 380 39 324 6 122 148 88 71 390 124 29 106 129 35 308 127 31 67 79 1 175 63 117 6 123 123 121 116 382 54 339
247 20 1406 1 158 144 391 95 115 96 1 76 142 132 210 115 244 49 291 133 113 150 199 125 398 7 11 86 221 128 363 30 8 76 156 97 325 84 332 58 222 76 150
248 20 1441 93 179 64 183 115 297 106 258 117 253 140 272 143 41 116 4 63 141 82 112 47 122 60 49 33 234 115 263 106 214 83 390 36 249 112 137 65 377 106 233
249 20 907 23 379 85 205 21 340 54 294 48 386 9 226 45 201 106 370 42 144 3 173 125 32 120 391 50 134 27 40 42 17 62 134 2 182 57 341 71 348 142 262
250 20 1071 54 73 31 378 32 290 30 183 109 228 89 266 142 264 7 381 25 231 17 215 18 387 132 189 52 191 33 191 61 150 109 351 111 104 124 187 116 8 47 138
251 20 1062 127 359 11 225 47 386 148 135 37 109 88 92 41 322 37 236 147 37 37 348 20 33 72 259 124 281 16 323 33 365 68 175 8 385 111 263 132 116 24 98
252 20 1336 60 347 8 266 107 77 147 108 145 261 112 95 53 178 140 36 46 155 107 389 17 329 105 5 7 131 126 164 30 112 97 334 137 50 57 267 29 327 141 370
253 20 1173 70 341 24 229 33 111 65 290 90 207 61 244 105 170 11 369 116 16 101 271 51 136 136 58 101 262 33 129 87 64 47 204 11 357 77 325 117 185 131 336
254 20 1324 108 11 72 174 106 37 104 211 116 348 15 346 116 269 11 55 134 362 77 221 84 369 30 264 89 160 51 138 97 42 89 337 85 324 123 307 145 27 3 327
255 20 1172 116 190 34 361 49 50 91 59 1 73 124 334 25 309 113 355 12 175 110 139 52 305 145 395 105 217 20 182 109 173 50 121 100 298 131 310 77 314 2 128
256 20 1516 83 360 88 326 147 130 47 251 117 178 122 90 97 153 62 67 76 167 86 205 84 166 135 21 6 282 145 259 127 140 149 123 80 26 51 338 102 171 92 98
257 20 1288 26 305 109 36 148 173 111 351 96 147 139 115 57 119 63 142 69 388 61 41 122 27 86 83 98 111 5 195 149 85 1 242 19 395 52 175 138 98 62 162
258 20 958 56 136 35 104 130 143 68 319 24 39 19 266 99 179 76 70 13 58 39 300 100 182 72 245 70 234 2 33 98 271 52 218 57 45 6 38 78 185 104 139
259 20 943 54 194 7 382 27 89 14 384 40 221 135 183 4 75 2 181 125 162 124 53 130 205 39 271 41 144 33 34 6 283 135 300 69 306 108 96 81 174 5 298
260 20 1368 145 188 93 113 23 275 51 92 33 216 31 218 149 367 118 109 101 311 114 209 143 278 112 270 16 157 102 106 118 246 49 238 74 315 20 206 133 169 85 305
261 20 1133 44 251 141 278 74 304 78 65 8 79 89 392 93 131 76 248 126 261 29 210 16 41 111 323 55 157 99 147 97 175 72 356 50 251 37 198 4 52 118 97
262 20 1244 102 18 138 44 6 70 115 338 51 12 19 205 116 361 10 10 29 312 80 78 128 295 84 102 122 260 29 9 44 247 12 118 146 365 145 37 34 347 146 104
263 20 1255 101 366 114 77 111 212 60 158 43 53 90 386 118 99 104 188 14 392 147 104 111 157 23 198 131 139 17 197 100 52 99 116 45 359 105 236 28 385 8 328
264 20 1056 78 189 52 44 99 50 34 310 87 229 47 165 12 100 12 245 106 70 141 205 56 46 125 77 19 150 20 398 48 160 52 200 140 79 40 198 133 21 19 68
265 20 1323 75 280 61 307 137 337 113 84 129 334 35 34 147 264 62 332 13 24 83 223 111 346 118 277 101 366 125 96 87 39 54 348 88 211 33 229 73 268 9 330
266 20 1244 6 266 34 337 40 48 17 285 66 271 83 373 135 309 146 253 68 15 86 32 53 357 118 106 11 96 123 286 89 267 105 328 91 271 23 81 122 373 139 371
267 20 962 47 83 90 148 115 219 71 393 33 95 81 314 64 349 62 392 8 85 109 140 100 65 44 216 20 347 47 133 134 218 26 72 21 374 62 267 65 226 4 34
268 20 1592 41 88 92 144 75 143 130 399 116 256 85 303 150 259 85 104 95 112 104 320 121 364 96 185 93 130 86 193 8 321 115 145 101 266 142 357 116 327 139 268
269 20 1104 2 67 106 56 8 42 8 233 86 143 125 137 75 219 12 248 68 165 63 310 111 357 102 336 106 34 49 137 95 291 81 9 34 296 87 96 35 158 128 140
270 20 1413 109 144 11 213 44 336 134 254 31 124 131 293 107 284 137 86 54 125 130 306 82 351 60 245 16 76 84 101 121 87 112 125 146 375 50 228 82 16 126 357
271 20 1277 29 276 71 317 104 235 12 276 140 298 123 244 74 262 90 85 8 223 84 252 79 108 145 292 119 267 131 70 48 395 32 229 55 257 55 288 118 389 80 97
272 20 1348 103 144 53 42 11 263 69 100 42 321 52 395 29 355 128 327 101 294 132 312 143 342 90 321 46 157 25 270 125 98 120 1 77 96 62 52 133 333 144 108
273 20 1412 140 186 88 3 29 191 146 378 120 109 81 344 45 21 116 27 15 393 46 309 97 45 65 211 127 351 133 27 92 347 110 91 72 179 122 100 6 289 116 224
274 20 1325 119 108 120 288 78 261 104 233 63 42 76 262 53 219 101 349 97 205 103 329 129 10 4 107 87 145 87 395 95 346 61 276 26 137 124 151 38 153 92 5
275 20 1144 106 214 149 206 24 210 20 237 23 366 74 351 79 202 82 397 9 266 114 217 48 157 142 256 139 85 71 268 66 333 105 200 22 87 50 41 73 399 34 283
276 20 1156 5 392 47 61 12 51 85 301 10 289 105 49 72 106 98 178 30 375 138 158 32 284 16 103 96 219 68 307 39 269 120 255 101 250 115 232 111 230 145 364
277 20 1299 75 27 72 298 73 165 137 369 127 277 107 24 134 334 63 260 145 368 91 55 73 384 16 338 57 267 22 126 64 108 77 103 98 340 121 68 67 305 5 65
278 20 937 112 92 65 134 15 336 125 136 69 356 23 95 102 185 16 348 106 339 132 50 17 165 8 85 11 168 138 71 97 238 22 216 22 217 25 334 57 281 10 20
279 20 1108 30 180 66 253 49 331 31 129 21 184 70 336 23 302 61 226 133 101 86 152 38 322 16 316 70 106 28 65 150 276 145 318 96 193 135 309 68 382 69 267
280 20 1012 47 182 51 381 115 75 105 38 45 319 30 73 5 51 13 199 75 385 147 40 18 362 44 29 137 338 101 327 20 383 38 182 49 330 140 92 82 327 3 43
281 20 1168 23 80 23 228 98 58 49 85 81 353 111 319 144 177 80 104 133 389 79 100 17 125 60 121 30 330 145 131 25 108 100 368 127 316 52 12 4 52 80 305
282 20 1222 93 303 123 41 36 196 79 178 55 93 59 357 137 212 15 138 95 390 20 274 110 67 125 2 121 72 145 308 77 172 34 64 52 3 64 314 82 145 6 193
283 20 1308 11 142 15 136 120 146 85 229 44 4 36 241 146 233 149 220 140 225 148 305 36 193 139 328 111 361 24 138 32 57 147 152 39 151 110 225 101 50 3 196
284 20 1148 150 156 17 152 84 380 99 206 130 210 2 8 47 38 4 34 114 268 141 329 8 331 114 255 25 188 39 397 81 292 17 71 25 302 47 339 147 44 144 286
285 20 999 119 241 40 268 114 318 30 60 96 364 62 317 24 4 104 261 79 262 61 363 24 149 90 340 6 285 22 305 89 83 100 369 55 8 95 27 32 357 7 240
286 20 688 11 34 9 292 78 130 18 131 44 292 4 10 28 122 14 9 5 287 14 361 11 358 103 299 5 371 39 41 64 383 59 201 88 253 140 331 78 325 49 232
287 20 1092 114 370 50 165 144 391 64 198 103 100 71 180 16 400 63 209 2 358 31 349 130 245 146 115 45 237 82 314 57 339 39 147 25 305 6 193 64 279 113 377
288 20 1160 19 71 87 119 36 174 79 15 78 271 102 348 97 147 124 203 121 249 150 378 126 296 14 329 143 194 19 163 20 184 101 24 69 152 39 228 4 62 22 74
289 20 1032 5 289 78 258 88 61 76 124 26 232 90 2 122 282 93 229 28 114 119 91 2 18 41 90 17 400 144 40 64 105 38 370 124 291 44 12 22 265 70 171
290 20 1375 31 260 116 188 12 365 115 237 63 390 44 188 123 329 72 343 49 259 88 348 59 228 129 325 135 47 43 234 130 64 97 38 111 193 52 203 145 125 105 378
291 20 1157 47 47 57 187 96 177 76 301 120 245 41 113 55 353 62 8 9 375 55 9 28 129 33 21 104 113 120 194 14 153 137 345 108 299 76 84 64 30 145 156
292 20 963 108 88 99 68 30 296 61 219 31 123 24 191 30 276 36 92 126 277 138 333 26 237 117 347 10 180 6 99 82 1 81 81 5 191 62 253 40 90 92 193
293 20 1302 117 144 20 397 103 200 86 375 72 142 13 183 124 355 62 107 67 77 122 67 53 295 145 193 136 223 29 221 91 317 112 263 102 126 61 129 95 199 18 386
294 20 1086 93 57 20 64 19 140 141 36 30 387 42 2 7 324 7 391 47 148 1 56 134 120 108 174 98 218 114 395 69 325 76 330 71 391 124 314 67 169 90 10
295 20 1258 38 229 73 351 62 303 26 69 41 266 127 61 61 310 43 294 132 338 72 203 116 201 148 133 38 104 53 316 102 291 136 219 71 74 67 153 69 53 98 377
296 20 1484 128 340 40 31 110 302 92 37 78 348 133 170 12 291 138 233 141 384 108 96 10 131 16 314 124 102 138 180 127 136 28 316 89 336 115 145 89 174 139 361
297 20 1126 115 156 37 75 71 371 4 44 90 52 30 337 85 164 56 373 145 233 33 180 41 94 145 81 80 216 83 318 121 20 102 381 10 257 50 172 77 325 33 255
298 20 939 120 112 2 286 39 397 12 276 110 382 26 306 56 227 56 332 119 377 115 388 72 174 24 243 5 395 4 32 101 16 22 8 81 294 56 15 58 151 96 318
299 20 1289 72 302 121 136 103 295 85 69 62 345 64 196 14 70 47 28 55 236 129 37 91 258 131 11 134 351 65 15 58 274 93 39 114 400 108 393 41 369 25 1
300 20 997 46 315 24 109 58 51 30 46 22 53 37 253 47 158 76 134 53 198 115 364 13 121 127 369 24 307 89 236 11 62 74 353 80 237 122 357 142 284 57 125
