1 20 7132 144 1 172 136 808 12 595 251 109 78 216 89 586 36 602 73 61 171 856 137 269 271 951 185 977 170 29 27 28 233 547 155 660 141 731 60 486 183 89 121
2 20 6564 89 240 702 152 297 207 32 197 936 156 334 39 30 256 671 51 572 165 350 57 602 294 640 237 166 281 59 250 829 21 354 88 654 223 162 264 530 71 197 203
3 20 8624 298 257 549 283 629 287 956 64 588 259 535 250 199 65 951 129 592 21 345 22 270 195 634 213 701 75 86 289 477 182 743 137 782 226 691 92 708 244 46 135
4 20 7223 152 42 543 208 780 140 867 217 539 100 198 186 350 272 316 53 768 33 330 42 471 172 305 205 818 222 102 285 666 15 322 295 379 239 219 30 643 118 261 280
5 20 7516 313 279 927 155 437 202 638 283 966 63 202 173 801 231 774 220 68 252 228 186 484 31 776 232 138 266 773 272 96 260 639 123 553 56 260 124 161 189 162 227
6 20 7569 382 266 791 239 605 20 99 143 188 272 558 235 634 208 475 262 399 231 132 220 770 176 63 115 948 80 125 192 454 80 796 85 435 203 44 267 645 159 919 70
7 20 8570 646 264 324 17 660 52 575 173 809 198 242 103 114 180 502 259 980 226 642 256 586 93 698 248 471 113 430 103 281 255 167 174 933 59 990 212 265 156 398 151
8 20 8542 980 138 992 56 911 263 553 127 185 70 226 90 463 67 434 284 218 233 408 74 943 23 909 96 663 275 859 50 80 91 387 211 97 55 710 154 281 248 379 190
9 20 7435 841 138 925 107 10 21 807 31 559 100 361 160 223 135 631 48 295 159 203 295 288 135 789 26 124 236 167 147 801 247 71 144 52 243 822 121 468 136 857 254
10 20 7932 990 214 403 244 615 134 256 71 366 89 406 73 927 267 947 201 498 94 173 19 225 116 150 36 509 242 870 98 498 127 789 132 701 241 385 216 88 83 119 133
11 20 7684 300 172 110 79 604 121 234 264 378 282 386 289 622 139 500 13 659 3 928 73 269 99 348 203 910 89 258 298 340 95 98 2 945 171 642 96 933 51 142 85
12 20 8707 918 256 54 87 817 28 58 11 253 293 313 118 599 5 276 58 746 241 895 300 324 2 788 129 898 114 260 63 632 30 963 107 660 2 332 129 774 95 324 295
13 20 8785 1 62 928 161 489 22 150 160 706 235 839 167 348 20 963 181 120 232 557 46 632 269 875 142 386 84 836 142 501 67 321 230 730 58 141 194 867 292 592 265
14 20 8876 591 135 151 266 653 272 473 91 955 113 999 179 635 145 658 25 673 230 590 50 957 57 228 75 524 52 494 289 473 46 420 50 440 36 505 179 291 63 385 274
15 20 8817 421 231 120 245 362 234 921 210 633 269 799 51 898 16 851 237 415 123 100 113 695 132 898 217 393 45 736 248 536 264 163 288 116 272 798 1 751 240 416 260
16 20 7191 75 275 318 72 711 17 413 282 935 252 595 12 200 101 820 95 688 260 11 258 4 113 233 90 297 49 779 60 903 237 168 60 657 135 782 278 165 119 235 124
17 20 8125 412 90 59 237 409 125 955 58 564 5 798 294 280 227 141 41 430 82 626 261 794 273 514 140 751 90 738 108 543 291 349 184 33 138 863 95 861 173 37 40
18 20 8490 933 121 857 262 688 139 894 185 202 55 452 6 716 158 630 149 675 136 91 186 522 124 273 278 530 36 768 73 33 218 105 158 187 234 568 13 977 170 512 273
19 20 7618 141 187 144 152 365 154 931 95 75 178 176 39 749 107 284 65 526 41 39 261 470 255 661 278 820 137 737 250 913 43 783 209 506 79 230 96 458 92 515 265
20 20 6040 36 159 913 109 230 20 757 171 946 244 720 71 262 131 130 200 371 272 228 168 57 115 4 142 43 263 376 110 506 140 606 129 185 232 502 81 19 48 659 264
21 20 7784 67 75 117 252 973 79 419 261 816 285 572 270 612 37 123 140 246 162 485 100 57 202 309 50 280 171 996 207 237 48 873 223 990 197 950 180 78 196 530 208
22 20 9176 428 149 734 22 846 78 715 275 812 265 372 88 967 69 965 159 899 179 462 25 344 196 687 24 676 17 637 1 323 130 551 8 256 156 757 108 20 233 19 246
23 20 7427 568 213 640 291 7 196 970 75 118 81 607 28 754 298 82 111 573 298 375 282 648 149 9 155 100 270 288 221 457 278 75 10 620 146 944 85 735 261 714 147
24 20 8076 24 123 722 177 300 123 577 268 768 41 530 95 713 294 131 233 112 189 623 116 632 280 676 223 134 141 875 273 525 37 495 98 771 39 815 293 537 148 135 122
25 20 8329 37 30 747 94 793 36 858 71 391 160 320 278 828 226 682 166 426 280 297 51 966 120 369 61 997 5 381 252 450 99 480 169 542 291 540 166 288 42 20 162
26 20 7537 792 73 992 41 304 135 866 292 115 251 81 140 642 101 84 246 512 273 389 280 155 300 828 235 789 265 978 136 364 111 89 260 762 37 447 117 15 240 218 11
27 20 7215 766 262 165 77 158 280 457 7 535 150 673 227 18 118 289 191 387 216 459 105 398 64 857 4 766 295 411 137 900 298 580 142 179 236 716 278 141 273 164 197
28 20 7041 63 255 338 267 674 66 420 88 156 149 197 152 790 216 325 90 658 192 90 270 84 105 341 122 439 129 81 212 851 39 678 286 56 16 914 140 738 60 909 145
29 20 8681 946 159 871 24 928 197 301 275 895 34 840 115 402 252 850 200 454 42 507 251 920 290 125 107 174 156 7 202 578 31 222 221 302 259 84 287 533 42 913 211
30 20 8026 345 47 222 145 425 23 149 129 453 277 128 151 334 232 548 108 522 182 574 90 539 209 316 212 625 285 989 117 931 33 856 138 728 82 502 146 482 153 365 237
31 20 8315 976 35 677 193 181 221 803 150 556 176 381 108 469 192 476 291 300 127 597 226 188 7 700 101 946 185 114 298 389 252 142 82 856 68 113 35 724 33 806 194
32 20 7528 371 298 439 203 516 169 754 182 31 1 157 178 36 167 790 248 658 209 346 97 580 179 1000 230 5 115 927 226 583 234 224 16 401 4 636 47 705 276 252 235
33 20 6997 895 162 217 74 633 276 586 147 25 194 648 56 912 37 180 227 432 14 303 165 976 201 96 154 100 294 397 51 90 252 272 236 248 79 199 228 730 212 808 225
34 20 7076 181 54 254 112 483 291 392 298 998 140 315 264 591 168 221 33 153 57 38 205 895 155 51 106 727 272 346 163 686 142 720 255 480 143 515 25 196 228 604 285
35 20 5743 315 16 772 264 315 119 80 153 538 239 8 138 369 180 366 200 346 250 426 38 257 297 567 218 463 54 796 213 84 63 246 294 675 16 187 160 244 192 125 118
36 20 8767 824 110 574 12 547 1 448 193 260 176 306 74 800 20 756 214 555 98 677 238 978 291 164 276 916 44 360 140 209 63 278 221 974 7 376 201 579 285 378 111
37 20 6663 187 134 79 60 461 191 943 247 219 212 299 40 526 189 645 223 369 72 107 77 548 222 16 182 654 17 490 74 384 69 874 198 703 148 170 225 187 272 468 284
38 20 10177 842 170 532 264 606 6 303 51 901 299 799 49 416 31 9 107 973 53 976 288 614 47 964 211 490 244 372 21 938 5 630 225 549 70 540 244 422 16 846 193
39 20 6692 411 241 326 188 961 105 41 45 276 288 721 190 269 193 913 128 545 286 366 12 59 124 780 157 400 91 292 77 118 212 180 111 868 10 41 148 205 47 594 255
40 20 7884 872 264 465 208 367 68 940 118 419 276 511 163 500 237 840 12 183 199 397 146 737 26 197 124 337 265 348 83 933 276 1 166 484 99 51 192 726 7 548 243
41 20 8112 407 166 453 64 132 58 50 78 323 203 180 171 518 185 916 295 886 112 152 190 688 66 801 131 983 42 800 114 434 192 138 150 711 101 624 190 733 42 211 216
42 20 8701 982 137 806 17 804 217 662 77 650 69 251 125 9 168 398 93 15 80 618 264 951 244 201 191 685 91 101 266 979 113 386 168 683 65 201 69 569 182 926 164
43 20 9172 427 47 941 224 998 139 961 233 20 111 865 122 50 148 753 114 584 248 11 115 726 14 473 10 116 122 500 175 914 224 478 135 742 64 350 153 935 103 621 54
44 20 10510 372 244 907 169 941 95 841 65 699 232 703 10 898 119 760 185 854 25 537 147 596 199 131 61 400 54 840 123 385 141 978 19 765 46 69 215 538 76 924 136
45 20 7640 332 277 939 65 24 240 256 43 998 212 769 263 828 48 367 60 44 259 162 129 331 140 601 183 5 256 803 279 600 195 49 15 427 266 763 57 849 128 403 111
46 20 7182 272 2 653 14 341 21 586 247 605 196 315 155 340 87 321 190 816 3 447 119 475 239 540 74 589 181 374 85 259 84 398 270 124 7 377 238 506 183 640 130
47 20 9545 906 47 370 30 789 214 262 234 825 12 326 133 619 102 325 30 971 126 824 199 370 20 554 185 701 218 904 37 747 248 387 81 865 139 62 290 845 2 280 170
48 20 6924 501 154 100 279 741 96 45 28 991 131 209 192 113 269 577 81 51 185 160 174 697 292 194 252 558 65 843 58 728 3 345 200 628 48 150 297 652 228 373 39
49 20 6702 294 211 184 33 216 254 662 230 95 288 343 163 11 142 869 152 894 180 522 56 365 234 84 25 456 97 625 42 449 54 7 155 174 215 915 190 302 168 911 159
50 20 6248 182 143 713 22 717 139 218 161 433 16 685 135 801 161 651 165 10 164 162 152 407 199 407 214 55 4 146 86 863 129 746 264 248 18 125 255 75 104 167 209
51 20 8982 390 267 806 295 538 23 959 195 653 203 199 10 866 243 294 64 992 66 647 176 359 229 811 91 95 77 397 221 936 223 962 222 937 36 258 182 37 252 92 213
52 20 7933 688 213 606 188 71 202 415 241 345 122 700 286 563 143 833 243 489 70 336 254 242 125 482 256 642 88 78 242 798 68 930 60 106 60 640 108 556 220 397 103
53 20 7685 174 139 662 201 824 253 280 133 668 201 430 176 577 78 3 280 981 267 329 253 816 170 768 10 564 259 361 37 549 249 10 137 357 174 382 170 751 175 121 163
54 20 7960 880 168 934 214 840 245 10 61 143 164 319 233 585 121 315 128 386 244 17 300 676 210 141 62 569 49 709 94 771 264 724 83 743 202 681 140 149 152 359 244
55 20 8004 209 224 393 212 795 36 1 258 545 156 756 148 944 144 288 45 131 180 719 209 350 17 890 38 37 203 407 27 729 164 945 159 140 53 558 155 620 118 549 286
56 20 8173 864 75 569 6 364 102 374 127 332 187 859 180 694 207 126 15 795 94 150 216 185 101 884 19 973 76 887 28 158 186 145 32 296 74 513 296 848 116 201 1
57 20 6588 93 34 65 95 178 196 405 258 329 92 622 119 744 53 173 133 877 47 512 86 334 1 667 201 478 152 445 286 150 102 501 83 483 116 495 108 151 109 534 258
58 20 7595 220 299 389 249 529 223 493 108 918 6 447 244 37 254 764 195 376 213 695 176 714 172 217 90 378 1 156 238 364 171 853 213 855 114 182 276 364 84 543 293
59 20 7506 176 194 441 272 935 282 499 41 84 67 456 129 343 37 124 96 996 187 715 126 612 88 628 201 497 267 251 226 580 255 163 97 472 203 896 148 101 37 414 271
60 20 7525 996 298 298 157 23 75 358 70 346 74 461 72 518 232 844 91 655 144 361 271 858 182 215 230 794 130 70 247 308 269 205 47 487 43 436 290 433 65 741 210
61 20 8189 469 141 246 55 309 176 888 22 599 2 434 191 304 195 544 267 404 101 717 75 905 192 237 97 923 295 425 87 535 12 304 194 758 83 1 27 253 248 982 222
62 20 6449 160 129 55 54 975 227 690 231 380 214 478 128 823 258 262 119 735 193 653 113 266 172 859 49 350 284 395 70 82 234 31 280 354 267 30 37 125 37 359 104
63 20 8622 288 297 807 70 445 299 908 72 536 218 708 193 17 23 665 33 42 288 163 55 522 70 880 177 665 256 283 299 980 69 861 229 650 78 818 127 177 67 363 74
64 20 7528 133 134 11 171 559 143 266 126 484 195 606 35 561 155 935 83 28 268 631 174 772 6 268 146 742 118 422 208 330 272 659 232 650 115 552 55 617 221 184 44
65 20 6642 675 152 924 271 311 205 356 139 389 287 125 138 597 60 543 108 878 234 224 142 444 268 535 278 591 208 12 164 220 48 475 173 545 101 183 87 122 23 154 178
66 20 7888 101 108 758 37 832 94 231 151 100 100 435 65 155 92 453 243 847 206 838 68 850 146 824 37 98 123 433 16 783 199 629 83 423 186 34 203 134 275 902 45
67 20 9096 729 26 817 283 791 193 815 279 70 130 147 83 883 9 378 29 123 178 234 203 186 281 802 115 973 276 737 50 370 189 796 191 459 275 629 3 747 232 685 20
68 20 7643 648 230 449 248 675 179 176 80 858 30 138 227 491 283 990 113 142 121 498 106 98 251 615 25 469 299 804 270 480 106 330 118 724 217 155 213 55 284 759 250
69 20 6773 502 70 101 241 74 40 971 131 295 128 595 101 865 79 203 288 484 54 271 143 353 273 483 18 624 123 961 50 315 30 808 245 150 186 104 240 297 240 11 227
70 20 8445 995 19 866 40 295 263 91 133 265 64 636 300 909 285 66 18 103 248 876 27 850 153 951 277 977 25 69 270 319 229 371 225 114 14 661 168 956 245 187 80
71 20 6766 255 268 625 200 196 168 287 162 521 191 5 216 147 147 343 267 60 229 352 99 411 118 820 72 690 41 646 14 388 281 340 32 231 76 695 201 863 102 583 113
72 20 9027 348 173 422 294 801 15 743 151 969 289 832 211 409 161 199 154 316 41 55 84 234 85 742 3 971 181 791 286 768 128 300 84 719 201 853 250 657 266 155 114
73 20 9064 950 201 582 44 289 49 508 272 281 192 74 41 453 12 770 283 873 195 774 290 856 151 451 146 550 179 366 6 536 232 976 32 979 283 592 202 76 198 394 73
74 20 7486 216 245 962 141 186 73 393 10 275 45 70 12 284 63 116 164 711 48 597 290 863 193 502 73 6 122 486 40 977 227 694 257 234 71 786 243 790 63 210 102
75 20 6616 14 162 213 89 453 263 520 280 96 267 368 186 935 126 134 283 706 271 39 179 188 213 628 274 178 115 403 44 775 237 155 41 824 89 616 240 539 161 487 39
76 20 8564 133 171 489 272 328 213 394 55 67 105 564 272 620 37 698 56 617 86 156 284 648 210 996 203 628 243 606 174 759 144 889 29 363 208 723 279 460 243 567 178
77 20 10583 418 24 629 134 360 171 884 191 779 123 785 184 810 170 691 38 906 63 512 245 909 123 797 40 903 164 701 74 520 170 432 5 506 104 717 286 527 7 443 268
78 20 5270 118 221 337 235 969 145 279 165 360 213 524 90 299 50 41 280 382 282 505 243 769 291 3 167 663 50 101 209 148 228 431 236 226 13 147 115 207 133 79 194
79 20 7287 884 218 14 120 401 245 559 164 311 265 402 30 260 140 563 144 615 234 134 138 387 70 310 138 601 196 400 70 700 129 116 59 611 128 558 82 459 168 824 46
80 20 7628 353 287 1 187 960 136 80 25 874 78 585 20 906 121 676 171 802 139 128 237 284 91 401 29 140 286 24 25 648 58 519 208 902 260 768 217 324 95 160 34
81 20 8128 32 138 697 262 730 65 342 147 409 194 231 84 663 206 473 191 681 214 747 52 328 128 656 76 486 115 353 287 245 84 958 86 471 96 788 192 69 119 801 143
82 20 8680 694 75 3 180 760 37 786 152 309 185 231 285 728 160 368 36 669 183 190 294 974 260 41 252 571 272 991 209 285 232 795 240 911 94 144 141 663 39 738 191
83 20 6429 142 239 760 219 113 53 792 26 1000 25 114 79 43 92 359 249 274 18 658 201 607 287 777 3 494 54 239 296 789 124 224 138 367 34 238 105 3 38 44 225
84 20 8471 259 11 63 236 604 282 578 85 1000 15 397 260 306 174 434 200 485 128 593 72 766 289 710 93 48 37 288 239 805 279 698 183 678 247 748 47 810 234 319 66
85 20 8236 517 165 162 62 503 14 650 207 251 165 270 75 33 172 204 49 778 95 754 120 952 299 439 293 694 27 915 230 325 116 859 275 858 219 193 15 660 287 278 96
86 20 9179 197 3 765 103 80 61 565 219 824 135 567 93 514 106 757 228 191 187 370 184 336 53 779 122 901 271 699 292 289 246 757 218 445 214 984 28 929 71 525 241
87 20 9287 203 252 673 99 919 235 635 274 110 44 680 33 465 243 281 290 798 18 713 262 522 245 584 264 967 209 957 191 103 137 676 65 857 23 159 268 325 26 982 276
88 20 8890 937 130 702 180 83 198 638 193 537 152 109 153 861 216 498 262 431 32 571 260 507 260 944 177 291 113 529 245 535 53 763 167 578 220 804 137 736 47 59 230
89 20 6819 247 153 4 205 767 51 677 15 31 250 910 286 256 14 168 2 827 25 462 126 626 222 158 252 26 224 899 177 199 78 644 84 456 127 77 161 370 32 720 256
90 20 7198 256 125 403 113 203 143 544 194 752 188 354 61 166 95 805 186 137 131 68 146 913 79 112 249 239 152 53 16 960 72 239 48 667 97 948 28 473 55 706 65
91 20 8878 211 41 605 254 297 114 906 249 948 181 292 45 859 46 802 139 299 270 600 199 107 245 826 214 901 214 330 18 230 190 937 209 365 240 154 237 895 263 534 26
92 20 8690 483 236 842 44 566 225 653 130 441 265 204 289 410 56 151 240 869 138 848 220 595 142 673 225 970 24 442 128 192 171 139 67 942 123 545 118 610 279 288 210
93 20 9347 706 293 884 83 871 130 872 279 9 2 939 120 324 185 949 289 846 71 632 187 189 200 771 243 743 292 148 119 377 299 378 216 200 153 909 78 273 117 664 20
94 20 8839 662 294 570 35 915 294 714 7 731 225 186 241 846 71 220 286 798 3 533 270 151 184 272 243 517 210 237 112 447 137 803 196 882 6 941 270 561 240 63 184
95 20 8319 318 56 47 47 870 281 608 99 511 207 303 16 264 41 286 275 86 97 587 180 747 140 941 82 799 154 445 191 225 54 621 212 836 147 471 180 665 15 769 22
96 20 8101 838 179 229 51 669 127 316 48 966 127 434 300 531 124 34 79 233 30 282 235 772 66 757 137 578 300 303 104 781 280 817 111 493 177 271 269 18 264 805 245
97 20 7788 929 182 734 52 85 158 377 272 559 206 881 161 477 276 103 230 700 235 46 180 796 55 273 232 262 84 518 224 251 271 88 183 889 122 712 108 702 24 354 38
98 20 6336 544 297 298 23 342 206 739 16 687 254 60 259 101 184 101 161 255 90 876 239 464 142 648 246 446 201 106 191 78 190 973 68 254 38 77 143 247 272 624 247
99 20 8542 693 108 848 286 462 248 709 242 402 296 53 164 720 264 895 199 660 220 167 127 229 244 502 190 612 165 42 38 949 1 190 40 870 220 802 88 21 274 852 88
100 20 7872 379 47 395 186 12 150 434 183 371 225 437 218 183 189 947 246 267 172 975 209 251 300 373 160 456 15 924 37 503 55 100 149 345 17 806 235 824 36 859 135
101 20 7356 644 230 619 294 400 218 276 142 680 185 835 118 938 70 230 45 374 98 395 146 47 167 540 241 372 228 33 276 79 24 111 269 317 251 529 20 873 30 903 228
102 20 7125 826 206 872 290 332 92 172 170 318 31 928 281 22 15 883 109 732 192 651 81 488 288 154 23 503 89 168 250 143 111 227 255 179 74 656 89 369 269 284 59
103 20 7184 497 57 583 238 847 171 648 244 186 25 167 60 394 274 288 110 559 97 917 35 613 167 88 184 97 149 787 103 686 253 353 134 131 257 95 21 277 212 768 38
104 20 6990 870 78 451 27 518 103 285 128 299 123 321 252 372 148 115 100 659 209 48 107 771 120 130 21 773 270 927 271 140 20 168 185 855 42 558 152 359 187 119 170
105 20 8298 860 195 365 228 800 154 361 267 84 294 952 65 52 223 69 33 95 166 947 34 288 108 407 282 648 77 821 71 75 240 941 226 580 165 713 66 537 166 778 15
106 20 7700 965 188 365 108 630 117 943 191 375 171 179 80 438 142 766 196 887 102 112 40 551 190 758 246 577 280 9 26 639 135 536 27 89 89 95 62 150 130 562 251
107 20 6500 995 227 524 207 178 253 85 63 67 57 349 65 477 258 144 255 160 276 128 48 850 53 524 77 146 35 814 65 177 128 273 26 806 114 408 71 386 76 634 276
108 20 7335 298 236 707 167 976 174 264 250 141 205 117 243 616 27 377 215 783 299 379 138 560 19 423 61 257 65 581 243 864 271 476 181 187 234 311 235 772 193 80 171
109 20 6663 92 130 5 20 79 142 168 37 801 181 446 267 68 260 209 9 426 182 635 51 878 186 762 31 581 156 526 284 690 3 69 63 345 65 828 104 70 108 651 245
110 20 8069 595 172 574 218 939 69 642 58 929 271 531 258 185 159 234 26 815 287 691 224 837 66 37 126 574 143 349 175 133 63 931 113 464 300 263 252 274 296 90 24
111 20 8632 963 257 765 166 609 135 613 127 273 242 390 37 461 199 926 193 386 104 643 269 819 195 690 203 210 210 546 31 337 212 250 79 984 63 461 29 329 144 135 120
112 20 8446 374 176 754 109 785 194 933 93 863 205 366 119 967 292 579 152 130 23 855 291 451 189 114 73 278 2 177 256 846 79 685 276 139 141 290 30 921 224 51 283
113 20 6283 134 29 527 296 652 197 37 54 325 107 83 103 404 275 792 94 978 278 385 5 480 122 353 218 112 25 331 2 171 32 287 166 392 90 165 183 770 201 476 140
114 20 8888 957 89 682 71 345 36 313 86 999 35 588 267 213 236 782 31 831 219 454 81 370 57 571 264 540 162 845 127 846 184 554 134 344 89 235 108 258 215 384 285
115 20 7674 756 123 218 154 659 200 31 274 33 170 935 296 183 149 439 129 176 228 981 269 252 146 553 53 973 13 412 74 66 224 263 98 841 74 522 291 510 98 790 262
116 20 9016 992 155 816 51 986 31 536 63 704 122 729 137 130 121 990 297 878 125 628 245 443 131 151 209 610 283 201 91 945 295 977 156 146 18 16 51 188 292 204 160
117 20 8136 324 160 770 173 313 202 763 141 345 246 49 14 684 143 617 81 548 118 140 139 583 5 915 207 392 193 144 85 25 2 314 11 800 231 689 264 806 229 949 25
118 20 8177 319 174 566 273 631 21 798 23 539 43 978 195 171 152 399 8 792 253 19 241 580 96 279 101 283 146 724 268 781 89 84 280 488 175 958 41 118 45 715 229
119 20 7777 965 131 666 206 873 30 226 149 33 200 102 102 632 167 617 173 621 240 234 220 945 240 258 179 758 147 38 8 837 243 54 92 458 105 351 120 398 91 656 215
120 20 7456 456 155 95 211 797 16 111 172 916 157 60 61 986 159 593 285 377 204 272 237 252 25 654 276 315 59 977 205 617 130 11 262 866 217 40 72 451 157 475 35
121 20 7308 856 205 394 201 96 243 854 16 202 233 802 110 245 220 174 21 237 178 317 164 760 257 619 42 551 221 965 200 111 97 584 195 378 32 160 278 212 217 619 226
122 20 8189 551 74 911 194 266 59 489 14 711 258 470 251 428 270 86 183 145 251 892 292 707 87 408 159 179 155 225 25 961 126 64 267 658 196 968 277 206 250 912 29
123 20 8892 218 125 65 289 958 225 919 86 612 146 599 288 442 212 832 148 134 19 513 86 591 250 992 298 125 97 323 29 959 134 816 261 837 72 482 260 220 253 479 205
124 20 8792 552 228 24 227 471 92 44 66 456 61 481 28 614 173 356 119 860 134 680 152 641 271 499 179 914 140 438 40 557 208 324 196 503 155 951 286 867 286 758 298
125 20 7790 931 290 989 58 62 49 662 16 510 122 30 121 36 279 606 265 995 43 668 63 409 23 153 33 743 44 134 15 43 286 768 15 984 90 646 67 163 144 206 75
126 20 8344 935 260 617 39 744 122 104 23 80 276 985 47 296 177 322 34 75 277 631 17 286 26 230 299 182 181 891 19 420 268 676 139 963 72 809 164 498 281 687 230
127 20 7621 823 87 914 276 47 290 510 149 846 99 781 268 390 80 366 244 141 232 407 107 505 82 18 196 95 115 758 107 860 170 965 147 161 223 477 29 450 147 13 6
128 20 9024 41 296 517 71 398 164 851 283 277 184 798 195 315 81 958 147 119 103 158 266 928 163 682 46 901 165 628 211 85 92 829 204 482 127 978 112 530 81 806 285
129 20 7536 906 33 766 16 431 91 553 8 156 212 769 119 489 247 740 298 109 17 695 16 10 117 85 100 771 186 626 273 692 48 595 251 46 291 23 7 643 157 315 174
130 20 6188 682 72 203 290 144 109 895 228 540 272 277 35 575 89 852 12 321 121 268 50 183 143 370 33 229 259 952 79 340 213 1 282 11 154 278 236 541 37 74 165
131 20 6929 264 284 524 61 696 271 799 282 148 25 691 293 385 253 970 145 630 251 154 293 203 48 292 116 820 124 30 99 111 216 177 82 764 134 391 55 229 298 384 160
132 20 7945 248 271 402 202 936 73 509 174 239 280 49 141 659 14 565 268 22 160 378 121 753 214 644 160 416 245 690 141 957 34 45 43 789 44 453 111 754 269 424 188
133 20 8578 468 178 842 230 264 119 717 46 773 232 503 82 644 51 795 187 511 98 728 253 804 290 663 9 186 24 532 167 589 60 205 111 145 262 683 33 172 284 499 247
134 20 7697 684 37 632 214 171 31 295 271 412 21 620 33 529 223 743 265 394 178 276 53 766 256 768 298 139 233 620 10 336 155 560 157 52 48 970 54 331 71 324 100
135 20 8624 950 34 380 7 83 43 510 115 291 219 150 43 705 136 917 21 491 32 624 147 150 111 591 230 681 33 979 109 659 158 80 277 563 73 822 119 835 160 320 39
136 20 8196 995 196 528 91 377 150 442 258 237 177 509 274 627 61 35 13 767 187 646 26 749 141 1 34 756 247 999 148 993 225 8 160 868 42 144 108 178 54 387 39
137 20 8728 579 249 929 179 920 147 678 75 992 291 570 244 229 173 485 227 157 159 594 217 799 102 137 196 909 130 823 265 951 241 263 148 74 91 200 62 577 251 45 158
138 20 7830 888 112 890 191 878 43 192 220 179 236 64 154 271 254 69 5 57 56 674 227 363 112 388 148 500 185 501 115 524 81 979 88 221 119 963 111 248 248 939 149
139 20 7128 133 139 960 98 415 59 727 265 520 137 357 65 613 216 144 56 333 132 686 47 450 118 287 268 515 229 438 94 231 275 62 6 253 287 775 77 435 291 577 13
140 20 7312 284 49 836 194 587 150 619 166 672 129 251 299 251 232 478 104 807 60 238 71 685 23 140 117 188 111 517 44 25 191 175 233 564 88 419 103 498 147 907 32
141 20 8012 847 71 235 165 226 40 596 168 110 62 334 136 422 199 134 22 982 264 466 110 590 99 703 74 325 222 253 189 349 223 870 63 703 288 798 239 671 50 402 163
142 20 9263 732 24 717 149 355 138 782 15 999 36 441 39 92 192 840 83 538 288 706 293 54 218 941 5 634 235 681 292 572 28 643 276 378 168 184 250 602 234 688 51
143 20 9183 101 107 185 18 701 241 844 180 965 248 306 232 653 261 843 86 500 231 313 183 433 122 941 216 808 8 254 141 637 89 543 94 312 146 223 242 927 254 990 98
144 20 8487 529 15 733 37 654 169 827 167 22 93 221 62 922 20 598 6 33 173 999 96 409 139 824 51 467 278 967 173 383 56 342 20 672 84 450 28 437 266 120 188
145 20 8951 341 5 750 278 308 49 620 79 626 149 919 152 950 82 565 284 548 293 406 248 169 255 138 105 835 68 460 118 454 152 868 214 530 161 946 147 317 89 439 30
146 20 7701 95 61 571 80 326 210 271 49 600 113 809 281 557 2 29 179 39 178 689 297 112 220 657 88 986 171 500 142 157 213 979 97 735 46 279 17 666 174 570 180
147 20 6612 23 42 54 161 896 165 380 114 708 162 87 246 645 54 784 106 949 36 366 27 167 206 76 52 926 215 192 279 165 184 143 64 467 135 313 300 753 160 172 21
148 20 6782 931 245 285 15 82 173 569 71 428 16 324 241 999 79 365 12 122 205 483 11 586 102 583 1 238 230 476 36 981 21 63 80 102 178 210 222 154 261 497 89
149 20 8336 944 234 869 236 403 137 605 147 420 288 792 35 141 206 419 9 573 173 390 21 659 190 693 155 282 195 942 107 619 90 484 233 500 75 97 257 387 14 202 258
150 20 7047 147 186 381 244 42 217 670 47 93 12 790 29 178 77 947 81 479 108 185 283 976 92 177 232 828 80 710 64 94 242 891 252 579 220 91 246 115 68 436 121
151 20 8910 891 285 321 116 891 21 204 227 477 150 142 81 640 68 458 136 333 269 657 12 765 171 423 285 39 197 874 17 534 156 459 72 813 13 772 274 904 63 541 238
152 20 9154 912 156 223 226 82 125 933 209 892 195 414 24 74 228 970 17 846 151 871 139 900 171 548 184 843 152 633 52 350 168 432 174 200 49 5 121 435 198 880 65
153 20 7088 390 145 833 296 193 155 500 242 377 63 449 157 110 149 296 23 696 201 161 81 638 42 903 147 124 174 700 276 352 72 674 81 432 227 572 13 459 55 2 206
154 20 7756 154 61 500 172 102 190 502 218 764 97 828 289 669 56 759 295 126 11 636 280 541 132 171 214 990 74 833 243 100 190 238 70 961 137 257 189 401 199 164 53
155 20 8048 220 10 449 267 729 163 344 82 478 252 22 116 157 97 802 180 280 40 647 36 2 134 769 264 545 84 1000 5 555 11 166 87 517 113 877 19 897 172 604 275
156 20 8445 602 111 362 25 62 213 189 133 665 26 869 75 796 149 717 134 944 73 745 154 519 279 8 105 455 207 762 204 31 256 586 167 993 113 343 51 865 12 44 18
157 20 8433 1 268 490 54 641 4 895 64 159 155 501 59 603 66 556 47 438 21 576 72 357 291 966 209 791 103 973 91 695 250 150 5 348 156 362 191 225 51 815 251
158 20 7768 668 15 853 3 31 282 282 54 941 132 491 29 338 36 760 138 547 60 348 13 475 31 269 23 228 293 297 147 135 94 619 293 862 130 576 294 39 222 951 85
159 20 7176 226 9 173 179 268 269 74 234 277 123 197 183 819 84 965 53 415 4 841 167 482 147 612 270 370 265 353 263 479 158 132 21 748 96 663 247 810 158 66 298
160 20 7464 275 299 31 271 615 260 198 77 522 53 865 284 504 195 468 235 460 205 568 260 143 110 306 139 225 292 260 148 4 225 785 107 900 42 761 98 678 75 762 112
161 20 8580 155 255 133 47 528 264 821 191 153 80 897 114 349 291 715 153 478 170 358 145 523 125 722 271 755 11 977 211 304 43 265 34 380 277 707 213 900 161 606 124
162 20 9117 29 123 463 247 792 169 501 93 663 269 844 144 236 168 896 61 406 179 393 291 707 230 873 155 97 253 782 31 252 250 920 207 791 100 756 26 59 141 937 289
163 20 7521 588 234 204 280 234 267 359 219 568 299 379 59 844 58 140 245 687 242 850 41 13 83 465 151 628 265 211 157 574 41 430 81 37 299 492 214 931 280 768 120
164 20 7309 80 29 429 31 229 15 242 210 688 184 283 191 720 36 578 212 572 7 120 93 974 104 841 240 91 140 35 141 748 237 266 107 715 300 801 44 192 63 533 67
165 20 6292 396 245 275 1 77 246 958 191 662 97 917 237 335 2 231 82 306 258 53 114 235 122 795 221 220 172 795 283 151 5 476 104 200 60 60 80 21 198 703 277
166 20 8632 140 70 765 7 964 294 644 41 442 89 451 244 689 18 508 214 816 84 5 124 527 30 851 201 438 227 232 261 383 299 880 141 96 196 922 123 422 278 616 192
167 20 8788 504 68 395 180 664 51 718 135 6 36 463 134 878 216 44 43 431 64 379 171 690 219 102 91 775 282 984 149 986 185 684 92 471 21 899 201 85 184 828 217
168 20 8861 927 81 227 287 626 4 994 135 715 77 111 279 536 218 976 23 829 144 389 213 635 54 843 276 15 260 819 146 510 262 87 116 60 35 715 61 989 288 74 140
169 20 6965 800 202 919 80 71 201 312 49 400 233 629 74 62 232 831 161 161 138 168 7 275 242 626 176 323 81 304 287 200 214 1000 246 151 74 272 190 362 30 841 283
170 20 8344 865 207 344 233 157 288 823 178 917 271 343 108 234 199 53 268 969 146 410 185 721 134 307 211 770 42 133 171 60 134 637 189 890 156 797 153 314 167 686 75
171 20 6850 788 96 70 254 871 65 517 232 548 270 183 254 534 72 898 200 544 177 495 255 130 228 161 170 27 136 510 45 175 281 226 155 524 257 323 266 57 119 982 202
172 20 6680 126 32 17 176 26 199 384 265 18 33 966 94 232 57 911 224 282 164 340 105 388 202 246 124 732 246 57 110 804 47 890 78 169 198 810 127 164 30 789 60
173 20 8899 224 83 247 256 934 169 790 239 604 21 258 189 23 68 790 114 218 274 622 35 331 112 906 125 570 51 452 1 849 25 446 230 709 59 601 11 901 211 649 90
174 20 9742 894 267 608 52 978 257 608 168 595 170 638 158 674 21 698 167 351 98 1000 9 340 120 553 181 712 276 958 62 849 60 318 73 435 280 838 5 62 123 69 191
175 20 5378 367 62 728 64 561 168 158 56 162 215 288 75 253 52 565 59 142 23 21 279 782 162 121 284 138 265 429 229 188 62 698 186 745 40 108 284 197 36 72 30
176 20 6571 142 252 905 164 330 232 317 235 923 172 641 194 614 255 532 213 615 170 199 91 24 58 183 161 415 275 886 284 433 170 62 46 114 168 325 299 153 99 401 296
177 20 8228 749 46 540 166 827 198 728 84 530 296 655 69 834 198 216 288 20 297 622 38 17 182 898 268 203 4 885 218 342 85 798 198 167 21 185 278 958 204 112 85
178 20 7228 615 73 204 208 386 234 997 282 356 124 372 180 81 155 436 226 868 211 753 223 716 103 352 1 965 6 248 123 413 98 112 230 410 259 219 136 184 27 349 119
179 20 6636 339 82 129 162 443 282 476 293 334 110 795 258 989 13 798 26 584 256 221 2 177 3 291 120 220 112 131 208 578 241 429 247 500 77 148 23 74 253 640 300
180 20 8081 279 144 918 202 486 28 65 7 370 224 482 164 141 282 699 156 134 19 120 73 376 192 886 114 831 26 837 5 179 94 623 27 544 284 302 158 990 237 840 43
181 20 8294 130 61 761 151 591 38 483 26 899 45 199 191 484 188 751 270 459 205 884 104 246 185 205 263 629 182 815 92 21 105 780 172 843 201 185 13 785 142 218 42
182 20 7592 634 3 99 226 129 76 280 269 609 133 998 230 947 124 28 97 699 54 372 117 958 154 510 268 211 182 196 132 707 209 126 274 537 14 733 18 273 233 445 188
183 20 6220 525 233 326 277 298 20 517 244 78 106 76 117 308 141 73 47 413 186 861 167 461 228 377 221 521 294 154 49 473 148 373 54 412 109 437 140 440 56 652 13
184 20 7997 142 45 209 83 672 258 975 173 212 175 377 30 894 194 508 293 130 183 663 13 578 160 595 292 965 225 79 78 658 137 805 75 985 150 95 23 124 21 331 87
185 20 7905 233 134 922 259 377 256 462 21 115 28 249 162 417 126 663 31 690 205 390 91 440 229 782 152 275 268 973 88 745 118 75 124 954 181 63 30 902 15 155 70
186 20 5004 27 99 26 144 33 243 162 159 195 296 45 151 836 285 526 137 774 16 492 271 127 247 366 281 19 267 787 293 271 218 264 276 17 210 252 110 961 295 76 190
187 20 7129 424 271 528 79 140 4 443 230 453 294 820 65 755 63 553 83 548 257 61 84 934 214 830 126 342 233 146 256 701 63 374 95 201 110 361 180 218 231 80 178
188 20 7860 254 151 862 218 900 246 362 138 813 82 526 161 558 241 101 257 69 84 376 133 908 26 713 211 647 150 635 65 412 65 761 276 205 248 187 38 235 201 302 272
189 20 8566 610 4 787 95 711 53 79 51 862 135 799 171 766 79 552 148 335 137 407 276 666 23 873 210 299 254 8 102 673 27 493 77 259 141 15 246 933 37 581 53
190 20 7621 833 180 706 300 156 187 648 36 143 105 258 56 318 232 520 40 72 103 644 43 396 177 558 251 783 44 42 161 439 135 894 278 319 23 657 157 931 131 210 240
191 20 7697 670 298 615 179 555 44 537 251 518 234 967 132 40 184 175 129 543 180 358 66 246 149 598 250 577 57 494 219 83 254 728 81 121 42 659 61 934 29 204 91
192 20 6338 74 200 296 237 33 11 389 96 510 223 175 228 720 176 15 185 66 124 52 282 447 191 761 115 245 131 859 154 745 94 402 69 402 244 536 135 834 245 362 234
193 20 9633 437 66 825 195 710 70 283 145 735 159 265 232 958 115 138 134 479 233 968 62 828 227 831 148 636 149 366 253 871 177 374 276 547 19 594 221 493 171 704 23
194 20 7487 504 250 844 29 862 108 154 193 37 288 495 183 751 35 197 114 26 218 51 37 931 238 628 288 262 84 694 62 898 67 377 177 603 166 462 55 339 43 244 5
195 20 7876 335 61 37 91 920 41 371 181 174 33 982 157 434 296 225 137 399 125 214 248 411 173 80 22 268 125 276 76 592 236 540 21 902 114 908 75 858 76 919 272
196 20 8136 723 264 962 127 71 186 521 175 309 175 888 194 75 141 795 53 425 43 467 184 962 138 128 15 775 50 444 161 848 41 224 1 205 86 373 119 300 215 675 110
197 20 8097 688 36 997 91 229 119 571 110 821 258 225 193 376 51 609 142 470 62 284 290 145 109 987 49 935 265 508 247 470 211 354 224 513 137 815 184 118 78 7 147
198 20 8164 507 184 691 243 807 72 584 206 425 188 118 93 487 251 93 104 780 48 558 280 422 266 801 20 384 170 171 92 819 260 65 229 506 223 817 220 694 95 476 11
199 20 9268 648 22 732 8 980 220 563 279 140 126 707 186 777 211 814 141 33 229 22 128 834 106 619 85 90 136 647 237 987 75 749 112 442 242 513 120 697 171 591 277
200 20 7458 629 19 111 60 679 163 633 84 716 202 115 69 499 128 465 106 308 67 368 64 876 283 926 270 210 148 464 143 164 268 24 222 558 196 216 228 821 134 541 88
201 20 7937 518 91 107 165 941 146 422 102 458 44 334 34 789 18 433 234 107 186 191 121 169 128 805 137 948 240 493 190 715 46 708 275 573 150 344 125 667 17 200 148
202 20 10192 309 153 941 232 987 53 913 107 69 129 204 145 962 238 923 283 623 92 335 266 352 68 480 214 826 136 996 229 934 296 566 256 386 16 953 66 298 160 683 243
203 20 7711 253 190 552 137 148 107 569 211 701 198 279 231 936 208 822 150 590 33 147 129 301 248 15 78 656 64 664 247 899 165 694 167 152 79 438 212 255 203 568 147
204 20 6793 603 168 385 140 121 221 320 218 75 124 932 289 71 185 820 181 338 120 883 171 919 138 252 97 455 257 322 71 224 257 172 252 61 241 323 91 557 105 659 140
205 20 9193 802 288 529 285 25 295 100 1 837 134 48 291 654 155 801 133 400 114 883 239 69 153 505 12 968 108 53 72 765 65 789 162 880 87 905 199 895 246 584 291
206 20 7528 828 179 588 164 244 177 748 22 143 106 262 290 747 56 102 159 351 185 635 147 690 282 556 14 271 266 889 16 692 271 22 35 792 276 564 244 111 52 175 58
207 20 9782 724 204 610 41 995 109 726 270 896 250 590 98 88 225 655 121 834 76 918 24 678 259 129 256 677 168 33 33 818 38 916 219 108 225 800 46 276 280 757 15
208 20 5919 42 205 435 183 497 167 36 194 970 85 440 165 285 134 640 19 26 294 789 64 667 289 24 121 702 56 84 249 502 81 191 184 43 54 226 240 362 135 438 78
209 20 9321 813 36 779 59 699 268 900 138 549 166 84 279 678 10 30 174 915 216 792 42 978 59 699 150 371 39 436 279 974 208 459 184 395 72 429 282 500 32 172 84
210 20 6851 344 103 545 192 586 9 413 5 817 162 1 52 358 243 6 256 421 262 653 73 951 150 696 248 109 203 645 226 259 177 453 36 16 2 277 262 296 2 718 199
211 20 8599 849 288 933 237 22 13 860 207 59 169 234 15 458 6 922 188 942 192 555 74 789 271 838 81 211 215 754 296 434 298 101 206 569 128 897 62 64 3 258 84
212 20 7193 306 178 288 294 347 167 176 255 254 276 97 298 984 200 66 196 888 182 548 58 989 183 731 24 952 60 385 253 837 206 16 73 463 13 418 37 143 1 104 99
213 20 7907 673 261 118 54 253 113 64 267 857 188 332 103 106 130 891 91 691 116 950 146 512 152 642 292 676 93 357 280 348 214 979 21 243 295 98 199 687 277 407 52
214 20 8031 340 278 480 183 570 274 626 100 529 73 900 222 218 271 84 121 594 203 617 84 803 96 335 9 663 86 647 156 233 104 591 119 305 132 273 234 837 74 394 138
215 20 5208 140 290 324 199 357 70 515 48 373 53 31 273 503 65 188 29 29 4 686 244 117 177 403 27 162 288 216 230 212 185 384 143 975 273 388 96 150 234 357 143
216 20 6229 98 189 412 232 623 132 150 264 38 65 377 129 106 111 958 109 743 299 579 56 319 80 72 135 63 33 900 57 840 94 7 255 547 233 580 64 179 224 196 250
217 20 6821 905 124 337 151 751 133 746 207 559 263 571 235 369 96 907 137 205 257 268 76 10 214 17 185 500 266 2 31 114 176 616 1 412 170 269 225 933 275 36 143
218 20 9132 252 87 292 190 3 236 108 139 657 184 522 185 806 231 692 76 811 35 963 53 903 129 384 215 529 145 619 157 633 131 816 36 533 125 556 66 834 180 503 249
219 20 7413 264 225 57 138 492 106 68 131 809 13 673 273 146 84 805 139 511 9 687 156 711 51 591 69 438 99 648 28 203 246 133 157 867 52 517 20 216 219 431 44
220 20 8066 286 246 168 100 408 280 447 162 617 146 792 178 603 288 240 222 723 155 377 218 984 286 363 231 642 92 264 176 516 120 758 132 714 205 3 204 518 19 660 295
221 20 6438 55 41 486 275 355 136 989 78 422 194 130 238 553 98 329 205 159 4 401 298 46 245 578 21 999 74 24 105 231 274 195 232 950 272 317 271 684 154 145 57
222 20 8172 513 219 3 188 752 275 641 97 986 165 706 79 827 272 513 16 673 54 287 59 453 202 635 152 513 64 474 130 32 230 75 184 955 229 373 193 1 119 803 296
223 20 7265 323 232 691 212 295 143 446 275 402 287 136 217 753 245 202 224 481 222 418 172 812 249 115 152 20 228 10 230 995 260 502 95 975 84 251 283 840 203 415 182
224 20 10103 924 265 965 135 714 30 808 72 335 223 868 217 667 250 460 205 830 173 355 61 845 229 874 151 294 46 516 174 756 110 391 173 202 22 546 17 611 295 668 9
225 20 6201 65 205 643 127 566 293 666 238 4 104 162 250 423 125 46 253 747 188 428 186 61 160 142 34 180 37 598 154 618 94 268 257 700 197 204 26 598 242 633 253
226 20 7913 600 273 343 82 849 3 192 108 345 50 298 10 994 216 484 148 83 45 41 239 2 128 575 123 779 14 28 157 660 74 832 66 525 172 984 299 524 65 754 68
227 20 7945 405 188 963 45 524 261 228 42 523 198 617 63 803 177 599 235 804 27 981 206 199 182 218 246 400 194 343 108 501 55 500 114 154 58 603 178 476 169 91 46
228 20 5728 222 148 208 34 78 97 32 265 174 263 861 270 170 160 63 249 788 263 349 115 492 40 8 96 748 165 77 299 840 63 119 69 593 84 425 271 500 78 414 164
229 20 9410 330 78 39 114 204 110 896 292 899 140 876 157 838 23 392 110 463 182 643 51 415 82 958 190 345 171 332 239 987 135 620 147 983 56 159 109 509 236 875 223
230 20 8121 732 95 741 4 828 284 389 111 287 163 104 130 135 148 192 238 457 241 793 161 243 141 957 166 998 42 918 226 556 264 89 96 238 256 490 96 499 209 506 161
231 20 7798 522 188 65 229 44 188 665 8 714 192 657 59 323 140 861 115 174 273 635 119 410 98 292 110 911 187 562 169 864 162 150 193 240 212 272 270 451 156 936 63
232 20 7499 244 78 358 239 265 260 252 167 761 298 381 241 971 260 913 239 909 7 102 4 197 227 695 277 391 212 750 44 44 68 681 1 613 81 344 207 84 299 419 225
233 20 7544 37 158 2 124 110 18 193 76 472 155 432 124 375 32 309 298 818 30 885 28 736 229 232 183 232 11 394 278 955 181 847 60 492 199 749 289 395 237 765 7
234 20 7819 626 110 564 247 747 114 198 246 597 152 127 3 766 257 195 113 225 251 965 245 131 174 499 183 709 165 529 72 672 214 642 126 134 60 617 163 675 126 156 107
235 20 8046 860 61 434 68 561 151 388 156 955 92 488 245 634 14 255 85 723 193 96 265 247 160 384 200 868 212 621 293 704 127 300 131 282 169 29 206 257 70 972 277
236 20 8880 520 189 834 158 87 217 957 179 568 235 85 154 892 240 58 23 70 208 763 8 915 72 840 121 701 16 559 25 6 159 817 83 159 255 940 185 438 76 892 186
237 20 8074 721 4 930 194 771 58 523 36 607 129 888 178 794 190 667 13 76 19 153 102 814 105 319 4 499 185 231 297 457 262 63 294 463 62 274 192 293 272 550 8
238 20 8769 708 235 56 249 670 178 937 213 514 49 789 68 378 63 933 12 733 196 641 133 320 131 225 146 261 241 485 14 554 157 126 8 367 234 772 35 675 298 818 58
239 20 8182 508 178 663 115 795 226 394 92 247 110 834 137 468 176 28 91 18 156 134 171 826 2 815 252 15 282 938 111 491 228 844 118 340 145 944 268 592 20 334 39
240 20 7828 647 153 10 241 386 257 840 89 786 66 291 109 305 151 797 29 597 296 465 128 329 233 12 45 892 64 627 124 292 21 104 193 105 225 630 245 994 295 676 135
241 20 10251 607 51 463 72 575 270 720 65 95 102 195 39 907 299 615 113 737 216 647 67 876 11 581 124 496 99 909 78 567 88 845 65 957 60 680 216 572 53 770 230
242 20 7192 861 14 314 118 171 97 66 74 540 206 16 73 746 89 144 159 937 84 232 57 159 168 521 199 400 203 650 234 669 175 389 143 442 235 746 226 720 19 267 234
243 20 7012 864 5 287 89 953 117 41 22 437 232 573 94 28 148 471 210 298 47 732 87 996 197 379 1 189 260 576 227 609 13 19 66 547 133 1 201 638 184 127 221
244 20 6512 602 274 77 299 322 225 409 160 35 57 176 273 808 113 507 235 76 141 971 101 576 183 5 51 71 209 130 15 282 70 871 103 288 86 529 196 416 160 990 58
245 20 7833 727 100 738 288 130 295 1 143 351 96 884 177 691 72 536 237 680 281 214 124 852 8 564 207 507 156 186 293 13 149 821 83 328 109 793 208 709 145 67 153
246 20 8096 427 237 639 197 503 170 778 243 569 285 255 243 39 92 984 66 473 293 823 22 707 97 230 231 845 23 442 59 4 131 419 88 40 92 816 91 772 287 355 255
247 20 9329 7 119 960 294 629 86 638 1 501 107 878 157 763 183 323 219 882 85 995 149 828 299 47 8 569 166 852 272 197 6 505 117 644 244 557 249 382 167 505 113
248 20 9568 618 134 423 138 765 223 702 193 775 190 933 204 949 31 769 3 420 106 545 84 312 91 398 37 217 176 765 197 706 161 551 293 237 187 741 103 429 283 706 175
249 20 6004 150 284 563 154 137 255 355 221 318 290 55 169 298 151 706 278 278 108 16 130 828 24 799 294 328 101 179 30 280 13 411 100 12 137 377 256 469 261 947 196
250 20 7092 357 55 205 283 207 217 197 137 721 171 592 200 942 198 44 286 161 174 113 162 118 290 875 142 345 143 219 143 401 113 722 264 739 78 824 140 774 6 310 103
251 20 7020 842 269 68 169 308 290 981 102 241 82 584 69 269 242 241 177 977 28 241 261 128 25 476 194 822 211 102 242 217 274 452 131 52 289 737 197 880 87 157 73
252 20 8868 396 261 54 200 712 58 976 81 966 196 745 71 351 133 932 27 307 116 709 292 111 247 697 4 41 98 835 123 200 84 642 250 908 37 376 200 192 245 935 278
253 20 7774 462 256 154 172 216 83 433 218 594 156 406 183 696 128 69 277 770 12 673 203 339 102 906 43 668 197 220 97 580 48 309 153 70 268 509 244 776 139 868 252
254 20 8784 716 9 474 131 703 28 690 158 771 261 96 259 774 202 69 42 887 271 511 166 555 277 198 198 588 120 340 104 646 32 594 253 564 243 819 230 967 21 19 246
255 20 7772 772 143 224 271 324 38 604 44 4 55 824 251 161 232 754 266 75 131 731 104 341 229 964 296 698 163 132 137 725 130 329 91 666 223 869 232 508 236 10 96
256 20 10069 548 270 586 245 975 97 309 188 776 134 813 67 641 115 413 51 506 125 571 154 555 125 900 16 40 211 963 194 842 105 994 93 527 19 336 254 680 129 612 74
257 20 8539 172 229 721 27 983 130 738 264 635 110 926 86 378 89 415 106 459 291 402 31 812 20 567 62 649 83 32 146 988 64 1 182 126 296 342 132 920 74 408 121
258 20 6352 374 102 228 78 866 107 454 239 156 30 126 199 660 134 506 53 86 44 254 225 666 137 479 184 462 175 8 25 653 203 343 163 375 34 38 29 518 139 689 104
259 20 6248 356 146 41 286 180 67 90 288 263 166 896 137 27 57 8 136 827 122 827 40 866 154 257 203 269 108 219 25 39 212 899 225 459 230 720 72 538 131 29 224
260 20 9073 966 141 619 85 151 206 336 69 215 162 202 164 988 275 784 82 672 234 760 157 953 208 741 203 107 118 676 80 783 185 322 178 492 236 130 154 884 127 561 229
261 20 7506 290 188 939 208 489 228 519 49 51 60 588 294 620 98 501 186 834 196 189 158 105 31 739 243 362 118 658 110 647 132 474 267 328 188 243 149 24 39 783 73
262 20 8259 678 14 920 33 35 53 761 253 340 9 126 154 769 271 64 8 188 234 531 59 854 221 558 76 814 195 190 7 289 185 77 88 971 274 966 28 222 260 971 78
263 20 8308 668 275 755 58 736 159 395 119 285 40 600 290 781 74 687 141 92 294 977 78 734 118 153 148 868 104 108 148 661 39 659 87 295 270 696 177 187 289 48 246
264 20 6988 517 142 347 33 655 38 224 233 575 172 311 124 80 75 76 184 705 53 938 154 368 34 832 58 121 113 130 298 317 120 346 150 927 59 261 149 882 16 124 51
265 20 8775 500 210 406 230 907 253 748 63 860 250 228 26 979 198 408 249 87 18 552 168 740 260 782 208 669 275 828 72 578 30 357 261 585 158 218 172 482 201 55 248
266 20 8263 39 200 224 253 267 36 111 214 440 203 548 280 898 232 972 190 452 11 573 24 347 268 785 79 72 72 815 215 593 200 697 246 606 203 152 61 814 280 924 279
267 20 6372 310 62 598 111 763 165 472 295 217 72 539 236 425 262 413 294 51 64 725 105 661 49 291 162 131 260 312 100 888 164 168 54 135 281 413 200 433 170 21 25
268 20 10563 268 66 613 108 499 107 865 299 772 192 563 228 998 194 563 78 628 84 689 240 804 273 640 139 614 97 571 145 48 241 763 109 669 199 947 268 768 245 922 201
269 20 7324 13 50 701 42 50 31 54 175 568 107 832 103 495 164 78 186 452 124 419 232 740 268 677 252 706 26 326 103 629 218 538 7 223 222 576 72 228 119 851 105
270 20 9378 724 108 72 160 294 252 892 190 204 93 868 220 713 213 908 65 355 94 865 230 542 263 399 184 101 57 557 76 806 65 742 94 971 281 330 171 541 12 839 268
271 20 8475 188 207 472 238 690 177 78 207 931 224 817 183 488 197 600 64 53 167 554 189 522 81 962 219 792 200 873 53 319 296 212 172 363 193 364 216 787 292 529 73
272 20 8935 684 108 352 32 71 197 454 75 275 241 345 296 193 266 853 246 668 221 878 234 952 256 595 241 302 118 165 203 827 74 795 1 509 72 409 39 887 250 955 81
273 20 9372 932 139 583 2 192 143 968 284 799 82 538 258 295 16 768 21 96 295 306 232 642 34 432 158 845 264 881 20 614 260 729 68 477 134 812 75 38 217 768 168
274 20 8784 792 81 796 216 515 196 691 175 416 32 507 197 349 164 669 262 644 154 684 247 856 8 25 81 574 109 576 296 632 260 401 207 168 103 823 113 250 115 613 4
275 20 7576 701 161 990 155 155 158 128 178 149 275 490 264 521 152 545 298 57 199 760 163 317 118 944 192 925 64 468 201 440 250 697 150 144 65 330 31 485 299 225 212
276 20 7652 28 294 308 46 75 39 563 226 64 217 700 37 480 79 649 134 200 281 919 119 209 213 101 78 635 164 447 230 257 202 796 191 670 187 765 174 735 172 965 273
277 20 8605 495 21 476 223 485 124 908 277 845 208 709 18 894 251 416 195 961 276 602 41 484 288 104 254 379 200 143 94 423 81 508 77 648 255 803 51 444 229 30 49
278 20 6215 745 69 430 101 99 252 834 102 456 267 150 72 675 139 106 261 705 254 880 38 113 124 49 64 69 126 919 54 647 178 147 162 146 163 161 251 374 211 64 15
279 20 7352 198 135 440 190 327 249 205 97 140 138 464 252 151 227 406 169 885 76 573 114 247 242 101 237 462 80 185 49 994 207 966 238 638 145 898 232 454 287 457 201
280 20 6705 310 136 339 286 761 56 699 29 300 239 198 55 33 38 86 149 494 289 977 30 116 272 292 22 909 254 669 246 132 288 248 137 326 247 934 69 543 245 16 32
281 20 7748 150 60 149 171 650 44 324 64 534 265 739 239 958 133 532 78 884 292 524 75 114 94 397 91 200 248 961 99 166 81 664 276 842 237 347 9 21 39 530 229
282 20 8092 617 228 814 31 236 147 524 134 361 70 389 268 911 159 98 104 628 292 127 206 730 50 827 2 805 54 963 231 512 129 226 48 346 2 424 236 542 109 36 145
283 20 8674 73 107 100 102 795 110 563 172 292 3 237 181 967 175 990 165 930 169 982 229 235 145 926 246 735 271 160 104 212 43 977 114 258 114 727 169 668 37 16 147
284 20 7612 997 117 114 114 559 285 657 155 862 158 13 6 311 29 22 26 755 201 938 247 48 249 759 191 164 141 255 298 539 219 114 54 166 227 311 254 977 33 955 215
285 20 6626 792 181 262 201 760 239 200 45 639 273 412 238 160 3 691 196 527 197 403 272 155 112 597 255 40 214 143 229 588 63 662 277 367 6 631 20 209 268 45 180
286 20 4543 68 25 54 219 518 98 118 99 293 219 26 8 184 91 88 7 29 215 90 271 69 269 684 224 32 278 255 31 425 288 390 151 582 190 932 249 520 244 322 174
287 20 7228 754 278 331 124 956 293 425 148 686 75 470 135 102 300 415 157 9 269 202 262 862 184 969 86 298 178 545 235 377 254 257 111 164 229 39 145 426 209 748 283
288 20 7699 126 53 576 89 237 130 521 11 520 203 676 261 641 110 825 153 805 187 998 284 837 222 93 247 953 146 126 123 134 138 670 18 456 114 260 171 26 47 144 56
289 20 6843 27 217 517 194 582 46 504 93 172 174 600 1 814 212 620 172 184 86 790 68 13 14 272 68 111 300 958 30 421 79 249 278 824 219 289 9 146 199 461 128
290 20 9140 201 195 773 141 80 274 767 178 420 292 290 141 815 247 477 257 324 194 586 261 393 171 855 244 897 35 287 175 867 48 646 29 739 145 345 152 964 94 699 284
291 20 7672 311 36 377 140 635 133 505 226 795 184 270 85 363 265 408 6 59 281 366 7 181 97 218 16 691 85 800 146 93 115 911 259 715 225 503 63 423 23 966 117
292 20 6381 715 66 660 51 198 222 402 165 206 92 156 143 197 207 235 69 839 208 915 250 172 178 780 260 64 135 39 75 544 1 536 61 29 144 411 190 266 68 613 145
293 20 8640 778 108 131 298 682 150 574 281 476 107 83 138 823 266 414 81 445 58 813 50 350 222 965 145 902 167 190 166 607 238 743 197 676 94 403 97 631 149 115 290
294 20 7204 618 43 133 48 127 105 940 27 197 290 275 2 43 243 46 294 311 111 3 42 891 90 717 130 653 164 757 296 459 244 505 248 471 293 822 236 443 127 595 8
295 20 8355 248 172 487 263 410 228 173 52 269 200 845 46 405 233 285 220 880 254 476 152 773 151 985 100 252 78 349 237 675 218 902 165 473 56 447 115 459 40 651 283
296 20 9847 850 255 261 23 733 227 610 28 518 261 887 128 80 218 919 175 935 288 718 72 63 99 105 236 826 77 914 135 843 102 183 237 589 252 765 109 589 130 921 271
297 20 7464 766 117 245 56 468 279 24 33 599 39 198 253 564 123 370 280 963 175 215 135 268 71 967 61 532 162 548 239 801 15 677 286 67 193 333 129 508 244 218 191
298 20 6218 794 84 8 215 256 298 79 207 733 287 170 230 369 170 373 249 790 283 764 291 478 131 160 182 34 296 26 24 671 12 143 6 536 221 368 11 382 113 639 239
299 20 8548 477 227 806 102 681 222 562 52 410 259 421 147 93 53 309 21 365 177 857 28 601 193 869 8 888 263 432 11 386 206 616 30 757 300 720 295 270 277 166 1
300 20 6608 304 237 155 82 381 38 195 35 145 40 242 190 310 118 506 101 351 149 765 273 85 91 844 277 155 230 593 177 73 46 493 265 530 178 811 268 942 213 380 94
