1 20 3570 72 1 86 136 404 12 298 251 55 78 108 89 293 36 301 73 31 171 428 137 135 271 476 185 489 170 15 27 14 233 274 155 330 141 366 60 243 183 45 121
2 20 3284 45 240 351 152 149 207 16 197 468 156 167 39 15 256 336 51 286 165 175 57 301 294 320 237 83 281 30 250 415 21 177 88 327 223 81 264 265 71 99 203
3 20 4316 149 257 275 283 315 287 478 64 294 259 268 250 100 65 476 129 296 21 173 22 135 195 317 213 351 75 43 289 239 182 372 137 391 226 346 92 354 244 23 135
4 20 3615 76 42 272 208 390 140 434 217 270 100 99 186 175 272 158 53 384 33 165 42 236 172 153 205 409 222 51 285 333 15 161 295 190 239 110 30 322 118 131 280
5 20 3761 157 279 464 155 219 202 319 283 483 63 101 173 401 231 387 220 34 252 114 186 242 31 388 232 69 266 387 272 48 260 320 123 277 56 130 124 81 189 81 227
6 20 3788 191 266 396 239 303 20 50 143 94 272 279 235 317 208 238 262 200 231 66 220 385 176 32 115 474 80 63 192 227 80 398 85 218 203 22 267 323 159 460 70
7 20 4288 323 264 162 17 330 52 288 173 405 198 121 103 57 180 251 259 490 226 321 256 293 93 349 248 236 113 215 103 141 255 84 174 467 59 495 212 133 156 199 151
8 20 4276 490 138 496 56 456 263 277 127 93 70 113 90 232 67 217 284 109 233 204 74 472 23 455 96 332 275 430 50 40 91 194 211 49 55 355 154 141 248 190 190
9 20 3723 421 138 463 107 5 21 404 31 280 100 181 160 112 135 316 48 148 159 102 295 144 135 395 26 62 236 84 147 401 247 36 144 26 243 411 121 234 136 429 254
10 20 3970 495 214 202 244 308 134 128 71 183 89 203 73 464 267 474 201 249 94 87 19 113 116 75 36 255 242 435 98 249 127 395 132 351 241 193 216 44 83 60 133
11 20 3844 150 172 55 79 302 121 117 264 189 282 193 289 311 139 250 13 330 3 464 73 135 99 174 203 455 89 129 298 170 95 49 2 473 171 321 96 467 51 71 85
12 20 4356 459 256 27 87 409 28 29 11 127 293 157 118 300 5 138 58 373 241 448 300 162 2 394 129 449 114 130 63 316 30 482 107 330 2 166 129 387 95 162 295
13 20 4396 1 62 464 161 245 22 75 160 353 235 420 167 174 20 482 181 60 232 279 46 316 269 438 142 193 84 418 142 251 67 161 230 365 58 71 194 434 292 296 265
14 20 4443 296 135 76 266 327 272 237 91 478 113 500 179 318 145 329 25 337 230 295 50 479 57 114 75 262 52 247 289 237 46 210 50 220 36 253 179 146 63 193 274
15 20 4412 211 231 60 245 181 234 461 210 317 269 400 51 449 16 426 237 208 123 50 113 348 132 449 217 197 45 368 248 268 264 82 288 58 272 399 1 376 240 208 260
16 20 3600 38 275 159 72 356 17 207 282 468 252 298 12 100 101 410 95 344 260 6 258 2 113 117 90 149 49 390 60 452 237 84 60 329 135 391 278 83 119 118 124
17 20 4067 206 90 30 237 205 125 478 58 282 5 399 294 140 227 71 41 215 82 313 261 397 273 257 140 376 90 369 108 272 291 175 184 17 138 432 95 431 173 19 40
18 20 4248 467 121 429 262 344 139 447 185 101 55 226 6 358 158 315 149 338 136 46 186 261 124 137 278 265 36 384 73 17 218 53 158 94 234 284 13 489 170 256 273
19 20 3813 71 187 72 152 183 154 466 95 38 178 88 39 375 107 142 65 263 41 20 261 235 255 331 278 410 137 369 250 457 43 392 209 253 79 115 96 229 92 258 265
20 20 3023 18 159 457 109 115 20 379 171 473 244 360 71 131 131 65 200 186 272 114 168 29 115 2 142 22 263 188 110 253 140 303 129 93 232 251 81 10 48 330 264
21 20 3896 34 75 59 252 487 79 210 261 408 285 286 270 306 37 62 140 123 162 243 100 29 202 155 50 140 171 498 207 119 48 437 223 495 197 475 180 39 196 265 208
22 20 4592 214 149 367 22 423 78 358 275 406 265 186 88 484 69 483 159 450 179 231 25 172 196 344 24 338 17 319 1 162 130 276 8 128 156 379 108 10 233 10 246
23 20 3716 284 213 320 291 4 196 485 75 59 81 304 28 377 298 41 111 287 298 188 282 324 149 5 155 50 270 144 221 229 278 38 10 310 146 472 85 368 261 357 147
24 20 4042 12 123 361 177 150 123 289 268 384 41 265 95 357 294 66 233 56 189 312 116 316 280 338 223 67 141 438 273 263 37 248 98 386 39 408 293 269 148 68 122
25 20 4168 19 30 374 94 397 36 429 71 196 160 160 278 414 226 341 166 213 280 149 51 483 120 185 61 499 5 191 252 225 99 240 169 271 291 270 166 144 42 10 162
26 20 3772 396 73 496 41 152 135 433 292 58 251 41 140 321 101 42 246 256 273 195 280 78 300 414 235 395 265 489 136 182 111 45 260 381 37 224 117 8 240 109 11
27 20 3612 383 262 83 77 79 280 229 7 268 150 337 227 9 118 145 191 194 216 230 105 199 64 429 4 383 295 206 137 450 298 290 142 90 236 358 278 71 273 82 197
28 20 3524 32 255 169 267 337 66 210 88 78 149 99 152 395 216 163 90 329 192 45 270 42 105 171 122 220 129 41 212 426 39 339 286 28 16 457 140 369 60 455 145
29 20 4344 473 159 436 24 464 197 151 275 448 34 420 115 201 252 425 200 227 42 254 251 460 290 63 107 87 156 4 202 289 31 111 221 151 259 42 287 267 42 457 211
30 20 4016 173 47 111 145 213 23 75 129 227 277 64 151 167 232 274 108 261 182 287 90 270 209 158 212 313 285 495 117 466 33 428 138 364 82 251 146 241 153 183 237
31 20 4160 488 35 339 193 91 221 402 150 278 176 191 108 235 192 238 291 150 127 299 226 94 7 350 101 473 185 57 298 195 252 71 82 428 68 57 35 362 33 403 194
32 20 3768 186 298 220 203 258 169 377 182 16 1 79 178 18 167 395 248 329 209 173 97 290 179 500 230 3 115 464 226 292 234 112 16 201 4 318 47 353 276 126 235
33 20 3501 448 162 109 74 317 276 293 147 13 194 324 56 456 37 90 227 216 14 152 165 488 201 48 154 50 294 199 51 45 252 136 236 124 79 100 228 365 212 404 225
34 20 3542 91 54 127 112 242 291 196 298 499 140 158 264 296 168 111 33 77 57 19 205 448 155 26 106 364 272 173 163 343 142 360 255 240 143 258 25 98 228 302 285
35 20 2875 158 16 386 264 158 119 40 153 269 239 4 138 185 180 183 200 173 250 213 38 129 297 284 218 232 54 398 213 42 63 123 294 338 16 94 160 122 192 63 118
36 20 4385 412 110 287 12 274 1 224 193 130 176 153 74 400 20 378 214 278 98 339 238 489 291 82 276 458 44 180 140 105 63 139 221 487 7 188 201 290 285 189 111
37 20 3336 94 134 40 60 231 191 472 247 110 212 150 40 263 189 323 223 185 72 54 77 274 222 8 182 327 17 245 74 192 69 437 198 352 148 85 225 94 272 234 284
38 20 5091 421 170 266 264 303 6 152 51 451 299 400 49 208 31 5 107 487 53 488 288 307 47 482 211 245 244 186 21 469 5 315 225 275 70 270 244 211 16 423 193
39 20 3350 206 241 163 188 481 105 21 45 138 288 361 190 135 193 457 128 273 286 183 12 30 124 390 157 200 91 146 77 59 212 90 111 434 10 21 148 103 47 297 255
40 20 3947 436 264 233 208 184 68 470 118 210 276 256 163 250 237 420 12 92 199 199 146 369 26 99 124 169 265 174 83 467 276 1 166 242 99 26 192 363 7 274 243
41 20 4059 204 166 227 64 66 58 25 78 162 203 90 171 259 185 458 295 443 112 76 190 344 66 401 131 492 42 400 114 217 192 69 150 356 101 312 190 367 42 106 216
42 20 4355 491 137 403 17 402 217 331 77 325 69 126 125 5 168 199 93 8 80 309 264 476 244 101 191 343 91 51 266 490 113 193 168 342 65 101 69 285 182 463 164
43 20 4589 214 47 471 224 499 139 481 233 10 111 433 122 25 148 377 114 292 248 6 115 363 14 237 10 58 122 250 175 457 224 239 135 371 64 175 153 468 103 311 54
44 20 5259 186 244 454 169 471 95 421 65 350 232 352 10 449 119 380 185 427 25 269 147 298 199 66 61 200 54 420 123 193 141 489 19 383 46 35 215 269 76 462 136
45 20 3824 166 277 470 65 12 240 128 43 499 212 385 263 414 48 184 60 22 259 81 129 166 140 301 183 3 256 402 279 300 195 25 15 214 266 382 57 425 128 202 111
46 20 3595 136 2 327 14 171 21 293 247 303 196 158 155 170 87 161 190 408 3 224 119 238 239 270 74 295 181 187 85 130 84 199 270 62 7 189 238 253 183 320 130
47 20 4776 453 47 185 30 395 214 131 234 413 12 163 133 310 102 163 30 486 126 412 199 185 20 277 185 351 218 452 37 374 248 194 81 433 139 31 290 423 2 140 170
48 20 3467 251 154 50 279 371 96 23 28 496 131 105 192 57 269 289 81 26 185 80 174 349 292 97 252 279 65 422 58 364 3 173 200 314 48 75 297 326 228 187 39
49 20 3355 147 211 92 33 108 254 331 230 48 288 172 163 6 142 435 152 447 180 261 56 183 234 42 25 228 97 313 42 225 54 4 155 87 215 458 190 151 168 456 159
50 20 3129 91 143 357 22 359 139 109 161 217 16 343 135 401 161 326 165 5 164 81 152 204 199 204 214 28 4 73 86 432 129 373 264 124 18 63 255 38 104 84 209
51 20 4495 195 267 403 295 269 23 480 195 327 203 100 10 433 243 147 64 496 66 324 176 180 229 406 91 48 77 199 221 468 223 481 222 469 36 129 182 19 252 46 213
52 20 3969 344 213 303 188 36 202 208 241 173 122 350 286 282 143 417 243 245 70 168 254 121 125 241 256 321 88 39 242 399 68 465 60 53 60 320 108 278 220 199 103
53 20 3846 87 139 331 201 412 253 140 133 334 201 215 176 289 78 2 280 491 267 165 253 408 170 384 10 282 259 181 37 275 249 5 137 179 174 191 170 376 175 61 163
54 20 3985 440 168 467 214 420 245 5 61 72 164 160 233 293 121 158 128 193 244 9 300 338 210 71 62 285 49 355 94 386 264 362 83 372 202 341 140 75 152 180 244
55 20 4007 105 224 197 212 398 36 1 258 273 156 378 148 472 144 144 45 66 180 360 209 175 17 445 38 19 203 204 27 365 164 473 159 70 53 279 155 310 118 275 286
56 20 4090 432 75 285 6 182 102 187 127 166 187 430 180 347 207 63 15 398 94 75 216 93 101 442 19 487 76 444 28 79 186 73 32 148 74 257 296 424 116 101 1
57 20 3299 47 34 33 95 89 196 203 258 165 92 311 119 372 53 87 133 439 47 256 86 167 1 334 201 239 152 223 286 75 102 251 83 242 116 248 108 76 109 267 258
58 20 3801 110 299 195 249 265 223 247 108 459 6 224 244 19 254 382 195 188 213 348 176 357 172 109 90 189 1 78 238 182 171 427 213 428 114 91 276 182 84 272 293
59 20 3756 88 194 221 272 468 282 250 41 42 67 228 129 172 37 62 96 498 187 358 126 306 88 314 201 249 267 126 226 290 255 82 97 236 203 448 148 51 37 207 271
60 20 3766 498 298 149 157 12 75 179 70 173 74 231 72 259 232 422 91 328 144 181 271 429 182 108 230 397 130 35 247 154 269 103 47 244 43 218 290 217 65 371 210
61 20 4099 235 141 123 55 155 176 444 22 300 2 217 191 152 195 272 267 202 101 359 75 453 192 119 97 462 295 213 87 268 12 152 194 379 83 1 27 127 248 491 222
62 20 3228 80 129 28 54 488 227 345 231 190 214 239 128 412 258 131 119 368 193 327 113 133 172 430 49 175 284 198 70 41 234 16 280 177 267 15 37 63 37 180 104
63 20 4315 144 297 404 70 223 299 454 72 268 218 354 193 9 23 333 33 21 288 82 55 261 70 440 177 333 256 142 299 490 69 431 229 325 78 409 127 89 67 182 74
64 20 3767 67 134 6 171 280 143 133 126 242 195 303 35 281 155 468 83 14 268 316 174 386 6 134 146 371 118 211 208 165 272 330 232 325 115 276 55 309 221 92 44
65 20 3325 338 152 462 271 156 205 178 139 195 287 63 138 299 60 272 108 439 234 112 142 222 268 268 278 296 208 6 164 110 48 238 173 273 101 92 87 61 23 77 178
66 20 3948 51 108 379 37 416 94 116 151 50 100 218 65 78 92 227 243 424 206 419 68 425 146 412 37 49 123 217 16 392 199 315 83 212 186 17 203 67 275 451 45
67 20 4553 365 26 409 283 396 193 408 279 35 130 74 83 442 9 189 29 62 178 117 203 93 281 401 115 487 276 369 50 185 189 398 191 230 275 315 3 374 232 343 20
68 20 3824 324 230 225 248 338 179 88 80 429 30 69 227 246 283 495 113 71 121 249 106 49 251 308 25 235 299 402 270 240 106 165 118 362 217 78 213 28 284 380 250
69 20 3392 251 70 51 241 37 40 486 131 148 128 298 101 433 79 102 288 242 54 136 143 177 273 242 18 312 123 481 50 158 30 404 245 75 186 52 240 149 240 6 227
70 20 4228 498 19 433 40 148 263 46 133 133 64 318 300 455 285 33 18 52 248 438 27 425 153 476 277 489 25 35 270 160 229 186 225 57 14 331 168 478 245 94 80
71 20 3388 128 268 313 200 98 168 144 162 261 191 3 216 74 147 172 267 30 229 176 99 206 118 410 72 345 41 323 14 194 281 170 32 116 76 348 201 432 102 292 113
72 20 4518 174 173 211 294 401 15 372 151 485 289 416 211 205 161 100 154 158 41 28 84 117 85 371 3 486 181 396 286 384 128 150 84 360 201 427 250 329 266 78 114
73 20 4534 475 201 291 44 145 49 254 272 141 192 37 41 227 12 385 283 437 195 387 290 428 151 226 146 275 179 183 6 268 232 488 32 490 283 296 202 38 198 197 73
74 20 3745 108 245 481 141 93 73 197 10 138 45 35 12 142 63 58 164 356 48 299 290 432 193 251 73 3 122 243 40 489 227 347 257 117 71 393 243 395 63 105 102
75 20 3312 7 162 107 89 227 263 260 280 48 267 184 186 468 126 67 283 353 271 20 179 94 213 314 274 89 115 202 44 388 237 78 41 412 89 308 240 270 161 244 39
76 20 4285 67 171 245 272 164 213 197 55 34 105 282 272 310 37 349 56 309 86 78 284 324 210 498 203 314 243 303 174 380 144 445 29 182 208 362 279 230 243 284 178
77 20 5296 209 24 315 134 180 171 442 191 390 123 393 184 405 170 346 38 453 63 256 245 455 123 399 40 452 164 351 74 260 170 216 5 253 104 359 286 264 7 222 268
78 20 2640 59 221 169 235 485 145 140 165 180 213 262 90 150 50 21 280 191 282 253 243 385 291 2 167 332 50 51 209 74 228 216 236 113 13 74 115 104 133 40 194
79 20 3647 442 218 7 120 201 245 280 164 156 265 201 30 130 140 282 144 308 234 67 138 194 70 155 138 301 196 200 70 350 129 58 59 306 128 279 82 230 168 412 46
80 20 3816 177 287 1 187 480 136 40 25 437 78 293 20 453 121 338 171 401 139 64 237 142 91 201 29 70 286 12 25 324 58 260 208 451 260 384 217 162 95 80 34
81 20 4068 16 138 349 262 365 65 171 147 205 194 116 84 332 206 237 191 341 214 374 52 164 128 328 76 243 115 177 287 123 84 479 86 236 96 394 192 35 119 401 143
82 20 4344 347 75 2 180 380 37 393 152 155 185 116 285 364 160 184 36 335 183 95 294 487 260 21 252 286 272 496 209 143 232 398 240 456 94 72 141 332 39 369 191
83 20 3218 71 239 380 219 57 53 396 26 500 25 57 79 22 92 180 249 137 18 329 201 304 287 389 3 247 54 120 296 395 124 112 138 184 34 119 105 2 38 22 225
84 20 4238 130 11 32 236 302 282 289 85 500 15 199 260 153 174 217 200 243 128 297 72 383 289 355 93 24 37 144 239 403 279 349 183 339 247 374 47 405 234 160 66
85 20 4121 259 165 81 62 252 14 325 207 126 165 135 75 17 172 102 49 389 95 377 120 476 299 220 293 347 27 458 230 163 116 430 275 429 219 97 15 330 287 139 96
86 20 4595 99 3 383 103 40 61 283 219 412 135 284 93 257 106 379 228 96 187 185 184 168 53 390 122 451 271 350 292 145 246 379 218 223 214 492 28 465 71 263 241
87 20 4648 102 252 337 99 460 235 318 274 55 44 340 33 233 243 141 290 399 18 357 262 261 245 292 264 484 209 479 191 52 137 338 65 429 23 80 268 163 26 491 276
88 20 4450 469 130 351 180 42 198 319 193 269 152 55 153 431 216 249 262 216 32 286 260 254 260 472 177 146 113 265 245 268 53 382 167 289 220 402 137 368 47 30 230
89 20 3412 124 153 2 205 384 51 339 15 16 250 455 286 128 14 84 2 414 25 231 126 313 222 79 252 13 224 450 177 100 78 322 84 228 127 39 161 185 32 360 256
90 20 3603 128 125 202 113 102 143 272 194 376 188 177 61 83 95 403 186 69 131 34 146 457 79 56 249 120 152 27 16 480 72 120 48 334 97 474 28 237 55 353 65
91 20 4443 106 41 303 254 149 114 453 249 474 181 146 45 430 46 401 139 150 270 300 199 54 245 413 214 451 214 165 18 115 190 469 209 183 240 77 237 448 263 267 26
92 20 4348 242 236 421 44 283 225 327 130 221 265 102 289 205 56 76 240 435 138 424 220 298 142 337 225 485 24 221 128 96 171 70 67 471 123 273 118 305 279 144 210
93 20 4677 353 293 442 83 436 130 436 279 5 2 470 120 162 185 475 289 423 71 316 187 95 200 386 243 372 292 74 119 189 299 189 216 100 153 455 78 137 117 332 20
94 20 4424 331 294 285 35 458 294 357 7 366 225 93 241 423 71 110 286 399 3 267 270 76 184 136 243 259 210 119 112 224 137 402 196 441 6 471 270 281 240 32 184
95 20 4164 159 56 24 47 435 281 304 99 256 207 152 16 132 41 143 275 43 97 294 180 374 140 471 82 400 154 223 191 113 54 311 212 418 147 236 180 333 15 385 22
96 20 4055 419 179 115 51 335 127 158 48 483 127 217 300 266 124 17 79 117 30 141 235 386 66 379 137 289 300 152 104 391 280 409 111 247 177 136 269 9 264 403 245
97 20 3898 465 182 367 52 43 158 189 272 280 206 441 161 239 276 52 230 350 235 23 180 398 55 137 232 131 84 259 224 126 271 44 183 445 122 356 108 351 24 177 38
98 20 3171 272 297 149 23 171 206 370 16 344 254 30 259 51 184 51 161 128 90 438 239 232 142 324 246 223 201 53 191 39 190 487 68 127 38 39 143 124 272 312 247
99 20 4274 347 108 424 286 231 248 355 242 201 296 27 164 360 264 448 199 330 220 84 127 115 244 251 190 306 165 21 38 475 1 95 40 435 220 401 88 11 274 426 88
100 20 3941 190 47 198 186 6 150 217 183 186 225 219 218 92 189 474 246 134 172 488 209 126 300 187 160 228 15 462 37 252 55 50 149 173 17 403 235 412 36 430 135
101 20 3682 322 230 310 294 200 218 138 142 340 185 418 118 469 70 115 45 187 98 198 146 24 167 270 241 186 228 17 276 40 24 56 269 159 251 265 20 437 30 452 228
102 20 3565 413 206 436 290 166 92 86 170 159 31 464 281 11 15 442 109 366 192 326 81 244 288 77 23 252 89 84 250 72 111 114 255 90 74 328 89 185 269 142 59
103 20 3597 249 57 292 238 424 171 324 244 93 25 84 60 197 274 144 110 280 97 459 35 307 167 44 184 49 149 394 103 343 253 177 134 66 257 48 21 139 212 384 38
104 20 3500 435 78 226 27 259 103 143 128 150 123 161 252 186 148 58 100 330 209 24 107 386 120 65 21 387 270 464 271 70 20 84 185 428 42 279 152 180 187 60 170
105 20 4153 430 195 183 228 400 154 181 267 42 294 476 65 26 223 35 33 48 166 474 34 144 108 204 282 324 77 411 71 38 240 471 226 290 165 357 66 269 166 389 15
106 20 3855 483 188 183 108 315 117 472 191 188 171 90 80 219 142 383 196 444 102 56 40 276 190 379 246 289 280 5 26 320 135 268 27 45 89 48 62 75 130 281 251
107 20 3252 498 227 262 207 89 253 43 63 34 57 175 65 239 258 72 255 80 276 64 48 425 53 262 77 73 35 407 65 89 128 137 26 403 114 204 71 193 76 317 276
108 20 3672 149 236 354 167 488 174 132 250 71 205 59 243 308 27 189 215 392 299 190 138 280 19 212 61 129 65 291 243 432 271 238 181 94 234 156 235 386 193 40 171
109 20 3335 46 130 3 20 40 142 84 37 401 181 223 267 34 260 105 9 213 182 318 51 439 186 381 31 291 156 263 284 345 3 35 63 173 65 414 104 35 108 326 245
110 20 4040 298 172 287 218 470 69 321 58 465 271 266 258 93 159 117 26 408 287 346 224 419 66 19 126 287 143 175 175 67 63 466 113 232 300 132 252 137 296 45 24
111 20 4320 482 257 383 166 305 135 307 127 137 242 195 37 231 199 463 193 193 104 322 269 410 195 345 203 105 210 273 31 169 212 125 79 492 63 231 29 165 144 68 120
112 20 4228 187 176 377 109 393 194 467 93 432 205 183 119 484 292 290 152 65 23 428 291 226 189 57 73 139 2 89 256 423 79 343 276 70 141 145 30 461 224 26 283
113 20 3145 67 29 264 296 326 197 19 54 163 107 42 103 202 275 396 94 489 278 193 5 240 122 177 218 56 25 166 2 86 32 144 166 196 90 83 183 385 201 238 140
114 20 4448 479 89 341 71 173 36 157 86 500 35 294 267 107 236 391 31 416 219 227 81 185 57 286 264 270 162 423 127 423 184 277 134 172 89 118 108 129 215 192 285
115 20 3841 378 123 109 154 330 200 16 274 17 170 468 296 92 149 220 129 88 228 491 269 126 146 277 53 487 13 206 74 33 224 132 98 421 74 261 291 255 98 395 262
116 20 4510 496 155 408 51 493 31 268 63 352 122 365 137 65 121 495 297 439 125 314 245 222 131 76 209 305 283 101 91 473 295 489 156 73 18 8 51 94 292 102 160
117 20 4072 162 160 385 173 157 202 382 141 173 246 25 14 342 143 309 81 274 118 70 139 292 5 458 207 196 193 72 85 13 2 157 11 400 231 345 264 403 229 475 25
118 20 4092 160 174 283 273 316 21 399 23 270 43 489 195 86 152 200 8 396 253 10 241 290 96 140 101 142 146 362 268 391 89 42 280 244 175 479 41 59 45 358 229
119 20 3892 483 131 333 206 437 30 113 149 17 200 51 102 316 167 309 173 311 240 117 220 473 240 129 179 379 147 19 8 419 243 27 92 229 105 176 120 199 91 328 215
120 20 3732 228 155 48 211 399 16 56 172 458 157 30 61 493 159 297 285 189 204 136 237 126 25 327 276 158 59 489 205 309 130 6 262 433 217 20 72 226 157 238 35
121 20 3657 428 205 197 201 48 243 427 16 101 233 401 110 123 220 87 21 119 178 159 164 380 257 310 42 276 221 483 200 56 97 292 195 189 32 80 278 106 217 310 226
122 20 4098 276 74 456 194 133 59 245 14 356 258 235 251 214 270 43 183 73 251 446 292 354 87 204 159 90 155 113 25 481 126 32 267 329 196 484 277 103 250 456 29
123 20 4450 109 125 33 289 479 225 460 86 306 146 300 288 221 212 416 148 67 19 257 86 296 250 496 298 63 97 162 29 480 134 408 261 419 72 241 260 110 253 240 205
124 20 4399 276 228 12 227 236 92 22 66 228 61 241 28 307 173 178 119 430 134 340 152 321 271 250 179 457 140 219 40 279 208 162 196 252 155 476 286 434 286 379 298
125 20 3898 466 290 495 58 31 49 331 16 255 122 15 121 18 279 303 265 498 43 334 63 205 23 77 33 372 44 67 15 22 286 384 15 492 90 323 67 82 144 103 75
126 20 4176 468 260 309 39 372 122 52 23 40 276 493 47 148 177 161 34 38 277 316 17 143 26 115 299 91 181 446 19 210 268 338 139 482 72 405 164 249 281 344 230
127 20 3815 412 87 457 276 24 290 255 149 423 99 391 268 195 80 183 244 71 232 204 107 253 82 9 196 48 115 379 107 430 170 483 147 81 223 239 29 225 147 7 6
128 20 4516 21 296 259 71 199 164 426 283 139 184 399 195 158 81 479 147 60 103 79 266 464 163 341 46 451 165 314 211 43 92 415 204 241 127 489 112 265 81 403 285
129 20 3772 453 33 383 16 216 91 277 8 78 212 385 119 245 247 370 298 55 17 348 16 5 117 43 100 386 186 313 273 346 48 298 251 23 291 12 7 322 157 158 174
130 20 3098 341 72 102 290 72 109 448 228 270 272 139 35 288 89 426 12 161 121 134 50 92 143 185 33 115 259 476 79 170 213 1 282 6 154 139 236 271 37 37 165
131 20 3468 132 284 262 61 348 271 400 282 74 25 346 293 193 253 485 145 315 251 77 293 102 48 146 116 410 124 15 99 56 216 89 82 382 134 196 55 115 298 192 160
132 20 3976 124 271 201 202 468 73 255 174 120 280 25 141 330 14 283 268 11 160 189 121 377 214 322 160 208 245 345 141 479 34 23 43 395 44 227 111 377 269 212 188
133 20 4293 234 178 421 230 132 119 359 46 387 232 252 82 322 51 398 187 256 98 364 253 402 290 332 9 93 24 266 167 295 60 103 111 73 262 342 33 86 284 250 247
134 20 3851 342 37 316 214 86 31 148 271 206 21 310 33 265 223 372 265 197 178 138 53 383 256 384 298 70 233 310 10 168 155 280 157 26 48 485 54 166 71 162 100
135 20 4316 475 34 190 7 42 43 255 115 146 219 75 43 353 136 459 21 246 32 312 147 75 111 296 230 341 33 490 109 330 158 40 277 282 73 411 119 418 160 160 39
136 20 4103 498 196 264 91 189 150 221 258 119 177 255 274 314 61 18 13 384 187 323 26 375 141 1 34 378 247 500 148 497 225 4 160 434 42 72 108 89 54 194 39
137 20 4369 290 249 465 179 460 147 339 75 496 291 285 244 115 173 243 227 79 159 297 217 400 102 69 196 455 130 412 265 476 241 132 148 37 91 100 62 289 251 23 158
138 20 3919 444 112 445 191 439 43 96 220 90 236 32 154 136 254 35 5 29 56 337 227 182 112 194 148 250 185 251 115 262 81 490 88 111 119 482 111 124 248 470 149
139 20 3569 67 139 480 98 208 59 364 265 260 137 179 65 307 216 72 56 167 132 343 47 225 118 144 268 258 229 219 94 116 275 31 6 127 287 388 77 218 291 289 13
140 20 3660 142 49 418 194 294 150 310 166 336 129 126 299 126 232 239 104 404 60 119 71 343 23 70 117 94 111 259 44 13 191 88 233 282 88 210 103 249 147 454 32
141 20 4009 424 71 118 165 113 40 298 168 55 62 167 136 211 199 67 22 491 264 233 110 295 99 352 74 163 222 127 189 175 223 435 63 352 288 399 239 336 50 201 163
142 20 4634 366 24 359 149 178 138 391 15 500 36 221 39 46 192 420 83 269 288 353 293 27 218 471 5 317 235 341 292 286 28 322 276 189 168 92 250 301 234 344 51
143 20 4596 51 107 93 18 351 241 422 180 483 248 153 232 327 261 422 86 250 231 157 183 217 122 471 216 404 8 127 141 319 89 272 94 156 146 112 242 464 254 495 98
144 20 4248 265 15 367 37 327 169 414 167 11 93 111 62 461 20 299 6 17 173 500 96 205 139 412 51 234 278 484 173 192 56 171 20 336 84 225 28 219 266 60 188
145 20 4478 171 5 375 278 154 49 310 79 313 149 460 152 475 82 283 284 274 293 203 248 85 255 69 105 418 68 230 118 227 152 434 214 265 161 473 147 159 89 220 30
146 20 3856 48 61 286 80 163 210 136 49 300 113 405 281 279 2 15 179 20 178 345 297 56 220 329 88 493 171 250 142 79 213 490 97 368 46 140 17 333 174 285 180
147 20 3310 12 42 27 161 448 165 190 114 354 162 44 246 323 54 392 106 475 36 183 27 84 206 38 52 463 215 96 279 83 184 72 64 234 135 157 300 377 160 86 21
148 20 3395 466 245 143 15 41 173 285 71 214 16 162 241 500 79 183 12 61 205 242 11 293 102 292 1 119 230 238 36 491 21 32 80 51 178 105 222 77 261 249 89
149 20 4172 472 234 435 236 202 137 303 147 210 288 396 35 71 206 210 9 287 173 195 21 330 190 347 155 141 195 471 107 310 90 242 233 250 75 49 257 194 14 101 258
150 20 3528 74 186 191 244 21 217 335 47 47 12 395 29 89 77 474 81 240 108 93 283 488 92 89 232 414 80 355 64 47 242 446 252 290 220 46 246 58 68 218 121
151 20 4460 446 285 161 116 446 21 102 227 239 150 71 81 320 68 229 136 167 269 329 12 383 171 212 285 20 197 437 17 267 156 230 72 407 13 386 274 452 63 271 238
152 20 4580 456 156 112 226 41 125 467 209 446 195 207 24 37 228 485 17 423 151 436 139 450 171 274 184 422 152 317 52 175 168 216 174 100 49 3 121 218 198 440 65
153 20 3547 195 145 417 296 97 155 250 242 189 63 225 157 55 149 148 23 348 201 81 81 319 42 452 147 62 174 350 276 176 72 337 81 216 227 286 13 230 55 1 206
154 20 3881 77 61 250 172 51 190 251 218 382 97 414 289 335 56 380 295 63 11 318 280 271 132 86 214 495 74 417 243 50 190 119 70 481 137 129 189 201 199 82 53
155 20 4028 110 10 225 267 365 163 172 82 239 252 11 116 79 97 401 180 140 40 324 36 1 134 385 264 273 84 500 5 278 11 83 87 259 113 439 19 449 172 302 275
156 20 4227 301 111 181 25 31 213 95 133 333 26 435 75 398 149 359 134 472 73 373 154 260 279 4 105 228 207 381 204 16 256 293 167 497 113 172 51 433 12 22 18
157 20 4221 1 268 245 54 321 4 448 64 80 155 251 59 302 66 278 47 219 21 288 72 179 291 483 209 396 103 487 91 348 250 75 5 174 156 181 191 113 51 408 251
158 20 3888 334 15 427 3 16 282 141 54 471 132 246 29 169 36 380 138 274 60 174 13 238 31 135 23 114 293 149 147 68 94 310 293 431 130 288 294 20 222 476 85
159 20 3592 113 9 87 179 134 269 37 234 139 123 99 183 410 84 483 53 208 4 421 167 241 147 306 270 185 265 177 263 240 158 66 21 374 96 332 247 405 158 33 298
160 20 3735 138 299 16 271 308 260 99 77 261 53 433 284 252 195 234 235 230 205 284 260 72 110 153 139 113 292 130 148 2 225 393 107 450 42 381 98 339 75 381 112
161 20 4295 78 255 67 47 264 264 411 191 77 80 449 114 175 291 358 153 239 170 179 145 262 125 361 271 378 11 489 211 152 43 133 34 190 277 354 213 450 161 303 124
162 20 4563 15 123 232 247 396 169 251 93 332 269 422 144 118 168 448 61 203 179 197 291 354 230 437 155 49 253 391 31 126 250 460 207 396 100 378 26 30 141 469 289
163 20 3764 294 234 102 280 117 267 180 219 284 299 190 59 422 58 70 245 344 242 425 41 7 83 233 151 314 265 106 157 287 41 215 81 19 299 246 214 466 280 384 120
164 20 3658 40 29 215 31 115 15 121 210 344 184 142 191 360 36 289 212 286 7 60 93 487 104 421 240 46 140 18 141 374 237 133 107 358 300 401 44 96 63 267 67
165 20 3151 198 245 138 1 39 246 479 191 331 97 459 237 168 2 116 82 153 258 27 114 118 122 398 221 110 172 398 283 76 5 238 104 100 60 30 80 11 198 352 277
166 20 4319 70 70 383 7 482 294 322 41 221 89 226 244 345 18 254 214 408 84 3 124 264 30 426 201 219 227 116 261 192 299 440 141 48 196 461 123 211 278 308 192
167 20 4397 252 68 198 180 332 51 359 135 3 36 232 134 439 216 22 43 216 64 190 171 345 219 51 91 388 282 492 149 493 185 342 92 236 21 450 201 43 184 414 217
168 20 4436 464 81 114 287 313 4 497 135 358 77 56 279 268 218 488 23 415 144 195 213 318 54 422 276 8 260 410 146 255 262 44 116 30 35 358 61 495 288 37 140
169 20 3486 400 202 460 80 36 201 156 49 200 233 315 74 31 232 416 161 81 138 84 7 138 242 313 176 162 81 152 287 100 214 500 246 76 74 136 190 181 30 421 283
170 20 4176 433 207 172 233 79 288 412 178 459 271 172 108 117 199 27 268 485 146 205 185 361 134 154 211 385 42 67 171 30 134 319 189 445 156 399 153 157 167 343 75
171 20 3428 394 96 35 254 436 65 259 232 274 270 92 254 267 72 449 200 272 177 248 255 65 228 81 170 14 136 255 45 88 281 113 155 262 257 162 266 29 119 491 202
172 20 3342 63 32 9 176 13 199 192 265 9 33 483 94 116 57 456 224 141 164 170 105 194 202 123 124 366 246 29 110 402 47 445 78 85 198 405 127 82 30 395 60
173 20 4452 112 83 124 256 467 169 395 239 302 21 129 189 12 68 395 114 109 274 311 35 166 112 453 125 285 51 226 1 425 25 223 230 355 59 301 11 451 211 325 90
174 20 4873 447 267 304 52 489 257 304 168 298 170 319 158 337 21 349 167 176 98 500 9 170 120 277 181 356 276 479 62 425 60 159 73 218 280 419 5 31 123 35 191
175 20 2692 184 62 364 64 281 168 79 56 81 215 144 75 127 52 283 59 71 23 11 279 391 162 61 284 69 265 215 229 94 62 349 186 373 40 54 284 99 36 36 30
176 20 3290 71 252 453 164 165 232 159 235 462 172 321 194 307 255 266 213 308 170 100 91 12 58 92 161 208 275 443 284 217 170 31 46 57 168 163 299 77 99 201 296
177 20 4117 375 46 270 166 414 198 364 84 265 296 328 69 417 198 108 288 10 297 311 38 9 182 449 268 102 4 443 218 171 85 399 198 84 21 93 278 479 204 56 85
178 20 3617 308 73 102 208 193 234 499 282 178 124 186 180 41 155 218 226 434 211 377 223 358 103 176 1 483 6 124 123 207 98 56 230 205 259 110 136 92 27 175 119
179 20 3322 170 82 65 162 222 282 238 293 167 110 398 258 495 13 399 26 292 256 111 2 89 3 146 120 110 112 66 208 289 241 215 247 250 77 74 23 37 253 320 300
180 20 4044 140 144 459 202 243 28 33 7 185 224 241 164 71 282 350 156 67 19 60 73 188 192 443 114 416 26 419 5 90 94 312 27 272 284 151 158 495 237 420 43
181 20 4152 65 61 381 151 296 38 242 26 450 45 100 191 242 188 376 270 230 205 442 104 123 185 103 263 315 182 408 92 11 105 390 172 422 201 93 13 393 142 109 42
182 20 3800 317 3 50 226 65 76 140 269 305 133 499 230 474 124 14 97 350 54 186 117 479 154 255 268 106 182 98 132 354 209 63 274 269 14 367 18 137 233 223 188
183 20 3114 263 233 163 277 149 20 259 244 39 106 38 117 154 141 37 47 207 186 431 167 231 228 189 221 261 294 77 49 237 148 187 54 206 109 219 140 220 56 326 13
184 20 4003 71 45 105 83 336 258 488 173 106 175 189 30 447 194 254 293 65 183 332 13 289 160 298 292 483 225 40 78 329 137 403 75 493 150 48 23 62 21 166 87
185 20 3957 117 134 461 259 189 256 231 21 58 28 125 162 209 126 332 31 345 205 195 91 220 229 391 152 138 268 487 88 373 118 38 124 477 181 32 30 451 15 78 70
186 20 2506 14 99 13 144 17 243 81 159 98 296 23 151 418 285 263 137 387 16 246 271 64 247 183 281 10 267 394 293 136 218 132 276 9 210 126 110 481 295 38 190
187 20 3568 212 271 264 79 70 4 222 230 227 294 410 65 378 63 277 83 274 257 31 84 467 214 415 126 171 233 73 256 351 63 187 95 101 110 181 180 109 231 40 178
188 20 3934 127 151 431 218 450 246 181 138 407 82 263 161 279 241 51 257 35 84 188 133 454 26 357 211 324 150 318 65 206 65 381 276 103 248 94 38 118 201 151 272
189 20 4288 305 4 394 95 356 53 40 51 431 135 400 171 383 79 276 148 168 137 204 276 333 23 437 210 150 254 4 102 337 27 247 77 130 141 8 246 467 37 291 53
190 20 3813 417 180 353 300 78 187 324 36 72 105 129 56 159 232 260 40 36 103 322 43 198 177 279 251 392 44 21 161 220 135 447 278 160 23 329 157 466 131 105 240
191 20 3852 335 298 308 179 278 44 269 251 259 234 484 132 20 184 88 129 272 180 179 66 123 149 299 250 289 57 247 219 42 254 364 81 61 42 330 61 467 29 102 91
192 20 3172 37 200 148 237 17 11 195 96 255 223 88 228 360 176 8 185 33 124 26 282 224 191 381 115 123 131 430 154 373 94 201 69 201 244 268 135 417 245 181 234
193 20 4820 219 66 413 195 355 70 142 145 368 159 133 232 479 115 69 134 240 233 484 62 414 227 416 148 318 149 183 253 436 177 187 276 274 19 297 221 247 171 352 23
194 20 3747 252 250 422 29 431 108 77 193 19 288 248 183 376 35 99 114 13 218 26 37 466 238 314 288 131 84 347 62 449 67 189 177 302 166 231 55 170 43 122 5
195 20 3940 168 61 19 91 460 41 186 181 87 33 491 157 217 296 113 137 200 125 107 248 206 173 40 22 134 125 138 76 296 236 270 21 451 114 454 75 429 76 460 272
196 20 4072 362 264 481 127 36 186 261 175 155 175 444 194 38 141 398 53 213 43 234 184 481 138 64 15 388 50 222 161 424 41 112 1 103 86 187 119 150 215 338 110
197 20 4053 344 36 499 91 115 119 286 110 411 258 113 193 188 51 305 142 235 62 142 290 73 109 494 49 468 265 254 247 235 211 177 224 257 137 408 184 59 78 4 147
198 20 4086 254 184 346 243 404 72 292 206 213 188 59 93 244 251 47 104 390 48 279 280 211 266 401 20 192 170 86 92 410 260 33 229 253 223 409 220 347 95 238 11
199 20 4638 324 22 366 8 490 220 282 279 70 126 354 186 389 211 407 141 17 229 11 128 417 106 310 85 45 136 324 237 494 75 375 112 221 242 257 120 349 171 296 277
200 20 3732 315 19 56 60 340 163 317 84 358 202 58 69 250 128 233 106 154 67 184 64 438 283 463 270 105 148 232 143 82 268 12 222 279 196 108 228 411 134 271 88
201 20 3973 259 91 54 165 471 146 211 102 229 44 167 34 395 18 217 234 54 186 96 121 85 128 403 137 474 240 247 190 358 46 354 275 287 150 172 125 334 17 100 148
202 20 5100 155 153 471 232 494 53 457 107 35 129 102 145 481 238 462 283 312 92 168 266 176 68 240 214 413 136 498 229 467 296 283 256 193 16 477 66 149 160 342 243
203 20 3859 127 190 276 137 74 107 285 211 351 198 140 231 468 208 411 150 295 33 74 129 151 248 8 78 328 64 332 247 450 165 347 167 76 79 219 212 128 203 284 147
204 20 3401 302 168 193 140 61 221 160 218 38 124 466 289 36 185 410 181 169 120 442 171 460 138 126 97 228 257 161 71 112 257 86 252 31 241 162 91 279 105 330 140
205 20 4601 401 288 265 285 13 295 50 1 419 134 24 291 327 155 401 133 200 114 442 239 35 153 253 12 484 108 27 72 383 65 395 162 440 87 453 199 448 246 292 291
206 20 3767 414 179 294 164 122 177 374 22 72 106 131 290 374 56 51 159 176 185 318 147 345 282 278 14 136 266 445 16 346 271 11 35 396 276 282 244 56 52 88 58
207 20 4893 362 204 305 41 498 109 363 270 448 250 295 98 44 225 328 121 417 76 459 24 339 259 65 256 339 168 17 33 409 38 458 219 54 225 400 46 138 280 379 15
208 20 2962 21 205 218 183 249 167 18 194 485 85 220 165 143 134 320 19 13 294 395 64 334 289 12 121 351 56 42 249 251 81 96 184 22 54 113 240 181 135 219 78
209 20 4664 407 36 390 59 350 268 450 138 275 166 42 279 339 10 15 174 458 216 396 42 489 59 350 150 186 39 218 279 487 208 230 184 198 72 215 282 250 32 86 84
210 20 3430 172 103 273 192 293 9 207 5 409 162 1 52 179 243 3 256 211 262 327 73 476 150 348 248 55 203 323 226 130 177 227 36 8 2 139 262 148 2 359 199
211 20 4303 425 288 467 237 11 13 430 207 30 169 117 15 229 6 461 188 471 192 278 74 395 271 419 81 106 215 377 296 217 298 51 206 285 128 449 62 32 3 129 84
212 20 3600 153 178 144 294 174 167 88 255 127 276 49 298 492 200 33 196 444 182 274 58 495 183 366 24 476 60 193 253 419 206 8 73 232 13 209 37 72 1 52 99
213 20 3957 337 261 59 54 127 113 32 267 429 188 166 103 53 130 446 91 346 116 475 146 256 152 321 292 338 93 179 280 174 214 490 21 122 295 49 199 344 277 204 52
214 20 4020 170 278 240 183 285 274 313 100 265 73 450 222 109 271 42 121 297 203 309 84 402 96 168 9 332 86 324 156 117 104 296 119 153 132 137 234 419 74 197 138
215 20 2608 70 290 162 199 179 70 258 48 187 53 16 273 252 65 94 29 15 4 343 244 59 177 202 27 81 288 108 230 106 185 192 143 488 273 194 96 75 234 179 143
216 20 3118 49 189 206 232 312 132 75 264 19 65 189 129 53 111 479 109 372 299 290 56 160 80 36 135 32 33 450 57 420 94 4 255 274 233 290 64 90 224 98 250
217 20 3415 453 124 169 151 376 133 373 207 280 263 286 235 185 96 454 137 103 257 134 76 5 214 9 185 250 266 1 31 57 176 308 1 206 170 135 225 467 275 18 143
218 20 4570 126 87 146 190 2 236 54 139 329 184 261 185 403 231 346 76 406 35 482 53 452 129 192 215 265 145 310 157 317 131 408 36 267 125 278 66 417 180 252 249
219 20 3712 132 225 29 138 246 106 34 131 405 13 337 273 73 84 403 139 256 9 344 156 356 51 296 69 219 99 324 28 102 246 67 157 434 52 259 20 108 219 216 44
220 20 4036 143 246 84 100 204 280 224 162 309 146 396 178 302 288 120 222 362 155 189 218 492 286 182 231 321 92 132 176 258 120 379 132 357 205 2 204 259 19 330 295
221 20 3224 28 41 243 275 178 136 495 78 211 194 65 238 277 98 165 205 80 4 201 298 23 245 289 21 500 74 12 105 116 274 98 232 475 272 159 271 342 154 73 57
222 20 4092 257 219 2 188 376 275 321 97 493 165 353 79 414 272 257 16 337 54 144 59 227 202 318 152 257 64 237 130 16 230 38 184 478 229 187 193 1 119 402 296
223 20 3636 162 232 346 212 148 143 223 275 201 287 68 217 377 245 101 224 241 222 209 172 406 249 58 152 10 228 5 230 498 260 251 95 488 84 126 283 420 203 208 182
224 20 5054 462 265 483 135 357 30 404 72 168 223 434 217 334 250 230 205 415 173 178 61 423 229 437 151 147 46 258 174 378 110 196 173 101 22 273 17 306 295 334 9
225 20 3103 33 205 322 127 283 293 333 238 2 104 81 250 212 125 23 253 374 188 214 186 31 160 71 34 90 37 299 154 309 94 134 257 350 197 102 26 299 242 317 253
226 20 3960 300 273 172 82 425 3 96 108 173 50 149 10 497 216 242 148 42 45 21 239 1 128 288 123 390 14 14 157 330 74 416 66 263 172 492 299 262 65 377 68
227 20 3977 203 188 482 45 262 261 114 42 262 198 309 63 402 177 300 235 402 27 491 206 100 182 109 246 200 194 172 108 251 55 250 114 77 58 302 178 238 169 46 46
228 20 2867 111 148 104 34 39 97 16 265 87 263 431 270 85 160 32 249 394 263 175 115 246 40 4 96 374 165 39 299 420 63 60 69 297 84 213 271 250 78 207 164
229 20 4709 165 78 20 114 102 110 448 292 450 140 438 157 419 23 196 110 232 182 322 51 208 82 479 190 173 171 166 239 494 135 310 147 492 56 80 109 255 236 438 223
230 20 4064 366 95 371 4 414 284 195 111 144 163 52 130 68 148 96 238 229 241 397 161 122 141 479 166 499 42 459 226 278 264 45 96 119 256 245 96 250 209 253 161
231 20 3902 261 188 33 229 22 188 333 8 357 192 329 59 162 140 431 115 87 273 318 119 205 98 146 110 456 187 281 169 432 162 75 193 120 212 136 270 226 156 468 63
232 20 3754 122 78 179 239 133 260 126 167 381 298 191 241 486 260 457 239 455 7 51 4 99 227 348 277 196 212 375 44 22 68 341 1 307 81 172 207 42 299 210 225
233 20 3776 19 158 1 124 55 18 97 76 236 155 216 124 188 32 155 298 409 30 443 28 368 229 116 183 116 11 197 278 478 181 424 60 246 199 375 289 198 237 383 7
234 20 3914 313 110 282 247 374 114 99 246 299 152 64 3 383 257 98 113 113 251 483 245 66 174 250 183 355 165 265 72 336 214 321 126 67 60 309 163 338 126 78 107
235 20 4026 430 61 217 68 281 151 194 156 478 92 244 245 317 14 128 85 362 193 48 265 124 160 192 200 434 212 311 293 352 127 150 131 141 169 15 206 129 70 486 277
236 20 4444 260 189 417 158 44 217 479 179 284 235 43 154 446 240 29 23 35 208 382 8 458 72 420 121 351 16 280 25 3 159 409 83 80 255 470 185 219 76 446 186
237 20 4042 361 4 465 194 386 58 262 36 304 129 444 178 397 190 334 13 38 19 77 102 407 105 160 4 250 185 116 297 229 262 32 294 232 62 137 192 147 272 275 8
238 20 4388 354 235 28 249 335 178 469 213 257 49 395 68 189 63 467 12 367 196 321 133 160 131 113 146 131 241 243 14 277 157 63 8 184 234 386 35 338 298 409 58
239 20 4093 254 178 332 115 398 226 197 92 124 110 417 137 234 176 14 91 9 156 67 171 413 2 408 252 8 282 469 111 246 228 422 118 170 145 472 268 296 20 167 39
240 20 3917 324 153 5 241 193 257 420 89 393 66 146 109 153 151 399 29 299 296 233 128 165 233 6 45 446 64 314 124 146 21 52 193 53 225 315 245 497 295 338 135
241 20 5131 304 51 232 72 288 270 360 65 48 102 98 39 454 299 308 113 369 216 324 67 438 11 291 124 248 99 455 78 284 88 423 65 479 60 340 216 286 53 385 230
242 20 3599 431 14 157 118 86 97 33 74 270 206 8 73 373 89 72 159 469 84 116 57 80 168 261 199 200 203 325 234 335 175 195 143 221 235 373 226 360 19 134 234
243 20 3511 432 5 144 89 477 117 21 22 219 232 287 94 14 148 236 210 149 47 366 87 498 197 190 1 95 260 288 227 305 13 10 66 274 133 1 201 319 184 64 221
244 20 3260 301 274 39 299 161 225 205 160 18 57 88 273 404 113 254 235 38 141 486 101 288 183 3 51 36 209 65 15 141 70 436 103 144 86 265 196 208 160 495 58
245 20 3920 364 100 369 288 65 295 1 143 176 96 442 177 346 72 268 237 340 281 107 124 426 8 282 207 254 156 93 293 7 149 411 83 164 109 397 208 355 145 34 153
246 20 4052 214 237 320 197 252 170 389 243 285 285 128 243 20 92 492 66 237 293 412 22 354 97 115 231 423 23 221 59 2 131 210 88 20 92 408 91 386 287 178 255
247 20 4669 4 119 480 294 315 86 319 1 251 107 439 157 382 183 162 219 441 85 498 149 414 299 24 8 285 166 426 272 99 6 253 117 322 244 279 249 191 167 253 113
248 20 4789 309 134 212 138 383 223 351 193 388 190 467 204 475 31 385 3 210 106 273 84 156 91 199 37 109 176 383 197 353 161 276 293 119 187 371 103 215 283 353 175
249 20 3006 75 284 282 154 69 255 178 221 159 290 28 169 149 151 353 278 139 108 8 130 414 24 400 294 164 101 90 30 140 13 206 100 6 137 189 256 235 261 474 196
250 20 3551 179 55 103 283 104 217 99 137 361 171 296 200 471 198 22 286 81 174 57 162 59 290 438 142 173 143 110 143 201 113 361 264 370 78 412 140 387 6 155 103
251 20 3513 421 269 34 169 154 290 491 102 121 82 292 69 135 242 121 177 489 28 121 261 64 25 238 194 411 211 51 242 109 274 226 131 26 289 369 197 440 87 79 73
252 20 4437 198 261 27 200 356 58 488 81 483 196 373 71 176 133 466 27 154 116 355 292 56 247 349 4 21 98 418 123 100 84 321 250 454 37 188 200 96 245 468 278
253 20 3889 231 256 77 172 108 83 217 218 297 156 203 183 348 128 35 277 385 12 337 203 170 102 453 43 334 197 110 97 290 48 155 153 35 268 255 244 388 139 434 252
254 20 4396 358 9 237 131 352 28 345 158 386 261 48 259 387 202 35 42 444 271 256 166 278 277 99 198 294 120 170 104 323 32 297 253 282 243 410 230 484 21 10 246
255 20 3888 386 143 112 271 162 38 302 44 2 55 412 251 81 232 377 266 38 131 366 104 171 229 482 296 349 163 66 137 363 130 165 91 333 223 435 232 254 236 5 96
256 20 5038 274 270 293 245 488 97 155 188 388 134 407 67 321 115 207 51 253 125 286 154 278 125 450 16 20 211 482 194 421 105 497 93 264 19 168 254 340 129 306 74
257 20 4272 86 229 361 27 492 130 369 264 318 110 463 86 189 89 208 106 230 291 201 31 406 20 284 62 325 83 16 146 494 64 1 182 63 296 171 132 460 74 204 121
258 20 3178 187 102 114 78 433 107 227 239 78 30 63 199 330 134 253 53 43 44 127 225 333 137 240 184 231 175 4 25 327 203 172 163 188 34 19 29 259 139 345 104
259 20 3128 178 146 21 286 90 67 45 288 132 166 448 137 14 57 4 136 414 122 414 40 433 154 129 203 135 108 110 25 20 212 450 225 230 230 360 72 269 131 15 224
260 20 4540 483 141 310 85 76 206 168 69 108 162 101 164 494 275 392 82 336 234 380 157 477 208 371 203 54 118 338 80 392 185 161 178 246 236 65 154 442 127 281 229
261 20 3757 145 188 470 208 245 228 260 49 26 60 294 294 310 98 251 186 417 196 95 158 53 31 370 243 181 118 329 110 324 132 237 267 164 188 122 149 12 39 392 73
262 20 4132 339 14 460 33 18 53 381 253 170 9 63 154 385 271 32 8 94 234 266 59 427 221 279 76 407 195 95 7 145 185 39 88 486 274 483 28 111 260 486 78
263 20 4158 334 275 378 58 368 159 198 119 143 40 300 290 391 74 344 141 46 294 489 78 367 118 77 148 434 104 54 148 331 39 330 87 148 270 348 177 94 289 24 246
264 20 3498 259 142 174 33 328 38 112 233 288 172 156 124 40 75 38 184 353 53 469 154 184 34 416 58 61 113 65 298 159 120 173 150 464 59 131 149 441 16 62 51
265 20 4390 250 210 203 230 454 253 374 63 430 250 114 26 490 198 204 249 44 18 276 168 370 260 391 208 335 275 414 72 289 30 179 261 293 158 109 172 241 201 28 248
266 20 4135 20 200 112 253 134 36 56 214 220 203 274 280 449 232 486 190 226 11 287 24 174 268 393 79 36 72 408 215 297 200 349 246 303 203 76 61 407 280 462 279
267 20 3192 155 62 299 111 382 165 236 295 109 72 270 236 213 262 207 294 26 64 363 105 331 49 146 162 66 260 156 100 444 164 84 54 68 281 207 200 217 170 11 25
268 20 5285 134 66 307 108 250 107 433 299 386 192 282 228 499 194 282 78 314 84 345 240 402 273 320 139 307 97 286 145 24 241 382 109 335 199 474 268 384 245 461 201
269 20 3665 7 50 351 42 25 31 27 175 284 107 416 103 248 164 39 186 226 124 210 232 370 268 339 252 353 26 163 103 315 218 269 7 112 222 288 72 114 119 426 105
270 20 4692 362 108 36 160 147 252 446 190 102 93 434 220 357 213 454 65 178 94 433 230 271 263 200 184 51 57 279 76 403 65 371 94 486 281 165 171 271 12 420 268
271 20 4240 94 207 236 238 345 177 39 207 466 224 409 183 244 197 300 64 27 167 277 189 261 81 481 219 396 200 437 53 160 296 106 172 182 193 182 216 394 292 265 73
272 20 4472 342 108 176 32 36 197 227 75 138 241 173 296 97 266 427 246 334 221 439 234 476 256 298 241 151 118 83 203 414 74 398 1 255 72 205 39 444 250 478 81
273 20 4688 466 139 292 2 96 143 484 284 400 82 269 258 148 16 384 21 48 295 153 232 321 34 216 158 423 264 441 20 307 260 365 68 239 134 406 75 19 217 384 168
274 20 4396 396 81 398 216 258 196 346 175 208 32 254 197 175 164 335 262 322 154 342 247 428 8 13 81 287 109 288 296 316 260 201 207 84 103 412 113 125 115 307 4
275 20 3792 351 161 495 155 78 158 64 178 75 275 245 264 261 152 273 298 29 199 380 163 159 118 472 192 463 64 234 201 220 250 349 150 72 65 165 31 243 299 113 212
276 20 3831 14 294 154 46 38 39 282 226 32 217 350 37 240 79 325 134 100 281 460 119 105 213 51 78 318 164 224 230 129 202 398 191 335 187 383 174 368 172 483 273
277 20 4306 248 21 238 223 243 124 454 277 423 208 355 18 447 251 208 195 481 276 301 41 242 288 52 254 190 200 72 94 212 81 254 77 324 255 402 51 222 229 15 49
278 20 3112 373 69 215 101 50 252 417 102 228 267 75 72 338 139 53 261 353 254 440 38 57 124 25 64 35 126 460 54 324 178 74 162 73 163 81 251 187 211 32 15
279 20 3680 99 135 220 190 164 249 103 97 70 138 232 252 76 227 203 169 443 76 287 114 124 242 51 237 231 80 93 49 497 207 483 238 319 145 449 232 227 287 229 201
280 20 3356 155 136 170 286 381 56 350 29 150 239 99 55 17 38 43 149 247 289 489 30 58 272 146 22 455 254 335 246 66 288 124 137 163 247 467 69 272 245 8 32
281 20 3876 75 60 75 171 325 44 162 64 267 265 370 239 479 133 266 78 442 292 262 75 57 94 199 91 100 248 481 99 83 81 332 276 421 237 174 9 11 39 265 229
282 20 4049 309 228 407 31 118 147 262 134 181 70 195 268 456 159 49 104 314 292 64 206 365 50 414 2 403 54 482 231 256 129 113 48 173 2 212 236 271 109 18 145
283 20 4340 37 107 50 102 398 110 282 172 146 3 119 181 484 175 495 165 465 169 491 229 118 145 463 246 368 271 80 104 106 43 489 114 129 114 364 169 334 37 8 147
284 20 3811 499 117 57 114 280 285 329 155 431 158 7 6 156 29 11 26 378 201 469 247 24 249 380 191 82 141 128 298 270 219 57 54 83 227 156 254 489 33 478 215
285 20 3317 396 181 131 201 380 239 100 45 320 273 206 238 80 3 346 196 264 197 202 272 78 112 299 255 20 214 72 229 294 63 331 277 184 6 316 20 105 268 23 180
286 20 2273 34 25 27 219 259 98 59 99 147 219 13 8 92 91 44 7 15 215 45 271 35 269 342 224 16 278 128 31 213 288 195 151 291 190 466 249 260 244 161 174
287 20 3617 377 278 166 124 478 293 213 148 343 75 235 135 51 300 208 157 5 269 101 262 431 184 485 86 149 178 273 235 189 254 129 111 82 229 20 145 213 209 374 283
288 20 3852 63 53 288 89 119 130 261 11 260 203 338 261 321 110 413 153 403 187 499 284 419 222 47 247 477 146 63 123 67 138 335 18 228 114 130 171 13 47 72 56
289 20 3424 14 217 259 194 291 46 252 93 86 174 300 1 407 212 310 172 92 86 395 68 7 14 136 68 56 300 479 30 211 79 125 278 412 219 145 9 73 199 231 128
290 20 4575 101 195 387 141 40 274 384 178 210 292 145 141 408 247 239 257 162 194 293 261 197 171 428 244 449 35 144 175 434 48 323 29 370 145 173 152 482 94 350 284
291 20 3841 156 36 189 140 318 133 253 226 398 184 135 85 182 265 204 6 30 281 183 7 91 97 109 16 346 85 400 146 47 115 456 259 358 225 252 63 212 23 483 117
292 20 3194 358 66 330 51 99 222 201 165 103 92 78 143 99 207 118 69 420 208 458 250 86 178 390 260 32 135 20 75 272 1 268 61 15 144 206 190 133 68 307 145
293 20 4324 389 108 66 298 341 150 287 281 238 107 42 138 412 266 207 81 223 58 407 50 175 222 483 145 451 167 95 166 304 238 372 197 338 94 202 97 316 149 58 290
294 20 3608 309 43 67 48 64 105 470 27 99 290 138 2 22 243 23 294 156 111 2 42 446 90 359 130 327 164 379 296 230 244 253 248 236 293 411 236 222 127 298 8
295 20 4183 124 172 244 263 205 228 87 52 135 200 423 46 203 233 143 220 440 254 238 152 387 151 493 100 126 78 175 237 338 218 451 165 237 56 224 115 230 40 326 283
296 20 4928 425 255 131 23 367 227 305 28 259 261 444 128 40 218 460 175 468 288 359 72 32 99 53 236 413 77 457 135 422 102 92 237 295 252 383 109 295 130 461 271
297 20 3736 383 117 123 56 234 279 12 33 300 39 99 253 282 123 185 280 482 175 108 135 134 71 484 61 266 162 274 239 401 15 339 286 34 193 167 129 254 244 109 191
298 20 3112 397 84 4 215 128 298 40 207 367 287 85 230 185 170 187 249 395 283 382 291 239 131 80 182 17 296 13 24 336 12 72 6 268 221 184 11 191 113 320 239
299 20 4278 239 227 403 102 341 222 281 52 205 259 211 147 47 53 155 21 183 177 429 28 301 193 435 8 444 263 216 11 193 206 308 30 379 300 360 295 135 277 83 1
300 20 3308 152 237 78 82 191 38 98 35 73 40 121 190 155 118 253 101 176 149 383 273 43 91 422 277 78 230 297 177 37 46 247 265 265 178 406 268 471 213 190 94
