1 20 1434 29 1 35 136 162 12 119 251 22 78 44 89 118 36 121 73 13 171 172 137 54 271 191 185 196 170 6 27 6 233 110 155 132 141 147 60 98 183 18 121
2 20 1319 18 240 141 152 60 207 7 197 188 156 67 39 6 256 135 51 115 165 70 57 121 294 128 237 34 281 12 250 166 21 71 88 131 223 33 264 106 71 40 203
3 20 1732 60 257 110 283 126 287 192 64 118 259 107 250 40 65 191 129 119 21 69 22 54 195 127 213 141 75 18 289 96 182 149 137 157 226 139 92 142 244 10 135
4 20 1451 31 42 109 208 156 140 174 217 108 100 40 186 70 272 64 53 154 33 66 42 95 172 61 205 164 222 21 285 134 15 65 295 76 239 44 30 129 118 53 280
5 20 1511 63 279 186 155 88 202 128 283 194 63 41 173 161 231 155 220 14 252 46 186 97 31 156 232 28 266 155 272 20 260 128 123 111 56 52 124 33 189 33 227
6 20 1518 77 266 159 239 121 20 20 143 38 272 112 235 127 208 95 262 80 231 27 220 154 176 13 115 190 80 25 192 91 80 160 85 87 203 9 267 129 159 184 70
7 20 1720 130 264 65 17 132 52 115 173 162 198 49 103 23 180 101 259 196 226 129 256 118 93 140 248 95 113 86 103 57 255 34 174 187 59 198 212 53 156 80 151
8 20 1714 196 138 199 56 183 263 111 127 37 70 46 90 93 67 87 284 44 233 82 74 189 23 182 96 133 275 172 50 16 91 78 211 20 55 142 154 57 248 76 190
9 20 1494 169 138 185 107 2 21 162 31 112 100 73 160 45 135 127 48 59 159 41 295 58 135 158 26 25 236 34 147 161 247 15 144 11 243 165 121 94 136 172 254
10 20 1592 198 214 81 244 123 134 52 71 74 89 82 73 186 267 190 201 100 94 35 19 45 116 30 36 102 242 174 98 100 127 158 132 141 241 77 216 18 83 24 133
11 20 1541 60 172 22 79 121 121 47 264 76 282 78 289 125 139 100 13 132 3 186 73 54 99 70 203 182 89 52 298 68 95 20 2 189 171 129 96 187 51 29 85
12 20 1747 184 256 11 87 164 28 12 11 51 293 63 118 120 5 56 58 150 241 179 300 65 2 158 129 180 114 52 63 127 30 193 107 132 2 67 129 155 95 65 295
13 20 1764 1 62 186 161 98 22 30 160 142 235 168 167 70 20 193 181 24 232 112 46 127 269 175 142 78 84 168 142 101 67 65 230 146 58 29 194 174 292 119 265
14 20 1780 119 135 31 266 131 272 95 91 191 113 200 179 127 145 132 25 135 230 118 50 192 57 46 75 105 52 99 289 95 46 84 50 88 36 101 179 59 63 77 274
15 20 1771 85 231 24 245 73 234 185 210 127 269 160 51 180 16 171 237 83 123 20 113 139 132 180 217 79 45 148 248 108 264 33 288 24 272 160 1 151 240 84 260
16 20 1443 15 275 64 72 143 17 83 282 187 252 119 12 40 101 164 95 138 260 3 258 1 113 47 90 60 49 156 60 181 237 34 60 132 135 157 278 33 119 47 124
17 20 1631 83 90 12 237 82 125 191 58 113 5 160 294 56 227 29 41 86 82 126 261 159 273 103 140 151 90 148 108 109 291 70 184 7 138 173 95 173 173 8 40
18 20 1704 187 121 172 262 138 139 179 185 41 55 91 6 144 158 126 149 135 136 19 186 105 124 55 278 106 36 154 73 7 218 21 158 38 234 114 13 196 170 103 273
19 20 1529 29 187 29 152 73 154 187 95 15 178 36 39 150 107 57 65 106 41 8 261 94 255 133 278 164 137 148 250 183 43 157 209 102 79 46 96 92 92 103 265
20 20 1215 8 159 183 109 46 20 152 171 190 244 144 71 53 131 26 200 75 272 46 168 12 115 1 142 9 263 76 110 102 140 122 129 37 232 101 81 4 48 132 264
21 20 1563 14 75 24 252 195 79 84 261 164 285 115 270 123 37 25 140 50 162 97 100 12 202 62 50 56 171 200 207 48 48 175 223 198 197 190 180 16 196 106 208
22 20 1842 86 149 147 22 170 78 143 275 163 265 75 88 194 69 193 159 180 179 93 25 69 196 138 24 136 17 128 1 65 130 111 8 52 156 152 108 4 233 4 246
23 20 1489 114 213 128 291 2 196 194 75 24 81 122 28 151 298 17 111 115 298 75 282 130 149 2 155 20 270 58 221 92 278 15 10 124 146 189 85 147 261 143 147
24 20 1620 5 123 145 177 60 123 116 268 154 41 106 95 143 294 27 233 23 189 125 116 127 280 136 223 27 141 175 273 105 37 99 98 155 39 163 293 108 148 27 122
25 20 1672 8 30 150 94 159 36 172 71 79 160 64 278 166 226 137 166 86 280 60 51 194 120 74 61 200 5 77 252 90 99 96 169 109 291 108 166 58 42 4 162
26 20 1513 159 73 199 41 61 135 174 292 23 251 17 140 129 101 17 246 103 273 78 280 31 300 166 235 158 265 196 136 73 111 18 260 153 37 90 117 3 240 44 11
27 20 1449 154 262 33 77 32 280 92 7 107 150 135 227 4 118 58 191 78 216 92 105 80 64 172 4 154 295 83 137 180 298 116 142 36 236 144 278 29 273 33 197
28 20 1414 13 255 68 267 135 66 84 88 32 149 40 152 158 216 65 90 132 192 18 270 17 105 69 122 88 129 17 212 171 39 136 286 12 16 183 140 148 60 182 145
29 20 1742 190 159 175 24 186 197 61 275 179 34 168 115 81 252 170 200 91 42 102 251 184 290 25 107 35 156 2 202 116 31 45 221 61 259 17 287 107 42 183 211
30 20 1611 69 47 45 145 85 23 30 129 91 277 26 151 67 232 110 108 105 182 115 90 108 209 64 212 125 285 198 117 187 33 172 138 146 82 101 146 97 153 73 237
31 20 1671 196 35 136 193 37 221 161 150 112 176 77 108 94 192 96 291 60 127 120 226 38 7 140 101 190 185 23 298 78 252 29 82 172 68 23 35 145 33 162 194
32 20 1512 75 298 88 203 104 169 151 182 7 1 32 178 8 167 158 248 132 209 70 97 116 179 200 230 1 115 186 226 117 234 45 16 81 4 128 47 141 276 51 235
33 20 1405 179 162 44 74 127 276 118 147 5 194 130 56 183 37 36 227 87 14 61 165 196 201 20 154 20 294 80 51 18 252 55 236 50 79 40 228 146 212 162 225
34 20 1422 37 54 51 112 97 291 79 298 200 140 63 264 119 168 45 33 31 57 8 205 179 155 11 106 146 272 70 163 138 142 144 255 96 143 103 25 40 228 121 285
35 20 1155 63 16 155 264 63 119 16 153 108 239 2 138 74 180 74 200 70 250 86 38 52 297 114 218 93 54 160 213 17 63 50 294 135 16 38 160 49 192 25 118
36 20 1759 165 110 115 12 110 1 90 193 52 176 62 74 160 20 152 214 111 98 136 238 196 291 33 276 184 44 72 140 42 63 56 221 195 7 76 201 116 285 76 111
37 20 1338 38 134 16 60 93 191 189 247 44 212 60 40 106 189 129 223 74 72 22 77 110 222 4 182 131 17 98 74 77 69 175 198 141 148 34 225 38 272 94 284
38 20 2042 169 170 107 264 122 6 61 51 181 299 160 49 84 31 2 107 195 53 196 288 123 47 193 211 98 244 75 21 188 5 126 225 110 70 108 244 85 16 170 193
39 20 1345 83 241 66 188 193 105 9 45 56 288 145 190 54 193 183 128 109 286 74 12 12 124 156 157 80 91 59 77 24 212 36 111 174 10 9 148 41 47 119 255
40 20 1584 175 264 93 208 74 68 188 118 84 276 103 163 100 237 168 12 37 199 80 146 148 26 40 124 68 265 70 83 187 276 1 166 97 99 11 192 146 7 110 243
41 20 1629 82 166 91 64 27 58 10 78 65 203 36 171 104 185 184 295 178 112 31 190 138 66 161 131 197 42 160 114 87 192 28 150 143 101 125 190 147 42 43 216
42 20 1748 197 137 162 17 161 217 133 77 130 69 51 125 2 168 80 93 3 80 124 264 191 244 41 191 137 91 21 266 196 113 78 168 137 65 41 69 114 182 186 164
43 20 1840 86 47 189 224 200 139 193 233 4 111 173 122 10 148 151 114 117 248 3 115 146 14 95 10 24 122 100 175 183 224 96 135 149 64 70 153 187 103 125 54
44 20 2108 75 244 182 169 189 95 169 65 140 232 141 10 180 119 152 185 171 25 108 147 120 199 27 61 80 54 168 123 77 141 196 19 153 46 14 215 108 76 185 136
45 20 1534 67 277 188 65 5 240 52 43 200 212 154 263 166 48 74 60 9 259 33 129 67 140 121 183 1 256 161 279 120 195 10 15 86 266 153 57 170 128 81 111
46 20 1442 55 2 131 14 69 21 118 247 121 196 63 155 68 87 65 190 164 3 90 119 95 239 108 74 118 181 75 85 52 84 80 270 25 7 76 238 102 183 128 130
47 20 1914 182 47 74 30 158 214 53 234 165 12 66 133 124 102 65 30 195 126 165 199 74 20 111 185 141 218 181 37 150 248 78 81 173 139 13 290 169 2 56 170
48 20 1391 101 154 20 279 149 96 9 28 199 131 42 192 23 269 116 81 11 185 32 174 140 292 39 252 112 65 169 58 146 3 69 200 126 48 30 297 131 228 75 39
49 20 1346 59 211 37 33 44 254 133 230 19 288 69 163 3 142 174 152 179 180 105 56 73 234 17 25 92 97 125 42 90 54 2 155 35 215 183 190 61 168 183 159
50 20 1256 37 143 143 22 144 139 44 161 87 16 137 135 161 161 131 165 2 164 33 152 82 199 82 214 11 4 30 86 173 129 150 264 50 18 25 255 15 104 34 209
51 20 1804 78 267 162 295 108 23 192 195 131 203 40 10 174 243 59 64 199 66 130 176 72 229 163 91 19 77 80 221 188 223 193 222 188 36 52 182 8 252 19 213
52 20 1593 138 213 122 188 15 202 83 241 69 122 140 286 113 143 167 243 98 70 68 254 49 125 97 256 129 88 16 242 160 68 186 60 22 60 128 108 112 220 80 103
53 20 1544 35 139 133 201 165 253 56 133 134 201 86 176 116 78 1 280 197 267 66 253 164 170 154 10 113 259 73 37 110 249 2 137 72 174 77 170 151 175 25 163
54 20 1597 176 168 187 214 168 245 2 61 29 164 64 233 117 121 63 128 78 244 4 300 136 210 29 62 114 49 142 94 155 264 145 83 149 202 137 140 30 152 72 244
55 20 1605 42 224 79 212 159 36 1 258 109 156 152 148 189 144 58 45 27 180 144 209 70 17 178 38 8 203 82 27 146 164 189 159 28 53 112 155 124 118 110 286
56 20 1640 173 75 114 6 73 102 75 127 67 187 172 180 139 207 26 15 159 94 30 216 37 101 177 19 195 76 178 28 32 186 29 32 60 74 103 296 170 116 41 1
57 20 1323 19 34 13 95 36 196 81 258 66 92 125 119 149 53 35 133 176 47 103 86 67 1 134 201 96 152 89 286 30 102 101 83 97 116 99 108 31 109 107 258
58 20 1524 44 299 78 249 106 223 99 108 184 6 90 244 8 254 153 195 76 213 139 176 143 172 44 90 76 1 32 238 73 171 171 213 171 114 37 276 73 84 109 293
59 20 1508 36 194 89 272 187 282 100 41 17 67 92 129 69 37 25 96 200 187 143 126 123 88 126 201 100 267 51 226 116 255 33 97 95 203 180 148 21 37 83 271
60 20 1512 200 298 60 157 5 75 72 70 70 74 93 72 104 232 169 91 131 144 73 271 172 182 43 230 159 130 14 247 62 269 41 47 98 43 88 290 87 65 149 210
61 20 1643 94 141 50 55 62 176 178 22 120 2 87 191 61 195 109 267 81 101 144 75 181 192 48 97 185 295 85 87 107 12 61 194 152 83 1 27 51 248 197 222
62 20 1293 32 129 11 54 195 227 138 231 76 214 96 128 165 258 53 119 147 193 131 113 54 172 172 49 70 284 79 70 17 234 7 280 71 267 6 37 25 37 72 104
63 20 1730 58 297 162 70 89 299 182 72 108 218 142 193 4 23 133 33 9 288 33 55 105 70 176 177 133 256 57 299 196 69 173 229 130 78 164 127 36 67 73 74
64 20 1512 27 134 3 171 112 143 54 126 97 195 122 35 113 155 187 83 6 268 127 174 155 6 54 146 149 118 85 208 66 272 132 232 130 115 111 55 124 221 37 44
65 20 1333 135 152 185 271 63 205 72 139 78 287 25 138 120 60 109 108 176 234 45 142 89 268 107 278 119 208 3 164 44 48 95 173 109 101 37 87 25 23 31 178
66 20 1583 21 108 152 37 167 94 47 151 20 100 87 65 31 92 91 243 170 206 168 68 170 146 165 37 20 123 87 16 157 199 126 83 85 186 7 203 27 275 181 45
67 20 1825 146 26 164 283 159 193 163 279 14 130 30 83 177 9 76 29 25 178 47 203 38 281 161 115 195 276 148 50 74 189 160 191 92 275 126 3 150 232 137 20
68 20 1532 130 230 90 248 135 179 36 80 172 30 28 227 99 283 198 113 29 121 100 106 20 251 123 25 94 299 161 270 96 106 66 118 145 217 31 213 11 284 152 250
69 20 1360 101 70 21 241 15 40 195 131 59 128 119 101 173 79 41 288 97 54 55 143 71 273 97 18 125 123 193 50 63 30 162 245 30 186 21 240 60 240 3 227
70 20 1696 199 19 174 40 59 263 19 133 53 64 128 300 182 285 14 18 21 248 176 27 170 153 191 277 196 25 14 270 64 229 75 225 23 14 133 168 192 245 38 80
71 20 1359 51 268 125 200 40 168 58 162 105 191 1 216 30 147 69 267 12 229 71 99 83 118 164 72 138 41 130 14 78 281 68 32 47 76 139 201 173 102 117 113
72 20 1812 70 173 85 294 161 15 149 151 194 289 167 211 82 161 40 154 64 41 11 84 47 85 149 3 195 181 159 286 154 128 60 84 144 201 171 250 132 266 31 114
73 20 1820 190 201 117 44 58 49 102 272 57 192 15 41 91 12 154 283 175 195 155 290 172 151 91 146 110 179 74 6 108 232 196 32 196 283 119 202 16 198 79 73
74 20 1504 44 245 193 141 38 73 79 10 55 45 14 12 57 63 24 164 143 48 120 290 173 193 101 73 2 122 98 40 196 227 139 257 47 71 158 243 158 63 42 102
75 20 1328 3 162 43 89 91 263 104 280 20 267 74 186 187 126 27 283 142 271 8 179 38 213 126 274 36 115 81 44 155 237 31 41 165 89 124 240 108 161 98 39
76 20 1719 27 171 98 272 66 213 79 55 14 105 113 272 124 37 140 56 124 86 32 284 130 210 200 203 126 243 122 174 152 144 178 29 73 208 145 279 92 243 114 178
77 20 2123 84 24 126 134 72 171 177 191 156 123 157 184 162 170 139 38 182 63 103 245 182 123 160 40 181 164 141 74 104 170 87 5 102 104 144 286 106 7 89 268
78 20 1060 24 221 68 235 194 145 56 165 72 213 105 90 60 50 9 280 77 282 101 243 154 291 1 167 133 50 21 209 30 228 87 236 46 13 30 115 42 133 16 194
79 20 1463 177 218 3 120 81 245 112 164 63 265 81 30 52 140 113 144 123 234 27 138 78 70 62 138 121 196 80 70 140 129 24 59 123 128 112 82 92 168 165 46
80 20 1531 71 287 1 187 192 136 16 25 175 78 117 20 182 121 136 171 161 139 26 237 57 91 81 29 28 286 5 25 130 58 104 208 181 260 154 217 65 95 32 34
81 20 1633 7 138 140 262 146 65 69 147 82 194 47 84 133 206 95 191 137 214 150 52 66 128 132 76 98 115 71 287 49 84 192 86 95 96 158 192 14 119 161 143
82 20 1742 139 75 1 180 152 37 158 152 62 185 47 285 146 160 74 36 134 183 38 294 195 260 9 252 115 272 199 209 57 232 159 240 183 94 29 141 133 39 148 191
83 20 1291 29 239 152 219 23 53 159 26 200 25 23 79 9 92 72 249 55 18 132 201 122 287 156 3 99 54 48 296 158 124 45 138 74 34 48 105 1 38 9 225
84 20 1699 52 11 13 236 121 282 116 85 200 15 80 260 62 174 87 200 97 128 119 72 154 289 142 93 10 37 58 239 161 279 140 183 136 247 150 47 162 234 64 66
85 20 1652 104 165 33 62 101 14 130 207 51 165 54 75 7 172 41 49 156 95 151 120 191 299 88 293 139 27 183 230 65 116 172 275 172 219 39 15 132 287 56 96
86 20 1840 40 3 153 103 16 61 113 219 165 135 114 93 103 106 152 228 39 187 74 184 68 53 156 122 181 271 140 292 58 246 152 218 89 214 197 28 186 71 105 241
87 20 1863 41 252 135 99 184 235 127 274 22 44 136 33 93 243 57 290 160 18 143 262 105 245 117 264 194 209 192 191 21 137 136 65 172 23 32 268 65 26 197 276
88 20 1785 188 130 141 180 17 198 128 193 108 152 22 153 173 216 100 262 87 32 115 260 102 260 189 177 59 113 106 245 107 53 153 167 116 220 161 137 148 47 12 230
89 20 1371 50 153 1 205 154 51 136 15 7 250 182 286 52 14 34 2 166 25 93 126 126 222 32 252 6 224 180 177 40 78 129 84 92 127 16 161 74 32 144 256
90 20 1446 52 125 81 113 41 143 109 194 151 188 71 61 34 95 161 186 28 131 14 146 183 79 23 249 48 152 11 16 192 72 48 48 134 97 190 28 95 55 142 65
91 20 1781 43 41 121 254 60 114 182 249 190 181 59 45 172 46 161 139 60 270 120 199 22 245 166 214 181 214 66 18 46 190 188 209 73 240 31 237 179 263 107 26
92 20 1744 97 236 169 44 114 225 131 130 89 265 41 289 82 56 31 240 174 138 170 220 119 142 135 225 194 24 89 128 39 171 28 67 189 123 109 118 122 279 58 210
93 20 1876 142 293 177 83 175 130 175 279 2 2 188 120 65 185 190 289 170 71 127 187 38 200 155 243 149 292 30 119 76 299 76 216 40 153 182 78 55 117 133 20
94 20 1776 133 294 114 35 183 294 143 7 147 225 38 241 170 71 44 286 160 3 107 270 31 184 55 243 104 210 48 112 90 137 161 196 177 6 189 270 113 240 13 184
95 20 1671 64 56 10 47 174 281 122 99 103 207 61 16 53 41 58 275 18 97 118 180 150 140 189 82 160 154 89 191 45 54 125 212 168 147 95 180 133 15 154 22
96 20 1628 168 179 46 51 134 127 64 48 194 127 87 300 107 124 7 79 47 30 57 235 155 66 152 137 116 300 61 104 157 280 164 111 99 177 55 269 4 264 161 245
97 20 1564 186 182 147 52 17 158 76 272 112 206 177 161 96 276 21 230 140 235 10 180 160 55 55 232 53 84 104 224 51 271 18 183 178 122 143 108 141 24 71 38
98 20 1274 109 297 60 23 69 206 148 16 138 254 12 259 21 184 21 161 51 90 176 239 93 142 130 246 90 201 22 191 16 190 195 68 51 38 16 143 50 272 125 247
99 20 1714 139 108 170 286 93 248 142 242 81 296 11 164 144 264 179 199 132 220 34 127 46 244 101 190 123 165 9 38 190 1 38 40 174 220 161 88 5 274 171 88
100 20 1580 76 47 79 186 3 150 87 183 75 225 88 218 37 189 190 246 54 172 195 209 51 300 75 160 92 15 185 37 101 55 20 149 69 17 162 235 165 36 172 135
101 20 1476 129 230 124 294 80 218 56 142 136 185 167 118 188 70 46 45 75 98 79 146 10 167 108 241 75 228 7 276 16 24 23 269 64 251 106 20 175 30 181 228
102 20 1432 166 206 175 290 67 92 35 170 64 31 186 281 5 15 177 109 147 192 131 81 98 288 31 23 101 89 34 250 29 111 46 255 36 74 132 89 74 269 57 59
103 20 1444 100 57 117 238 170 171 130 244 38 25 34 60 79 274 58 110 112 97 184 35 123 167 18 184 20 149 158 103 138 253 71 134 27 257 19 21 56 212 154 38
104 20 1403 174 78 91 27 104 103 57 128 60 123 65 252 75 148 23 100 132 209 10 107 155 120 26 21 155 270 186 271 28 20 34 185 171 42 112 152 72 187 24 170
105 20 1665 172 195 73 228 160 154 73 267 17 294 191 65 11 223 14 33 19 166 190 34 58 108 82 282 130 77 165 71 15 240 189 226 116 165 143 66 108 166 156 15
106 20 1545 193 188 73 108 126 117 189 191 75 171 36 80 88 142 154 196 178 102 23 40 111 190 152 246 116 280 2 26 128 135 108 27 18 89 19 62 30 130 113 251
107 20 1305 199 227 105 207 36 253 17 63 14 57 70 65 96 258 29 255 32 276 26 48 170 53 105 77 30 35 163 65 36 128 55 26 162 114 82 71 78 76 127 276
108 20 1475 60 236 142 167 196 174 53 250 29 205 24 243 124 27 76 215 157 299 76 138 112 19 85 61 52 65 117 243 173 271 96 181 38 234 63 235 155 193 16 171
109 20 1339 19 130 1 20 16 142 34 37 161 181 90 267 14 260 42 9 86 182 127 51 176 186 153 31 117 156 106 284 138 3 14 63 69 65 166 104 14 108 131 245
110 20 1619 119 172 115 218 188 69 129 58 186 271 107 258 37 159 47 26 163 287 139 224 168 66 8 126 115 143 70 175 27 63 187 113 93 300 53 252 55 296 18 24
111 20 1732 193 257 153 166 122 135 123 127 55 242 78 37 93 199 186 193 78 104 129 269 164 195 138 203 42 210 110 31 68 212 50 79 197 63 93 29 66 144 27 120
112 20 1695 75 176 151 109 157 194 187 93 173 205 74 119 194 292 116 152 26 23 171 291 91 189 23 73 56 2 36 256 170 79 137 276 28 141 58 30 185 224 11 283
113 20 1263 27 29 106 296 131 197 8 54 65 107 17 103 81 275 159 94 196 278 77 5 96 122 71 218 23 25 67 2 35 32 58 166 79 90 33 183 154 201 96 140
114 20 1783 192 89 137 71 69 36 63 86 200 35 118 267 43 236 157 31 167 219 91 81 74 57 115 264 108 162 169 127 170 184 111 134 69 89 47 108 52 215 77 285
115 20 1542 152 123 44 154 132 200 7 274 7 170 187 296 37 149 88 129 36 228 197 269 51 146 111 53 195 13 83 74 14 224 53 98 169 74 105 291 102 98 158 262
116 20 1810 199 155 164 51 198 31 108 63 141 122 146 137 26 121 198 297 176 125 126 245 89 131 31 209 122 283 41 91 189 295 196 156 30 18 4 51 38 292 41 160
117 20 1631 65 160 154 173 63 202 153 141 69 246 10 14 137 143 124 81 110 118 28 139 117 5 183 207 79 193 29 85 5 2 63 11 160 231 138 264 162 229 190 25
118 20 1641 64 174 114 273 127 21 160 23 108 43 196 195 35 152 80 8 159 253 4 241 116 96 56 101 57 146 145 268 157 89 17 280 98 175 192 41 24 45 143 229
119 20 1563 193 131 134 206 175 30 46 149 7 200 21 102 127 167 124 173 125 240 47 220 189 240 52 179 152 147 8 8 168 243 11 92 92 105 71 120 80 91 132 215
120 20 1499 92 155 19 211 160 16 23 172 184 157 12 61 198 159 119 285 76 204 55 237 51 25 131 276 63 59 196 205 124 130 3 262 174 217 8 72 91 157 95 35
121 20 1468 172 205 79 201 20 243 171 16 41 233 161 110 49 220 35 21 48 178 64 164 152 257 124 42 111 221 193 200 23 97 117 195 76 32 32 278 43 217 124 226
122 20 1645 111 74 183 194 54 59 98 14 143 258 94 251 86 270 18 183 29 251 179 292 142 87 82 159 36 155 45 25 193 126 13 267 132 196 194 277 42 250 183 29
123 20 1784 44 125 13 289 192 225 184 86 123 146 120 288 89 212 167 148 27 19 103 86 119 250 199 298 25 97 65 29 192 134 164 261 168 72 97 260 44 253 96 205
124 20 1765 111 228 5 227 95 92 9 66 92 61 97 28 123 173 72 119 172 134 136 152 129 271 100 179 183 140 88 40 112 208 65 196 101 155 191 286 174 286 152 298
125 20 1564 187 290 198 58 13 49 133 16 102 122 6 121 8 279 122 265 199 43 134 63 82 23 31 33 149 44 27 15 9 286 154 15 197 90 130 67 33 144 42 75
126 20 1675 187 260 124 39 149 122 21 23 16 276 197 47 60 177 65 34 15 277 127 17 58 26 46 299 37 181 179 19 84 268 136 139 193 72 162 164 100 281 138 230
127 20 1530 165 87 183 276 10 290 102 149 170 99 157 268 78 80 74 244 29 232 82 107 101 82 4 196 19 115 152 107 172 170 193 147 33 223 96 29 90 147 3 6
128 20 1812 9 296 104 71 80 164 171 283 56 184 160 195 63 81 192 147 24 103 32 266 186 163 137 46 181 165 126 211 17 92 166 204 97 127 196 112 106 81 162 285
129 20 1513 182 33 154 16 87 91 111 8 32 212 154 119 98 247 148 298 22 17 139 16 2 117 17 100 155 186 126 273 139 48 119 251 10 291 5 7 129 157 63 174
130 20 1244 137 72 41 290 29 109 179 228 108 272 56 35 115 89 171 12 65 121 54 50 37 143 74 33 46 259 191 79 68 213 1 282 3 154 56 236 109 37 15 165
131 20 1391 53 284 105 61 140 271 160 282 30 25 139 293 77 253 194 145 126 251 31 293 41 48 59 116 164 124 6 99 23 216 36 82 153 134 79 55 46 298 77 160
132 20 1594 50 271 81 202 188 73 102 174 48 280 10 141 132 14 113 268 5 160 76 121 151 214 129 160 84 245 138 141 192 34 9 43 158 44 91 111 151 269 85 188
133 20 1721 94 178 169 230 53 119 144 46 155 232 101 82 129 51 159 187 103 98 146 253 161 290 133 9 38 24 107 167 118 60 41 111 29 262 137 33 35 284 100 247
134 20 1545 137 37 127 214 35 31 59 271 83 21 124 33 106 223 149 265 79 178 56 53 154 256 154 298 28 233 124 10 68 155 112 157 11 48 194 54 67 71 65 100
135 20 1729 190 34 76 7 17 43 102 115 59 219 30 43 141 136 184 21 99 32 125 147 30 111 119 230 137 33 196 109 132 158 16 277 113 73 165 119 167 160 64 39
136 20 1646 199 196 106 91 76 150 89 258 48 177 102 274 126 61 7 13 154 187 130 26 150 141 1 34 152 247 200 148 199 225 2 160 174 42 29 108 36 54 78 39
137 20 1750 116 249 186 179 184 147 136 75 199 291 114 244 46 173 97 227 32 159 119 217 160 102 28 196 182 130 165 265 191 241 53 148 15 91 40 62 116 251 9 158
138 20 1572 178 112 178 191 176 43 39 220 36 236 13 154 55 254 14 5 12 56 135 227 73 112 78 148 100 185 101 115 105 81 196 88 45 119 193 111 50 248 188 149
139 20 1431 27 139 192 98 83 59 146 265 104 137 72 65 123 216 29 56 67 132 138 47 90 118 58 268 103 229 88 94 47 275 13 6 51 287 155 77 87 291 116 13
140 20 1468 57 49 168 194 118 150 124 166 135 129 51 299 51 232 96 104 162 60 48 71 137 23 28 117 38 111 104 44 5 191 35 233 113 88 84 103 100 147 182 32
141 20 1608 170 71 47 165 46 40 120 168 22 62 67 136 85 199 27 22 197 264 94 110 118 99 141 74 65 222 51 189 70 223 174 63 141 288 160 239 135 50 81 163
142 20 1860 147 24 144 149 71 138 157 15 200 36 89 39 19 192 168 83 108 288 142 293 11 218 189 5 127 235 137 292 115 28 129 276 76 168 37 250 121 234 138 51
143 20 1843 21 107 37 18 141 241 169 180 193 248 62 232 131 261 169 86 100 231 63 183 87 122 189 216 162 8 51 141 128 89 109 94 63 146 45 242 186 254 198 98
144 20 1704 106 15 147 37 131 169 166 167 5 93 45 62 185 20 120 6 7 173 200 96 82 139 165 51 94 278 194 173 77 56 69 20 135 84 90 28 88 266 24 188
145 20 1795 69 5 150 278 62 49 124 79 126 149 184 152 190 82 113 284 110 293 82 248 34 255 28 105 167 68 92 118 91 152 174 214 106 161 190 147 64 89 88 30
146 20 1546 19 61 115 80 66 210 55 49 120 113 162 281 112 2 6 179 8 178 138 297 23 220 132 88 198 171 100 142 32 213 196 97 147 46 56 17 134 174 114 180
147 20 1329 5 42 11 161 180 165 76 114 142 162 18 246 129 54 157 106 190 36 74 27 34 206 16 52 186 215 39 279 33 184 29 64 94 135 63 300 151 160 35 21
148 20 1363 187 245 57 15 17 173 114 71 86 16 65 241 200 79 73 12 25 205 97 11 118 102 117 1 48 230 96 36 197 21 13 80 21 178 42 222 31 261 100 89
149 20 1672 189 234 174 236 81 137 121 147 84 288 159 35 29 206 84 9 115 173 78 21 132 190 139 155 57 195 189 107 124 90 97 233 100 75 20 257 78 14 41 258
150 20 1416 30 186 77 244 9 217 134 47 19 12 158 29 36 77 190 81 96 108 37 283 196 92 36 232 166 80 142 64 19 242 179 252 116 220 19 246 23 68 88 121
151 20 1788 179 285 65 116 179 21 41 227 96 150 29 81 128 68 92 136 67 269 132 12 153 171 85 285 8 197 175 17 107 156 92 72 163 13 155 274 181 63 109 238
152 20 1836 183 156 45 226 17 125 187 209 179 195 83 24 15 228 194 17 170 151 175 139 180 171 110 184 169 152 127 52 70 168 87 174 40 49 1 121 87 198 176 65
153 20 1424 78 145 167 296 39 155 100 242 76 63 90 157 22 149 60 23 140 201 33 81 128 42 181 147 25 174 140 276 71 72 135 81 87 227 115 13 92 55 1 206
154 20 1558 31 61 100 172 21 190 101 218 153 97 166 289 134 56 152 295 26 11 128 280 109 132 35 214 198 74 167 243 20 190 48 70 193 137 52 189 81 199 33 53
155 20 1615 44 10 90 267 146 163 69 82 96 252 5 116 32 97 161 180 56 40 130 36 1 134 154 264 109 84 200 5 111 11 34 87 104 113 176 19 180 172 121 275
156 20 1695 121 111 73 25 13 213 38 133 133 26 174 75 160 149 144 134 189 73 149 154 104 279 2 105 91 207 153 204 7 256 118 167 199 113 69 51 173 12 9 18
157 20 1693 1 268 98 54 129 4 179 64 32 155 101 59 121 66 112 47 88 21 116 72 72 291 194 209 159 103 195 91 139 250 30 5 70 156 73 191 45 51 163 251
158 20 1560 134 15 171 3 7 282 57 54 189 132 99 29 68 36 152 138 110 60 70 13 95 31 54 23 46 293 60 147 27 94 124 293 173 130 116 294 8 222 191 85
159 20 1441 46 9 35 179 54 269 15 234 56 123 40 183 164 84 193 53 83 4 169 167 97 147 123 270 74 265 71 263 96 158 27 21 150 96 133 247 162 158 14 298
160 20 1497 55 299 7 271 123 260 40 77 105 53 173 284 101 195 94 235 92 205 114 260 29 110 62 139 45 292 52 148 1 225 157 107 180 42 153 98 136 75 153 112
161 20 1721 31 255 27 47 106 264 165 191 31 80 180 114 70 291 143 153 96 170 72 145 105 125 145 271 151 11 196 211 61 43 53 34 76 277 142 213 180 161 122 124
162 20 1832 6 123 93 247 159 169 101 93 133 269 169 144 48 168 180 61 82 179 79 291 142 230 175 155 20 253 157 31 51 250 184 207 159 100 152 26 12 141 188 289
163 20 1509 118 234 41 280 47 267 72 219 114 299 76 59 169 58 28 245 138 242 170 41 3 83 93 151 126 265 43 157 115 41 86 81 8 299 99 214 187 280 154 120
164 20 1468 16 29 86 31 46 15 49 210 138 184 57 191 144 36 116 212 115 7 24 93 195 104 169 240 19 140 7 141 150 237 54 107 143 300 161 44 39 63 107 67
165 20 1264 80 245 55 1 16 246 192 191 133 97 184 237 67 2 47 82 62 258 11 114 47 122 159 221 44 172 159 283 31 5 96 104 40 60 12 80 5 198 141 277
166 20 1733 28 70 153 7 193 294 129 41 89 89 91 244 138 18 102 214 164 84 1 124 106 30 171 201 88 227 47 261 77 299 176 141 20 196 185 123 85 278 124 192
167 20 1763 101 68 79 180 133 51 144 135 2 36 93 134 176 216 9 43 87 64 76 171 138 219 21 91 155 282 197 149 198 185 137 92 95 21 180 201 17 184 166 217
168 20 1777 186 81 46 287 126 4 199 135 143 77 23 279 108 218 196 23 166 144 78 213 127 54 169 276 3 260 164 146 102 262 18 116 12 35 143 61 198 288 15 140
169 20 1400 160 202 184 80 15 201 63 49 80 233 126 74 13 232 167 161 33 138 34 7 55 242 126 176 65 81 61 287 40 214 200 246 31 74 55 190 73 30 169 283
170 20 1674 173 207 69 233 32 288 165 178 184 271 69 108 47 199 11 268 194 146 82 185 145 134 62 211 154 42 27 171 12 134 128 189 178 156 160 153 63 167 138 75
171 20 1376 158 96 14 254 175 65 104 232 110 270 37 254 107 72 180 200 109 177 99 255 26 228 33 170 6 136 102 45 35 281 46 155 105 257 65 266 12 119 197 202
172 20 1343 26 32 4 176 6 199 77 265 4 33 194 94 47 57 183 224 57 164 68 105 78 202 50 124 147 246 12 110 161 47 178 78 34 198 162 127 33 30 158 60
173 20 1786 45 83 50 256 187 169 158 239 121 21 52 189 5 68 158 114 44 274 125 35 67 112 182 125 114 51 91 1 170 25 90 230 142 59 121 11 181 211 130 90
174 20 1953 179 267 122 52 196 257 122 168 119 170 128 158 135 21 140 167 71 98 200 9 68 120 111 181 143 276 192 62 170 60 64 73 87 280 168 5 13 123 14 191
175 20 1083 74 62 146 64 113 168 32 56 33 215 58 75 51 52 113 59 29 23 5 279 157 162 25 284 28 265 86 229 38 62 140 186 149 40 22 284 40 36 15 30
176 20 1320 29 252 181 164 66 232 64 235 185 172 129 194 123 255 107 213 123 170 40 91 5 58 37 161 83 275 178 284 87 170 13 46 23 168 65 299 31 99 81 296
177 20 1651 150 46 108 166 166 198 146 84 106 296 131 69 167 198 44 288 4 297 125 38 4 182 180 268 41 4 177 218 69 85 160 198 34 21 37 278 192 204 23 85
178 20 1452 123 73 41 208 78 234 200 282 72 124 75 180 17 155 88 226 174 211 151 223 144 103 71 1 193 6 50 123 83 98 23 230 82 259 44 136 37 27 70 119
179 20 1332 68 82 26 162 89 282 96 293 67 110 159 258 198 13 160 26 117 256 45 2 36 3 59 120 44 112 27 208 116 241 86 247 100 77 30 23 15 253 128 300
180 20 1622 56 144 184 202 98 28 13 7 74 224 97 164 29 282 140 156 27 19 24 73 76 192 178 114 167 26 168 5 36 94 125 27 109 284 61 158 198 237 168 43
181 20 1664 26 61 153 151 119 38 97 26 180 45 40 191 97 188 151 270 92 205 177 104 50 185 41 263 126 182 163 92 5 105 156 172 169 201 37 13 157 142 44 42
182 20 1524 127 3 20 226 26 76 56 269 122 133 200 230 190 124 6 97 140 54 75 117 192 154 102 268 43 182 40 132 142 209 26 274 108 14 147 18 55 233 89 188
183 20 1252 105 233 66 277 60 20 104 244 16 106 16 117 62 141 15 47 83 186 173 167 93 228 76 221 105 294 31 49 95 148 75 54 83 109 88 140 88 56 131 13
184 20 1604 29 45 42 83 135 258 195 173 43 175 76 30 179 194 102 293 26 183 133 13 116 160 119 292 193 225 16 78 132 137 161 75 197 150 19 23 25 21 67 87
185 20 1585 47 134 185 259 76 256 93 21 23 28 50 162 84 126 133 31 138 205 78 91 88 229 157 152 55 268 195 88 149 118 15 124 191 181 13 30 181 15 31 70
186 20 1009 6 99 6 144 7 243 33 159 39 296 9 151 168 285 106 137 155 16 99 271 26 247 74 281 4 267 158 293 55 218 53 276 4 210 51 110 193 295 16 190
187 20 1432 85 271 106 79 28 4 89 230 91 294 164 65 151 63 111 83 110 257 13 84 187 214 166 126 69 233 30 256 141 63 75 95 41 110 73 180 44 231 16 178
188 20 1579 51 151 173 218 180 246 73 138 163 82 106 161 112 241 21 257 14 84 76 133 182 26 143 211 130 150 127 65 83 65 153 276 41 248 38 38 47 201 61 272
189 20 1720 122 4 158 95 143 53 16 51 173 135 160 171 154 79 111 148 67 137 82 276 134 23 175 210 60 254 2 102 135 27 99 77 52 141 3 246 187 37 117 53
190 20 1531 167 180 142 300 32 187 130 36 29 105 52 56 64 232 104 40 15 103 129 43 80 177 112 251 157 44 9 161 88 135 179 278 64 23 132 157 187 131 42 240
191 20 1544 134 298 123 179 111 44 108 251 104 234 194 132 8 184 35 129 109 180 72 66 50 149 120 250 116 57 99 219 17 254 146 81 25 42 132 61 187 29 41 91
192 20 1273 15 200 60 237 7 11 78 96 102 223 35 228 144 176 3 185 14 124 11 282 90 191 153 115 49 131 172 154 149 94 81 69 81 244 108 135 167 245 73 234
193 20 1932 88 66 165 195 142 70 57 145 147 159 53 232 192 115 28 134 96 233 194 62 166 227 167 148 128 149 74 253 175 177 75 276 110 19 119 221 99 171 141 23
194 20 1504 101 250 169 29 173 108 31 193 8 288 99 183 151 35 40 114 6 218 11 37 187 238 126 288 53 84 139 62 180 67 76 177 121 166 93 55 68 43 49 5
195 20 1580 67 61 8 91 184 41 75 181 35 33 197 157 87 296 45 137 80 125 43 248 83 173 16 22 54 125 56 76 119 236 108 21 181 114 182 75 172 76 184 272
196 20 1632 145 264 193 127 15 186 105 175 62 175 178 194 15 141 159 53 85 43 94 184 193 138 26 15 155 50 89 161 170 41 45 1 41 86 75 119 60 215 135 110
197 20 1624 138 36 200 91 46 119 115 110 165 258 45 193 76 51 122 142 94 62 57 290 29 109 198 49 187 265 102 247 94 211 71 224 103 137 163 184 24 78 2 147
198 20 1640 102 184 139 243 162 72 117 206 85 188 24 93 98 251 19 104 156 48 112 280 85 266 161 20 77 170 35 92 164 260 13 229 102 223 164 220 139 95 96 11
199 20 1860 130 22 147 8 196 220 113 279 28 126 142 186 156 211 163 141 7 229 5 128 167 106 124 85 18 136 130 237 198 75 150 112 89 242 103 120 140 171 119 277
200 20 1498 126 19 23 60 136 163 127 84 144 202 23 69 100 128 93 106 62 67 74 64 176 283 186 270 42 148 93 143 33 268 5 222 112 196 44 228 165 134 109 88
201 20 1593 104 91 22 165 189 146 85 102 92 44 67 34 158 18 87 234 22 186 39 121 34 128 161 137 190 240 99 190 143 46 142 275 115 150 69 125 134 17 40 148
202 20 2045 62 153 189 232 198 53 183 107 14 129 41 145 193 238 185 283 125 92 67 266 71 68 96 214 166 136 200 229 187 296 114 256 78 16 191 66 60 160 137 243
203 20 1548 51 190 111 137 30 107 114 211 141 198 56 231 188 208 165 150 118 33 30 129 61 248 3 78 132 64 133 247 180 165 139 167 31 79 88 212 51 203 114 147
204 20 1364 121 168 77 140 25 221 64 218 15 124 187 289 15 185 164 181 68 120 177 171 184 138 51 97 91 257 65 71 45 257 35 252 13 241 65 91 112 105 132 140
205 20 1842 161 288 106 285 5 295 20 1 168 134 10 291 131 155 161 133 80 114 177 239 14 153 101 12 194 108 11 72 153 65 158 162 176 87 181 199 179 246 117 291
206 20 1512 166 179 118 164 49 177 150 22 29 106 53 290 150 56 21 159 71 185 127 147 138 282 112 14 55 266 178 16 139 271 5 35 159 276 113 244 23 52 35 58
207 20 1962 145 204 122 41 199 109 146 270 180 250 118 98 18 225 131 121 167 76 184 24 136 259 26 256 136 168 7 33 164 38 184 219 22 225 160 46 56 280 152 15
208 20 1190 9 205 87 183 100 167 8 194 194 85 88 165 57 134 128 19 6 294 158 64 134 289 5 121 141 56 17 249 101 81 39 184 9 54 46 240 73 135 88 78
209 20 1868 163 36 156 59 140 268 180 138 110 166 17 279 136 10 6 174 183 216 159 42 196 59 140 150 75 39 88 279 195 208 92 184 79 72 86 282 100 32 35 84
210 20 1378 69 103 109 192 118 9 83 5 164 162 1 52 72 243 2 256 85 262 131 73 191 150 140 248 22 203 129 226 52 177 91 36 4 2 56 262 60 2 144 199
211 20 1725 170 288 187 237 5 13 172 207 12 169 47 15 92 6 185 188 189 192 111 74 158 271 168 81 43 215 151 296 87 298 21 206 114 128 180 62 13 3 52 84
212 20 1446 62 178 58 294 70 167 36 255 51 276 20 298 197 200 14 196 178 182 110 58 198 183 147 24 191 60 77 253 168 206 4 73 93 13 84 37 29 1 21 99
213 20 1589 135 261 24 54 51 113 13 267 172 188 67 103 22 130 179 91 139 116 190 146 103 152 129 292 136 93 72 280 70 214 196 21 49 295 20 199 138 277 82 52
214 20 1611 68 278 96 183 114 274 126 100 106 73 180 222 44 271 17 121 119 203 124 84 161 96 67 9 133 86 130 156 47 104 119 119 61 132 55 234 168 74 79 138
215 20 1048 28 290 65 199 72 70 103 48 75 53 7 273 101 65 38 29 6 4 138 244 24 177 81 27 33 288 44 230 43 185 77 143 195 273 78 96 30 234 72 143
216 20 1252 20 189 83 232 125 132 30 264 8 65 76 129 22 111 192 109 149 299 116 56 64 80 15 135 13 33 180 57 168 94 2 255 110 233 116 64 36 224 40 250
217 20 1371 181 124 68 151 151 133 150 207 112 263 115 235 74 96 182 137 41 257 54 76 2 214 4 185 100 266 1 31 23 176 124 1 83 170 54 225 187 275 8 143
218 20 1834 51 87 59 190 1 236 22 139 132 184 105 185 162 231 139 76 163 35 193 53 181 129 77 215 106 145 124 157 127 131 164 36 107 125 112 66 167 180 101 249
219 20 1491 53 225 12 138 99 106 14 131 162 13 135 273 30 84 161 139 103 9 138 156 143 51 119 69 88 99 130 28 41 246 27 157 174 52 104 20 44 219 87 44
220 20 1620 58 246 34 100 82 280 90 162 124 146 159 178 121 288 48 222 145 155 76 218 197 286 73 231 129 92 53 176 104 120 152 132 143 205 1 204 104 19 132 295
221 20 1292 11 41 98 275 71 136 198 78 85 194 26 238 111 98 66 205 32 4 81 298 10 245 116 21 200 74 5 105 47 274 39 232 190 272 64 271 137 154 29 57
222 20 1641 103 219 1 188 151 275 129 97 198 165 142 79 166 272 103 16 135 54 58 59 91 202 127 152 103 64 95 130 7 230 15 184 191 229 75 193 1 119 161 296
223 20 1459 65 232 139 212 59 143 90 275 81 287 28 217 151 245 41 224 97 222 84 172 163 249 23 152 4 228 2 230 199 260 101 95 195 84 51 283 168 203 83 182
224 20 2026 185 265 193 135 143 30 162 72 67 223 174 217 134 250 92 205 166 173 71 61 169 229 175 151 59 46 104 174 152 110 79 173 41 22 110 17 123 295 134 9
225 20 1247 13 205 129 127 114 293 134 238 1 104 33 250 85 125 10 253 150 188 86 186 13 160 29 34 36 37 120 154 124 94 54 257 140 197 41 26 120 242 127 253
226 20 1587 120 273 69 82 170 3 39 108 69 50 60 10 199 216 97 148 17 45 9 239 1 128 115 123 156 14 6 157 132 74 167 66 105 172 197 299 105 65 151 68
227 20 1595 81 188 193 45 105 261 46 42 105 198 124 63 161 177 120 235 161 27 197 206 40 182 44 246 80 194 69 108 101 55 100 114 31 58 121 178 96 169 19 46
228 20 1151 45 148 42 34 16 97 7 265 35 263 173 270 34 160 13 249 158 263 70 115 99 40 2 96 150 165 16 299 168 63 24 69 119 84 85 271 100 78 83 164
229 20 1887 66 78 8 114 41 110 180 292 180 140 176 157 168 23 79 110 93 182 129 51 83 82 192 190 69 171 67 239 198 135 124 147 197 56 32 109 102 236 175 223
230 20 1631 147 95 149 4 166 284 78 111 58 163 21 130 27 148 39 238 92 241 159 161 49 141 192 166 200 42 184 226 112 264 18 96 48 256 98 96 100 209 102 161
231 20 1565 105 188 13 229 9 188 133 8 143 192 132 59 65 140 173 115 35 273 127 119 82 98 59 110 183 187 113 169 173 162 30 193 48 212 55 270 91 156 188 63
232 20 1506 49 78 72 239 53 260 51 167 153 298 77 241 195 260 183 239 182 7 21 4 40 227 139 277 79 212 150 44 9 68 137 1 123 81 69 207 17 299 84 225
233 20 1514 8 158 1 124 22 18 39 76 95 155 87 124 75 32 62 298 164 30 177 28 148 229 47 183 47 11 79 278 191 181 170 60 99 199 150 289 79 237 153 7
234 20 1570 126 110 113 247 150 114 40 246 120 152 26 3 154 257 39 113 45 251 193 245 27 174 100 183 142 165 106 72 135 214 129 126 27 60 124 163 135 126 32 107
235 20 1615 172 61 87 68 113 151 78 156 191 92 98 245 127 14 51 85 145 193 20 265 50 160 77 200 174 212 125 293 141 127 60 131 57 169 6 206 52 70 195 277
236 20 1781 104 189 167 158 18 217 192 179 114 235 17 154 179 240 12 23 14 208 153 8 183 72 168 121 141 16 112 25 2 159 164 83 32 255 188 185 88 76 179 186
237 20 1621 145 4 186 194 155 58 105 36 122 129 178 178 159 190 134 13 16 19 31 102 163 105 64 4 100 185 47 297 92 262 13 294 93 62 55 192 59 272 110 8
238 20 1760 142 235 12 249 134 178 188 213 103 49 158 68 76 63 187 12 147 196 129 133 64 131 45 146 53 241 97 14 111 157 26 8 74 234 155 35 135 298 164 58
239 20 1641 102 178 133 115 159 226 79 92 50 110 167 137 94 176 6 91 4 156 27 171 166 2 163 252 3 282 188 111 99 228 169 118 68 145 189 268 119 20 67 39
240 20 1572 130 153 2 241 78 257 168 89 158 66 59 109 61 151 160 29 120 296 93 128 66 233 3 45 179 64 126 124 59 21 21 193 21 225 126 245 199 295 136 135
241 20 2056 122 51 93 72 115 270 144 65 19 102 39 39 182 299 123 113 148 216 130 67 176 11 117 124 100 99 182 78 114 88 169 65 192 60 136 216 115 53 154 230
242 20 1445 173 14 63 118 35 97 14 74 108 206 4 73 150 89 29 159 188 84 47 57 32 168 105 199 80 203 130 234 134 175 78 143 89 235 150 226 144 19 54 234
243 20 1410 173 5 58 89 191 117 9 22 88 232 115 94 6 148 95 210 60 47 147 87 200 197 76 1 38 260 116 227 122 13 4 66 110 133 1 201 128 184 26 221
244 20 1310 121 274 16 299 65 225 82 160 7 57 36 273 162 113 102 235 16 141 195 101 116 183 1 51 15 209 26 15 57 70 175 103 58 86 106 196 84 160 198 58
245 20 1574 146 100 148 288 26 295 1 143 71 96 177 177 139 72 108 237 136 281 43 124 171 8 113 207 102 156 38 293 3 149 165 83 66 109 159 208 142 145 14 153
246 20 1624 86 237 128 197 101 170 156 243 114 285 51 243 8 92 197 66 95 293 165 22 142 97 46 231 169 23 89 59 1 131 84 88 8 92 164 91 155 287 71 255
247 20 1872 2 119 192 294 126 86 128 1 101 107 176 157 153 183 65 219 177 85 199 149 166 299 10 8 114 166 171 272 40 6 101 117 129 244 112 249 77 167 101 113
248 20 1920 124 134 85 138 153 223 141 193 155 190 187 204 190 31 154 3 84 106 109 84 63 91 80 37 44 176 153 197 142 161 111 293 48 187 149 103 86 283 142 175
249 20 1207 30 284 113 154 28 255 71 221 64 290 11 169 60 151 142 278 56 108 4 130 166 24 160 294 66 101 36 30 56 13 83 100 3 137 76 256 94 261 190 196
250 20 1424 72 55 41 283 42 217 40 137 145 171 119 200 189 198 9 286 33 174 23 162 24 290 175 142 69 143 44 143 81 113 145 264 148 78 165 140 155 6 62 103
251 20 1412 169 269 14 169 62 290 197 102 49 82 117 69 54 242 49 177 196 28 49 261 26 25 96 194 165 211 21 242 44 274 91 131 11 289 148 197 176 87 32 73
252 20 1781 80 261 11 200 143 58 196 81 194 196 149 71 71 133 187 27 62 116 142 292 23 247 140 4 9 98 167 123 40 84 129 250 182 37 76 200 39 245 187 278
253 20 1560 93 256 31 172 44 83 87 218 119 156 82 183 140 128 14 277 154 12 135 203 68 102 182 43 134 197 44 97 116 48 62 153 14 268 102 244 156 139 174 252
254 20 1763 144 9 95 131 141 28 138 158 155 261 20 259 155 202 14 42 178 271 103 166 111 277 40 198 118 120 68 104 130 32 119 253 113 243 164 230 194 21 4 246
255 20 1560 155 143 45 271 65 38 121 44 1 55 165 251 33 232 151 266 15 131 147 104 69 229 193 296 140 163 27 137 145 130 66 91 134 223 174 232 102 236 2 96
256 20 2020 110 270 118 245 195 97 62 188 156 134 163 67 129 115 83 51 102 125 115 154 111 125 180 16 8 211 193 194 169 105 199 93 106 19 68 254 136 129 123 74
257 20 1715 35 229 145 27 197 130 148 264 127 110 186 86 76 89 83 106 92 291 81 31 163 20 114 62 130 83 7 146 198 64 1 182 26 296 69 132 184 74 82 121
258 20 1277 75 102 46 78 174 107 91 239 32 30 26 199 132 134 102 53 18 44 51 225 134 137 96 184 93 175 2 25 131 203 69 163 75 34 8 29 104 139 138 104
259 20 1256 72 146 9 286 36 67 18 288 53 166 180 137 6 57 2 136 166 122 166 40 174 154 52 203 54 108 44 25 8 212 180 225 92 230 144 72 108 131 6 224
260 20 1822 194 141 124 85 31 206 68 69 43 162 41 164 198 275 157 82 135 234 152 157 191 208 149 203 22 118 136 80 157 185 65 178 99 236 26 154 177 127 113 229
261 20 1506 58 188 188 208 98 228 104 49 11 60 118 294 124 98 101 186 167 196 38 158 21 31 148 243 73 118 132 110 130 132 95 267 66 188 49 149 5 39 157 73
262 20 1658 136 14 184 33 7 53 153 253 68 9 26 154 154 271 13 8 38 234 107 59 171 221 112 76 163 195 38 7 58 185 16 88 195 274 194 28 45 260 195 78
263 20 1668 134 275 151 58 148 159 79 119 57 40 120 290 157 74 138 141 19 294 196 78 147 118 31 148 174 104 22 148 133 39 132 87 59 270 140 177 38 289 10 246
264 20 1404 104 142 70 33 131 38 45 233 115 172 63 124 16 75 16 184 141 53 188 154 74 34 167 58 25 113 26 298 64 120 70 150 186 59 53 149 177 16 25 51
265 20 1760 100 210 82 230 182 253 150 63 172 250 46 26 196 198 82 249 18 18 111 168 148 260 157 208 134 275 166 72 116 30 72 261 117 158 44 172 97 201 11 248
266 20 1659 8 200 45 253 54 36 23 214 88 203 110 280 180 232 195 190 91 11 115 24 70 268 157 79 15 72 163 215 119 200 140 246 122 203 31 61 163 280 185 279
267 20 1281 62 62 120 111 153 165 95 295 44 72 108 236 85 262 83 294 11 64 145 105 133 49 59 162 27 260 63 100 178 164 34 54 27 281 83 200 87 170 5 25
268 20 2118 54 66 123 108 100 107 173 299 155 192 113 228 200 194 113 78 126 84 138 240 161 273 128 139 123 97 115 145 10 241 153 109 134 199 190 268 154 245 185 201
269 20 1472 3 50 141 42 10 31 11 175 114 107 167 103 99 164 16 186 91 124 84 232 148 268 136 252 142 26 66 103 126 218 108 7 45 222 116 72 46 119 171 105
270 20 1882 145 108 15 160 59 252 179 190 41 93 174 220 143 213 182 65 71 94 173 230 109 263 80 184 21 57 112 76 162 65 149 94 195 281 66 171 109 12 168 268
271 20 1701 38 207 95 238 138 177 16 207 187 224 164 183 98 197 120 64 11 167 111 189 105 81 193 219 159 200 175 53 64 296 43 172 73 193 73 216 158 292 106 73
272 20 1792 137 108 71 32 15 197 91 75 55 241 69 296 39 266 171 246 134 221 176 234 191 256 119 241 61 118 33 203 166 74 159 1 102 72 82 39 178 250 191 81
273 20 1881 187 139 117 2 39 143 194 284 160 82 108 258 59 16 154 21 20 295 62 232 129 34 87 158 169 264 177 20 123 260 146 68 96 134 163 75 8 217 154 168
274 20 1764 159 81 160 216 103 196 139 175 84 32 102 197 70 164 134 262 129 154 137 247 172 8 5 81 115 109 116 296 127 260 81 207 34 103 165 113 50 115 123 4
275 20 1519 141 161 198 155 31 158 26 178 30 275 98 264 105 152 109 298 12 199 152 163 64 118 189 192 185 64 94 201 88 250 140 150 29 65 66 31 97 299 45 212
276 20 1534 6 294 62 46 15 39 113 226 13 217 140 37 96 79 130 134 40 281 184 119 42 213 21 78 127 164 90 230 52 202 160 191 134 187 153 174 147 172 193 273
277 20 1726 99 21 96 223 97 124 182 277 169 208 142 18 179 251 84 195 193 276 121 41 97 288 21 254 76 200 29 94 85 81 102 77 130 255 161 51 89 229 6 49
278 20 1248 149 69 86 101 20 252 167 102 92 267 30 72 135 139 22 261 141 254 176 38 23 124 10 64 14 126 184 54 130 178 30 162 30 163 33 251 75 211 13 15
279 20 1476 40 135 88 190 66 249 41 97 28 138 93 252 31 227 82 169 177 76 115 114 50 242 21 237 93 80 37 49 199 207 194 238 128 145 180 232 91 287 92 201
280 20 1348 62 136 68 286 153 56 140 29 60 239 40 55 7 38 18 149 99 289 196 30 24 272 59 22 182 254 134 246 27 288 50 137 66 247 187 69 109 245 4 32
281 20 1555 30 60 30 171 130 44 65 64 107 265 148 239 192 133 107 78 177 292 105 75 23 94 80 91 40 248 193 99 34 81 133 276 169 237 70 9 5 39 106 229
282 20 1626 124 228 163 31 48 147 105 134 73 70 78 268 183 159 20 104 126 292 26 206 146 50 166 2 161 54 193 231 103 129 46 48 70 2 85 236 109 109 8 145
283 20 1740 15 107 20 102 159 110 113 172 59 3 48 181 194 175 198 165 186 169 197 229 47 145 186 246 147 271 32 104 43 43 196 114 52 114 146 169 134 37 4 147
284 20 1528 200 117 23 114 112 285 132 155 173 158 3 6 63 29 5 26 151 201 188 247 10 249 152 191 33 141 51 298 108 219 23 54 34 227 63 254 196 33 191 215
285 20 1331 159 181 53 201 152 239 40 45 128 273 83 238 32 3 139 196 106 197 81 272 31 112 120 255 8 214 29 229 118 63 133 277 74 6 127 20 42 268 9 180
286 20 913 14 25 11 219 104 98 24 99 59 219 6 8 37 91 18 7 6 215 18 271 14 269 137 224 7 278 51 31 85 288 78 151 117 190 187 249 104 244 65 174
287 20 1452 151 278 67 124 192 293 85 148 138 75 94 135 21 300 83 157 2 269 41 262 173 184 194 86 60 178 109 235 76 254 52 111 33 229 8 145 86 209 150 283
288 20 1547 26 53 116 89 48 130 105 11 104 203 136 261 129 110 165 153 161 187 200 284 168 222 19 247 191 146 26 123 27 138 134 18 92 114 52 171 6 47 29 56
289 20 1375 6 217 104 194 117 46 101 93 35 174 120 1 163 212 124 172 37 86 158 68 3 14 55 68 23 300 192 30 85 79 50 278 165 219 58 9 30 199 93 128
290 20 1833 41 195 155 141 16 274 154 178 84 292 58 141 163 247 96 257 65 194 118 261 79 171 171 244 180 35 58 175 174 48 130 29 148 145 69 152 193 94 140 284
291 20 1540 63 36 76 140 127 133 101 226 159 184 54 85 73 265 82 6 12 281 74 7 37 97 44 16 139 85 160 146 19 115 183 259 143 225 101 63 85 23 194 117
292 20 1282 143 66 132 51 40 222 81 165 42 92 32 143 40 207 47 69 168 208 183 250 35 178 156 260 13 135 8 75 109 1 108 61 6 144 83 190 54 68 123 145
293 20 1734 156 108 27 298 137 150 115 281 96 107 17 138 165 266 83 81 89 58 163 50 70 222 193 145 181 167 38 166 122 238 149 197 136 94 81 97 127 149 23 290
294 20 1448 124 43 27 48 26 105 188 27 40 290 55 2 9 243 10 294 63 111 1 42 179 90 144 130 131 164 152 296 92 244 101 248 95 293 165 236 89 127 119 8
295 20 1676 50 172 98 263 82 228 35 52 54 200 169 46 81 233 57 220 176 254 96 152 155 151 197 100 51 78 70 237 135 218 181 165 95 56 90 115 92 40 131 283
296 20 1974 170 255 53 23 147 227 122 28 104 261 178 128 16 218 184 175 187 288 144 72 13 99 21 236 166 77 183 135 169 102 37 237 118 252 153 109 118 130 185 271
297 20 1499 154 117 49 56 94 279 5 33 120 39 40 253 113 123 74 280 193 175 43 135 54 71 194 61 107 162 110 239 161 15 136 286 14 193 67 129 102 244 44 191
298 20 1249 159 84 2 215 52 298 16 207 147 287 34 230 74 170 75 249 158 283 153 291 96 131 32 182 7 296 6 24 135 12 29 6 108 221 74 11 77 113 128 239
299 20 1717 96 227 162 102 137 222 113 52 82 259 85 147 19 53 62 21 73 177 172 28 121 193 174 8 178 263 87 11 78 206 124 30 152 300 144 295 54 277 34 1
300 20 1326 61 237 31 82 77 38 39 35 29 40 49 190 62 118 102 101 71 149 153 273 17 91 169 277 31 230 119 177 15 46 99 265 106 178 163 268 189 213 76 94
