1 20 186 4 1 5 136 21 12 15 251 3 78 6 89 15 36 16 73 2 171 22 137 7 271 24 185 25 170 1 27 1 233 14 155 17 141 19 60 13 183 3 121
2 20 172 3 240 18 152 8 207 1 197 24 156 9 39 1 256 17 51 15 165 9 57 16 294 16 237 5 281 2 250 21 21 9 88 17 223 5 264 14 71 5 203
3 20 221 8 257 14 283 16 287 24 64 15 259 14 250 5 65 24 129 15 21 9 22 7 195 16 213 18 75 3 289 12 182 19 137 20 226 18 92 18 244 2 135
4 20 188 4 42 14 208 20 140 22 217 14 100 5 186 9 272 8 53 20 33 9 42 12 172 8 205 21 222 3 285 17 15 9 295 10 239 6 30 17 118 7 280
5 20 196 8 279 24 155 11 202 16 283 25 63 6 173 21 231 20 220 2 252 6 186 13 31 20 232 4 266 20 272 3 260 16 123 14 56 7 124 5 189 5 227
6 20 196 10 266 20 239 16 20 3 143 5 272 14 235 16 208 12 262 10 231 4 220 20 176 2 115 24 80 4 192 12 80 20 85 11 203 2 267 17 159 23 70
7 20 223 17 264 9 17 17 52 15 173 21 198 7 103 3 180 13 259 25 226 17 256 15 93 18 248 12 113 11 103 8 255 5 174 24 59 25 212 7 156 10 151
8 20 220 25 138 25 56 23 263 14 127 5 70 6 90 12 67 11 284 6 233 11 74 24 23 23 96 17 275 22 50 2 91 10 211 3 55 18 154 8 248 10 190
9 20 196 22 138 24 107 1 21 21 31 14 100 10 160 6 135 16 48 8 159 6 295 8 135 20 26 4 236 5 147 21 247 2 144 2 243 21 121 12 136 22 254
10 20 206 25 214 11 244 16 134 7 71 10 89 11 73 24 267 24 201 13 94 5 19 6 116 4 36 13 242 22 98 13 127 20 132 18 241 10 216 3 83 3 133
11 20 200 8 172 3 79 16 121 6 264 10 282 10 289 16 139 13 13 17 3 24 73 7 99 9 203 23 89 7 298 9 95 3 2 24 171 17 96 24 51 4 85
12 20 225 23 256 2 87 21 28 2 11 7 293 8 118 15 5 7 58 19 241 23 300 9 2 20 129 23 114 7 63 16 30 25 107 17 2 9 129 20 95 9 295
13 20 226 1 62 24 161 13 22 4 160 18 235 21 167 9 20 25 181 3 232 14 46 16 269 22 142 10 84 21 142 13 67 9 230 19 58 4 194 22 292 15 265
14 20 227 15 135 4 266 17 272 12 91 24 113 25 179 16 145 17 25 17 230 15 50 24 57 6 75 14 52 13 289 12 46 11 50 11 36 13 179 8 63 10 274
15 20 228 11 231 3 245 10 234 24 210 16 269 20 51 23 16 22 237 11 123 3 113 18 132 23 217 10 45 19 248 14 264 5 288 3 272 20 1 19 240 11 260
16 20 187 2 275 8 72 18 17 11 282 24 252 15 12 5 101 21 95 18 260 1 258 1 113 6 90 8 49 20 60 23 237 5 60 17 135 20 278 5 119 6 124
17 20 208 11 90 2 237 11 125 24 58 15 5 20 294 7 227 4 41 11 82 16 261 20 273 13 140 19 90 19 108 14 291 9 184 1 138 22 95 22 173 1 40
18 20 220 24 121 22 262 18 139 23 185 6 55 12 6 18 158 16 149 17 136 3 186 14 124 7 278 14 36 20 73 1 218 3 158 5 234 15 13 25 170 13 273
19 20 197 4 187 4 152 10 154 24 95 2 178 5 39 19 107 8 65 14 41 1 261 12 255 17 278 21 137 19 250 23 43 20 209 13 79 6 96 12 92 13 265
20 20 158 1 159 23 109 6 20 19 171 24 244 18 71 7 131 4 200 10 272 6 168 2 115 1 142 2 263 10 110 13 140 16 129 5 232 13 81 1 48 17 264
21 20 201 2 75 3 252 25 79 11 261 21 285 15 270 16 37 4 140 7 162 13 100 2 202 8 50 7 171 25 207 6 48 22 223 25 197 24 180 2 196 14 208
22 20 237 11 149 19 22 22 78 18 275 21 265 10 88 25 69 25 159 23 179 12 25 9 196 18 24 17 17 16 1 9 130 14 8 7 156 19 108 1 233 1 246
23 20 194 15 213 16 291 1 196 25 75 3 81 16 28 19 298 3 111 15 298 10 282 17 149 1 155 3 270 8 221 12 278 2 10 16 146 24 85 19 261 18 147
24 20 210 1 123 19 177 8 123 15 268 20 41 14 95 18 294 4 233 3 189 16 116 16 280 17 223 4 141 22 273 14 37 13 98 20 39 21 293 14 148 4 122
25 20 215 1 30 19 94 20 36 22 71 10 160 8 278 21 226 18 166 11 280 8 51 25 120 10 61 25 5 10 252 12 99 12 169 14 291 14 166 8 42 1 162
26 20 196 20 73 25 41 8 135 22 292 3 251 3 140 17 101 3 246 13 273 10 280 4 300 21 235 20 265 25 136 10 111 3 260 20 37 12 117 1 240 6 11
27 20 188 20 262 5 77 4 280 12 7 14 150 17 227 1 118 8 191 10 216 12 105 10 64 22 4 20 295 11 137 23 298 15 142 5 236 18 278 4 273 5 197
28 20 183 2 255 9 267 17 66 11 88 4 149 5 152 20 216 9 90 17 192 3 270 3 105 9 122 11 129 3 212 22 39 17 286 2 16 23 140 19 60 23 145
29 20 225 24 159 22 24 24 197 8 275 23 34 21 115 11 252 22 200 12 42 13 251 23 290 4 107 5 156 1 202 15 31 6 221 8 259 3 287 14 42 23 211
30 20 209 9 47 6 145 11 23 4 129 12 277 4 151 9 232 14 108 14 182 15 90 14 209 8 212 16 285 25 117 24 33 22 138 19 82 13 146 13 153 10 237
31 20 214 25 35 17 193 5 221 21 150 14 176 10 108 12 192 12 291 8 127 15 226 5 7 18 101 24 185 3 298 10 252 4 82 22 68 3 35 19 33 21 194
32 20 194 10 298 11 203 13 169 19 182 1 1 4 178 1 167 20 248 17 209 9 97 15 179 25 230 1 115 24 226 15 234 6 16 11 4 16 47 18 276 7 235
33 20 182 23 162 6 74 16 276 15 147 1 194 17 56 23 37 5 227 11 14 8 165 25 201 3 154 3 294 10 51 3 252 7 236 7 79 5 228 19 212 21 225
34 20 183 5 54 7 112 13 291 10 298 25 140 8 264 15 168 6 33 4 57 1 205 23 155 2 106 19 272 9 163 18 142 18 255 12 143 13 25 5 228 16 285
35 20 152 8 16 20 264 8 119 2 153 14 239 1 138 10 180 10 200 9 250 11 38 7 297 15 218 12 54 20 213 3 63 7 294 17 16 5 160 7 192 4 118
36 20 225 21 110 15 12 14 1 12 193 7 176 8 74 20 20 19 214 14 98 17 238 25 291 5 276 23 44 9 140 6 63 7 221 25 7 10 201 15 285 10 111
37 20 174 5 134 2 60 12 191 24 247 6 212 8 40 14 189 17 223 10 72 3 77 14 222 1 182 17 17 13 74 10 69 22 198 18 148 5 225 5 272 12 284
38 20 264 22 170 14 264 16 6 8 51 23 299 20 49 11 31 1 107 25 53 25 288 16 47 25 211 13 244 10 21 24 5 16 225 14 70 14 244 11 16 22 193
39 20 176 11 241 9 188 25 105 2 45 7 288 19 190 7 193 23 128 14 286 10 12 2 124 20 157 10 91 8 77 3 212 5 111 22 10 2 148 6 47 15 255
40 20 204 22 264 12 208 10 68 24 118 11 276 13 163 13 237 21 12 5 199 10 146 19 26 5 124 9 265 9 83 24 276 1 166 13 99 2 192 19 7 14 243
41 20 211 11 166 12 64 4 58 2 78 9 203 5 171 13 185 23 295 23 112 4 190 18 66 21 131 25 42 20 114 11 192 4 150 18 101 16 190 19 42 6 216
42 20 228 25 137 21 17 21 217 17 77 17 69 7 125 1 168 10 93 1 80 16 264 24 244 6 191 18 91 3 266 25 113 10 168 18 65 6 69 15 182 24 164
43 20 236 11 47 24 224 25 139 25 233 1 111 22 122 2 148 19 114 15 248 1 115 19 14 12 10 3 122 13 175 23 224 12 135 19 64 9 153 24 103 16 54
44 20 270 10 244 23 169 24 95 22 65 18 232 18 10 23 119 19 185 22 25 14 147 15 199 4 61 10 54 21 123 10 141 25 19 20 46 2 215 14 76 24 136
45 20 201 9 277 24 65 1 240 7 43 25 212 20 263 21 48 10 60 2 259 5 129 9 140 16 183 1 256 21 279 15 195 2 15 11 266 20 57 22 128 11 111
46 20 187 7 2 17 14 9 21 15 247 16 196 8 155 9 87 9 190 21 3 12 119 12 239 14 74 15 181 10 85 7 84 10 270 4 7 10 238 13 183 16 130
47 20 246 23 47 10 30 20 214 7 234 21 12 9 133 16 102 9 30 25 126 21 199 10 20 14 185 18 218 23 37 19 248 10 81 22 139 2 290 22 2 7 170
48 20 180 13 154 3 279 19 96 2 28 25 131 6 192 3 269 15 81 2 185 4 174 18 292 5 252 14 65 22 58 19 3 9 200 16 48 4 297 17 228 10 39
49 20 176 8 211 5 33 6 254 17 230 3 288 9 163 1 142 22 152 23 180 14 56 10 234 3 25 12 97 16 42 12 54 1 155 5 215 23 190 8 168 23 159
50 20 165 5 143 18 22 18 139 6 161 11 16 18 135 21 161 17 165 1 164 5 152 11 199 11 214 2 4 4 86 22 129 19 264 7 18 4 255 2 104 5 209
51 20 232 10 267 21 295 14 23 24 195 17 203 5 10 22 243 8 64 25 66 17 176 9 229 21 91 3 77 10 221 24 223 25 222 24 36 7 182 1 252 3 213
52 20 206 18 213 16 188 2 202 11 241 9 122 18 286 15 143 21 243 13 70 9 254 7 125 13 256 17 88 2 242 20 68 24 60 3 60 16 108 14 220 10 103
53 20 200 5 139 17 201 21 253 7 133 17 201 11 176 15 78 1 280 25 267 9 253 21 170 20 10 15 259 10 37 14 249 1 137 9 174 10 170 19 175 4 163
54 20 205 22 168 24 214 21 245 1 61 4 164 8 233 15 121 8 128 10 244 1 300 17 210 4 62 15 49 18 94 20 264 19 83 19 202 18 140 4 152 9 244
55 20 207 6 224 10 212 20 36 1 258 14 156 19 148 24 144 8 45 4 180 18 209 9 17 23 38 1 203 11 27 19 164 24 159 4 53 14 155 16 118 14 286
56 20 213 22 75 15 6 10 102 10 127 9 187 22 180 18 207 4 15 20 94 4 216 5 101 23 19 25 76 23 28 4 186 4 32 8 74 13 296 22 116 6 1
57 20 172 3 34 2 95 5 196 11 258 9 92 16 119 19 53 5 133 22 47 13 86 9 1 17 201 12 152 12 286 4 102 13 83 13 116 13 108 4 109 14 258
58 20 198 6 299 10 249 14 223 13 108 23 6 12 244 1 254 20 195 10 213 18 176 18 172 6 90 10 1 4 238 10 171 22 213 22 114 5 276 10 84 14 293
59 20 196 5 194 12 272 24 282 13 41 3 67 12 129 9 37 4 96 25 187 18 126 16 88 16 201 13 267 7 226 15 255 5 97 12 203 23 148 3 37 11 271
60 20 195 25 298 8 157 1 75 9 70 9 74 12 72 13 232 22 91 17 144 10 271 22 182 6 230 20 130 2 247 8 269 6 47 13 43 11 290 11 65 19 210
61 20 212 12 141 7 55 8 176 23 22 15 2 11 191 8 195 14 267 11 101 18 75 23 192 6 97 24 295 11 87 14 12 8 194 19 83 1 27 7 248 25 222
62 20 168 4 129 2 54 25 227 18 231 10 214 12 128 21 258 7 119 19 193 17 113 7 172 22 49 9 284 10 70 3 234 1 280 9 267 1 37 4 37 9 104
63 20 225 8 297 21 70 12 299 23 72 14 218 18 193 1 23 17 33 2 288 5 55 14 70 22 177 17 256 8 299 25 69 22 229 17 78 21 127 5 67 10 74
64 20 196 4 134 1 171 14 143 7 126 13 195 16 35 15 155 24 83 1 268 16 174 20 6 7 146 19 118 11 208 9 272 17 232 17 115 14 55 16 221 5 44
65 20 172 17 152 24 271 8 205 9 139 10 287 4 138 15 60 14 108 22 234 6 142 12 268 14 278 15 208 1 164 6 48 12 173 14 101 5 87 4 23 4 178
66 20 203 3 108 19 37 21 94 6 151 3 100 11 65 4 92 12 243 22 206 21 68 22 146 21 37 3 123 11 16 20 199 16 83 11 186 1 203 4 275 23 45
67 20 236 19 26 21 283 20 193 21 279 2 130 4 83 23 9 10 29 4 178 6 203 5 281 21 115 25 276 19 50 10 189 20 191 12 275 16 3 19 232 18 20
68 20 199 17 230 12 248 17 179 5 80 22 30 4 227 13 283 25 113 4 121 13 106 3 251 16 25 12 299 21 270 12 106 9 118 19 217 4 213 2 284 19 250
69 20 177 13 70 3 241 2 40 25 131 8 128 15 101 22 79 6 288 13 54 7 143 9 273 13 18 16 123 25 50 8 30 21 245 4 186 3 240 8 240 1 227
70 20 216 25 19 22 40 8 263 3 133 7 64 16 300 23 285 2 18 3 248 22 27 22 153 24 277 25 25 2 270 8 229 10 225 3 14 17 168 24 245 5 80
71 20 177 7 268 16 200 5 168 8 162 14 191 1 216 4 147 9 267 2 229 9 99 11 118 21 72 18 41 17 14 10 281 9 32 6 76 18 201 22 102 15 113
72 20 232 9 173 11 294 21 15 19 151 25 289 21 211 11 161 5 154 8 41 2 84 6 85 19 3 25 181 20 286 20 128 8 84 18 201 22 250 17 266 4 114
73 20 234 24 201 15 44 8 49 13 272 8 192 2 41 12 12 20 283 22 195 20 290 22 151 12 146 14 179 10 6 14 232 25 32 25 283 15 202 2 198 10 73
74 20 194 6 245 25 141 5 73 10 10 7 45 2 12 8 63 3 164 18 48 15 290 22 193 13 73 1 122 13 40 25 227 18 257 6 71 20 243 20 63 6 102
75 20 173 1 162 6 89 12 263 13 280 3 267 10 186 24 126 4 283 18 271 1 179 5 213 16 274 5 115 11 44 20 237 4 41 21 89 16 240 14 161 13 39
76 20 223 4 171 13 272 9 213 10 55 2 105 15 272 16 37 18 56 16 86 4 284 17 210 25 203 16 243 16 174 19 144 23 29 10 208 19 279 12 243 15 178
77 20 271 11 24 16 134 9 171 23 191 20 123 20 184 21 170 18 38 23 63 13 245 23 123 20 40 23 164 18 74 13 170 11 5 13 104 18 286 14 7 12 268
78 20 139 3 221 9 235 25 145 7 165 9 213 14 90 8 50 2 280 10 282 13 243 20 291 1 167 17 50 3 209 4 228 11 236 6 13 4 115 6 133 2 194
79 20 190 23 218 1 120 11 245 14 164 8 265 11 30 7 140 15 144 16 234 4 138 10 70 8 138 16 196 10 70 18 129 3 59 16 128 14 82 12 168 21 46
80 20 198 9 287 1 187 24 136 2 25 22 78 15 20 23 121 17 171 21 139 4 237 8 91 11 29 4 286 1 25 17 58 13 208 23 260 20 217 9 95 4 34
81 20 211 1 138 18 262 19 65 9 147 11 194 6 84 17 206 12 191 18 214 19 52 9 128 17 76 13 115 9 287 7 84 24 86 12 96 20 192 2 119 21 143
82 20 224 18 75 1 180 19 37 20 152 8 185 6 285 19 160 10 36 17 183 5 294 25 260 2 252 15 272 25 209 8 232 20 240 23 94 4 141 17 39 19 191
83 20 167 4 239 19 219 3 53 20 26 25 25 3 79 2 92 9 249 7 18 17 201 16 287 20 3 13 54 6 296 20 124 6 138 10 34 6 105 1 38 2 225
84 20 219 7 11 2 236 16 282 15 85 25 15 10 260 8 174 11 200 13 128 15 72 20 289 18 93 2 37 8 239 21 279 18 183 17 247 19 47 21 234 8 66
85 20 212 13 165 5 62 13 14 17 207 7 165 7 75 1 172 6 49 20 95 19 120 24 299 11 293 18 27 23 230 9 116 22 275 22 219 5 15 17 287 7 96
86 20 237 5 3 20 103 2 61 15 219 21 135 15 93 13 106 19 228 5 187 10 184 9 53 20 122 23 271 18 292 8 246 19 218 12 214 25 28 24 71 14 241
87 20 238 6 252 17 99 23 235 16 274 3 44 17 33 12 243 8 290 20 18 18 262 14 245 15 264 25 209 24 191 3 137 17 65 22 23 4 268 9 26 25 276
88 20 231 24 130 18 180 3 198 16 193 14 152 3 153 22 216 13 262 11 32 15 260 13 260 24 177 8 113 14 245 14 53 20 167 15 220 21 137 19 47 2 230
89 20 177 7 153 1 205 20 51 17 15 1 250 23 286 7 14 5 2 21 25 12 126 16 222 4 252 1 224 23 177 5 78 17 84 12 127 2 161 10 32 18 256
90 20 186 7 125 11 113 6 143 14 194 19 188 9 61 5 95 21 186 4 131 2 146 23 79 3 249 6 152 2 16 24 72 6 48 17 97 24 28 12 55 18 65
91 20 230 6 41 16 254 8 114 23 249 24 181 8 45 22 46 21 139 8 270 15 199 3 245 21 214 23 214 9 18 6 190 24 209 10 240 4 237 23 263 14 26
92 20 227 13 236 22 44 15 225 17 130 12 265 6 289 11 56 4 240 22 138 22 220 15 142 17 225 25 24 12 128 5 171 4 67 24 123 14 118 16 279 8 210
93 20 240 18 293 23 83 22 130 22 279 1 2 24 120 9 185 24 289 22 71 16 187 5 200 20 243 19 292 4 119 10 299 10 216 5 153 23 78 7 117 17 20
94 20 228 17 294 15 35 23 294 18 7 19 225 5 241 22 71 6 286 20 3 14 270 4 184 7 243 13 210 6 112 12 137 21 196 23 6 24 270 15 240 2 184
95 20 215 8 56 2 47 22 281 16 99 13 207 8 16 7 41 8 275 3 97 15 180 19 140 24 82 20 154 12 191 6 54 16 212 21 147 12 180 17 15 20 22
96 20 209 21 179 6 51 17 127 8 48 25 127 11 300 14 124 1 79 6 30 8 235 20 66 19 137 15 300 8 104 20 280 21 111 13 177 7 269 1 264 21 245
97 20 202 24 182 19 52 3 158 10 272 14 206 23 161 12 276 3 230 18 235 2 180 20 55 7 232 7 84 13 224 7 271 3 183 23 122 18 108 18 24 9 38
98 20 166 14 297 8 23 9 206 19 16 18 254 2 259 3 184 3 161 7 90 22 239 12 142 17 246 12 201 3 191 2 190 25 68 7 38 2 143 7 272 16 247
99 20 222 18 108 22 286 12 248 18 242 11 296 2 164 18 264 23 199 17 220 5 127 6 244 13 190 16 165 2 38 24 1 5 40 22 220 21 88 1 274 22 88
100 20 204 10 47 10 186 1 150 11 183 10 225 11 218 5 189 24 246 7 172 25 209 7 300 10 160 12 15 24 37 13 55 3 149 9 17 21 235 21 36 22 135
101 20 189 17 230 16 294 10 218 7 142 17 185 21 118 24 70 6 45 10 98 10 146 2 167 14 241 10 228 1 276 2 24 3 269 8 251 14 20 22 30 23 228
102 20 187 21 206 22 290 9 92 5 170 8 31 24 281 1 15 23 109 19 192 17 81 13 288 4 23 13 89 5 250 4 111 6 255 5 74 17 89 10 269 8 59
103 20 188 13 57 15 238 22 171 17 244 5 25 5 60 10 274 8 110 14 97 23 35 16 167 3 184 3 149 20 103 18 253 9 134 4 257 3 21 7 212 20 38
104 20 183 22 78 12 27 13 103 8 128 8 123 9 252 10 148 3 100 17 209 2 107 20 120 4 21 20 270 24 271 4 20 5 185 22 42 14 152 9 187 3 170
105 20 216 22 195 10 228 20 154 10 267 3 294 24 65 2 223 2 33 3 166 24 34 8 108 11 282 17 77 21 71 2 240 24 226 15 165 18 66 14 166 20 15
106 20 200 25 188 10 108 16 117 24 191 10 171 5 80 11 142 20 196 23 102 3 40 14 190 19 246 15 280 1 26 16 135 14 27 3 89 3 62 4 130 15 251
107 20 170 25 227 14 207 5 253 3 63 2 57 9 65 12 258 4 255 4 276 4 48 22 53 14 77 4 35 21 65 5 128 7 26 21 114 11 71 10 76 16 276
108 20 189 8 236 18 167 25 174 7 250 4 205 3 243 16 27 10 215 20 299 10 138 14 19 11 61 7 65 15 243 22 271 12 181 5 234 8 235 20 193 2 171
109 20 175 3 130 1 20 2 142 5 37 21 181 12 267 2 260 6 9 11 182 16 51 22 186 20 31 15 156 14 284 18 3 2 63 9 65 21 104 2 108 17 245
110 20 209 15 172 15 218 24 69 17 58 24 271 14 258 5 159 6 26 21 287 18 224 21 66 1 126 15 143 9 175 4 63 24 113 12 300 7 252 7 296 3 24
111 20 225 25 257 20 166 16 135 16 127 7 242 10 37 12 199 24 193 10 104 17 269 21 195 18 203 6 210 14 31 9 212 7 79 25 63 12 29 9 144 4 120
112 20 220 10 176 19 109 20 194 24 93 22 205 10 119 25 292 15 152 4 23 22 291 12 189 3 73 7 2 5 256 22 79 18 276 4 141 8 30 24 224 2 283
113 20 165 4 29 14 296 17 197 1 54 9 107 3 103 11 275 20 94 25 278 10 5 12 122 9 218 3 25 9 2 5 32 8 166 10 90 5 183 20 201 12 140
114 20 229 24 89 18 71 9 36 8 86 25 35 15 267 6 236 20 31 21 219 12 81 10 57 15 264 14 162 22 127 22 184 14 134 9 89 6 108 7 215 10 285
115 20 199 19 123 6 154 17 200 1 274 1 170 24 296 5 149 11 129 5 228 25 269 7 146 14 53 25 13 11 74 2 224 7 98 22 74 14 291 13 98 20 262
116 20 233 25 155 21 51 25 31 14 63 18 122 19 137 4 121 25 297 22 125 16 245 12 131 4 209 16 283 6 91 24 295 25 156 4 18 1 51 5 292 6 160
117 20 211 9 160 20 173 8 202 20 141 9 246 2 14 18 143 16 81 14 118 4 139 15 5 23 207 10 193 4 85 1 2 8 11 20 231 18 264 21 229 24 25
118 20 211 8 174 15 273 16 21 20 23 14 43 25 195 5 152 10 8 20 253 1 241 15 96 7 101 8 146 19 268 20 89 3 280 13 175 24 41 3 45 18 229
119 20 200 25 131 17 206 22 30 6 149 1 200 3 102 16 167 16 173 16 240 6 220 24 240 7 179 19 147 1 8 21 243 2 92 12 105 9 120 10 91 17 215
120 20 192 12 155 3 211 20 16 3 172 23 157 2 61 25 159 15 285 10 204 7 237 7 25 17 276 8 59 25 205 16 130 1 262 22 217 1 72 12 157 12 35
121 20 190 22 205 10 201 3 243 22 16 6 233 21 110 7 220 5 21 6 178 8 164 19 257 16 42 14 221 25 200 3 97 15 195 10 32 4 278 6 217 16 226
122 20 212 14 74 23 194 7 59 13 14 18 258 12 251 11 270 3 183 4 251 23 292 18 87 11 159 5 155 6 25 25 126 2 267 17 196 25 277 6 250 23 29
123 20 228 6 125 2 289 24 225 23 86 16 146 15 288 12 212 21 148 4 19 13 86 15 250 25 298 4 97 9 29 24 134 21 261 21 72 13 260 6 253 12 205
124 20 226 14 228 1 227 12 92 2 66 12 61 13 28 16 173 9 119 22 134 17 152 17 271 13 179 23 140 11 40 14 208 9 196 13 155 24 286 22 286 19 298
125 20 203 24 290 25 58 2 49 17 16 13 122 1 121 1 279 16 265 25 43 17 63 11 23 4 33 19 44 4 15 2 286 20 15 25 90 17 67 5 144 6 75
126 20 216 24 260 16 39 19 122 3 23 2 276 25 47 8 177 9 34 2 277 16 17 8 26 6 299 5 181 23 19 11 268 17 139 25 72 21 164 13 281 18 230
127 20 199 21 87 23 276 2 290 13 149 22 99 20 268 10 80 10 244 4 232 11 107 13 82 1 196 3 115 19 107 22 170 25 147 5 223 12 29 12 147 1 6
128 20 232 2 296 13 71 10 164 22 283 7 184 20 195 8 81 24 147 3 103 4 266 24 163 18 46 23 165 16 211 3 92 21 204 13 127 25 112 14 81 21 285
129 20 196 23 33 20 16 11 91 14 8 4 212 20 119 13 247 19 298 3 17 18 16 1 117 3 100 20 186 16 273 18 48 15 251 2 291 1 7 17 157 8 174
130 20 163 18 72 6 290 4 109 23 228 14 272 7 35 15 89 22 12 9 121 7 50 5 143 10 33 6 259 24 79 9 213 1 282 1 154 7 236 14 37 2 165
131 20 180 7 284 14 61 18 271 20 282 4 25 18 293 10 253 25 145 16 251 4 293 6 48 8 116 21 124 1 99 3 216 5 82 20 134 10 55 6 298 10 160
132 20 207 7 271 11 202 24 73 13 174 6 280 2 141 17 14 15 268 1 160 10 121 19 214 17 160 11 245 18 141 24 34 2 43 20 44 12 111 19 269 11 188
133 20 223 12 178 22 230 7 119 18 46 20 232 13 82 17 51 20 187 13 98 19 253 21 290 17 9 5 24 14 167 15 60 6 111 4 262 18 33 5 284 13 247
134 20 201 18 37 16 214 5 31 8 271 11 21 16 33 14 223 19 265 10 178 7 53 20 256 20 298 4 233 16 10 9 155 14 157 2 48 25 54 9 71 9 100
135 20 222 24 34 10 7 3 43 13 115 8 219 4 43 18 136 23 21 13 32 16 147 4 111 15 230 18 33 25 109 17 158 2 277 15 73 21 119 21 160 8 39
136 20 212 25 196 14 91 10 150 12 258 6 177 13 274 16 61 1 13 20 187 17 26 19 141 1 34 19 247 25 148 25 225 1 160 22 42 4 108 5 54 10 39
137 20 224 15 249 24 179 23 147 17 75 25 291 15 244 6 173 13 227 4 159 15 217 20 102 4 196 23 130 21 265 24 241 7 148 2 91 5 62 15 251 2 158
138 20 204 23 112 23 191 22 43 5 220 5 236 2 154 7 254 2 5 2 56 17 227 10 112 10 148 13 185 13 115 14 81 25 88 6 119 25 111 7 248 24 149
139 20 185 4 139 24 98 11 59 19 265 13 137 9 65 16 216 4 56 9 132 18 47 12 118 8 268 13 229 11 94 6 275 2 6 7 287 20 77 11 291 15 13
140 20 190 8 49 21 194 15 150 16 166 17 129 7 299 7 232 12 104 21 60 6 71 18 23 4 117 5 111 13 44 1 191 5 233 15 88 11 103 13 147 23 32
141 20 207 22 71 6 165 6 40 15 168 3 62 9 136 11 199 4 22 25 264 12 110 15 99 18 74 9 222 7 189 9 223 22 63 18 288 20 239 17 50 11 163
142 20 240 19 24 18 149 9 138 20 15 25 36 12 39 3 192 21 83 14 288 18 293 2 218 24 5 16 235 18 292 15 28 17 276 10 168 5 250 16 234 18 51
143 20 237 3 107 5 18 18 241 22 180 25 248 8 232 17 261 22 86 13 231 8 183 11 122 24 216 21 8 7 141 16 89 14 94 8 146 6 242 24 254 25 98
144 20 219 14 15 19 37 17 169 21 167 1 93 6 62 24 20 15 6 1 173 25 96 11 139 21 51 12 278 25 173 10 56 9 20 17 84 12 28 11 266 3 188
145 20 230 9 5 19 278 8 49 16 79 16 149 23 152 24 82 15 284 14 293 11 248 5 255 4 105 21 68 12 118 12 152 22 214 14 161 24 147 8 89 11 30
146 20 199 3 61 15 80 9 210 7 49 15 113 21 281 14 2 1 179 1 178 18 297 3 220 17 88 25 171 13 142 4 213 25 97 19 46 7 17 17 174 15 180
147 20 173 1 42 2 161 23 165 10 114 18 162 3 246 17 54 20 106 24 36 10 27 5 206 2 52 24 215 5 279 5 184 4 64 12 135 8 300 19 160 5 21
148 20 178 24 245 8 15 3 173 15 71 11 16 9 241 25 79 10 12 4 205 13 11 15 102 15 1 6 230 12 36 25 21 2 80 3 178 6 222 4 261 13 89
149 20 217 24 234 22 236 11 137 16 147 11 288 20 35 4 206 11 9 15 173 10 21 17 190 18 155 8 195 24 107 16 90 13 233 13 75 3 257 10 14 6 258
150 20 183 4 186 10 244 2 217 17 47 3 12 20 29 5 77 24 81 12 108 5 283 25 92 5 232 21 80 18 64 3 242 23 252 15 220 3 246 3 68 11 121
151 20 231 23 285 9 116 23 21 6 227 12 150 4 81 16 68 12 136 9 269 17 12 20 171 11 285 1 197 22 17 14 156 12 72 21 13 20 274 23 63 14 238
152 20 236 23 156 6 226 3 125 24 209 23 195 11 24 2 228 25 17 22 151 22 139 23 171 14 184 22 152 16 52 9 168 11 174 5 49 1 121 11 198 22 65
153 20 184 10 145 21 296 5 155 13 242 10 63 12 157 3 149 8 23 18 201 5 81 16 42 23 147 4 174 18 276 9 72 17 81 11 227 15 13 12 55 1 206
154 20 201 4 61 13 172 3 190 13 218 20 97 21 289 17 56 19 295 4 11 16 280 14 132 5 214 25 74 21 243 3 190 6 70 25 137 7 189 11 199 5 53
155 20 208 6 10 12 267 19 163 9 82 12 252 1 116 4 97 21 180 7 40 17 36 1 134 20 264 14 84 25 5 14 11 5 87 13 113 22 19 23 172 16 275
156 20 218 16 111 10 25 2 213 5 133 17 26 22 75 20 149 18 134 24 73 19 154 13 279 1 105 12 207 20 204 1 256 15 167 25 113 9 51 22 12 2 18
157 20 219 1 268 13 54 17 4 23 64 4 155 13 59 16 66 14 47 11 21 15 72 9 291 25 209 20 103 25 91 18 250 4 5 9 156 10 191 6 51 21 251
158 20 200 17 15 22 3 1 282 8 54 24 132 13 29 9 36 19 138 14 60 9 13 12 31 7 23 6 293 8 147 4 94 16 293 22 130 15 294 1 222 24 85
159 20 187 6 9 5 179 7 269 2 234 7 123 5 183 21 84 25 53 11 4 22 167 13 147 16 270 10 265 9 263 12 158 4 21 19 96 17 247 21 158 2 298
160 20 194 7 299 1 271 16 260 5 77 14 53 22 284 13 195 12 235 12 205 15 260 4 110 8 139 6 292 7 148 1 225 20 107 23 42 20 98 17 75 20 112
161 20 221 4 255 4 47 14 264 21 191 4 80 23 114 9 291 18 153 12 170 9 145 14 125 19 271 19 11 25 211 8 43 7 34 10 277 18 213 23 161 16 124
162 20 234 1 123 12 247 20 169 13 93 17 269 22 144 6 168 23 61 11 179 10 291 18 230 22 155 3 253 20 31 7 250 23 207 20 100 19 26 2 141 24 289
163 20 196 15 234 6 280 6 267 9 219 15 299 10 59 22 58 4 245 18 242 22 41 1 83 12 151 16 265 6 157 15 41 11 81 1 299 13 214 24 280 20 120
164 20 190 2 29 11 31 6 15 7 210 18 184 8 191 18 36 15 212 15 7 3 93 25 104 22 240 3 140 1 141 19 237 7 107 18 300 21 44 5 63 14 67
165 20 161 10 245 7 1 2 246 24 191 17 97 23 237 9 2 6 82 8 258 2 114 6 122 20 221 6 172 20 283 4 5 12 104 5 60 2 80 1 198 18 277
166 20 225 4 70 20 7 25 294 17 41 12 89 12 244 18 18 13 214 21 84 1 124 14 30 22 201 11 227 6 261 10 299 22 141 3 196 24 123 11 278 16 192
167 20 227 13 68 10 180 17 51 18 135 1 36 12 134 22 216 2 43 11 64 10 171 18 219 3 91 20 282 25 149 25 185 18 92 12 21 23 201 3 184 21 217
168 20 228 24 81 6 287 16 4 25 135 18 77 3 279 14 218 25 23 21 144 10 213 16 54 22 276 1 260 21 146 13 262 3 116 2 35 18 61 25 288 2 140
169 20 180 20 202 23 80 2 201 8 49 10 233 16 74 2 232 21 161 5 138 5 7 7 242 16 176 9 81 8 287 5 214 25 246 4 74 7 190 10 30 22 283
170 20 216 22 207 9 233 4 288 21 178 23 271 9 108 6 199 2 268 25 146 11 185 19 134 8 211 20 42 4 171 2 134 16 189 23 156 20 153 8 167 18 75
171 20 179 20 96 2 254 22 65 13 232 14 270 5 254 14 72 23 200 14 177 13 255 4 228 5 170 1 136 13 45 5 281 6 155 14 257 9 266 2 119 25 202
172 20 176 4 32 1 176 1 199 10 265 1 33 25 94 6 57 23 224 8 164 9 105 10 202 7 124 19 246 2 110 21 47 23 78 5 198 21 127 5 30 20 60
173 20 232 6 83 7 256 24 169 20 239 16 21 7 189 1 68 20 114 6 274 16 35 9 112 23 125 15 51 12 1 22 25 12 230 18 59 16 11 23 211 17 90
174 20 248 23 267 16 52 25 257 16 168 15 170 16 158 17 21 18 167 9 98 25 9 9 120 14 181 18 276 24 62 22 60 8 73 11 280 21 5 2 123 2 191
175 20 143 10 62 19 64 15 168 4 56 5 215 8 75 7 52 15 59 4 23 1 279 20 162 4 284 4 265 11 229 5 62 18 186 19 40 3 284 5 36 2 30
176 20 172 4 252 23 164 9 232 8 235 24 172 17 194 16 255 14 213 16 170 5 91 1 58 5 161 11 275 23 284 11 170 2 46 3 168 9 299 4 99 11 296
177 20 213 19 46 14 166 21 198 19 84 14 296 17 69 21 198 6 288 1 297 16 38 1 182 23 268 6 4 23 218 9 85 20 198 5 21 5 278 24 204 3 85
178 20 188 16 73 6 208 10 234 25 282 9 124 10 180 3 155 11 226 22 211 19 223 18 103 9 1 25 6 7 123 11 98 3 230 11 259 6 136 5 27 9 119
179 20 172 9 82 4 162 12 282 12 293 9 110 20 258 25 13 20 26 15 256 6 2 5 3 8 120 6 112 4 208 15 241 11 247 13 77 4 23 2 253 16 300
180 20 208 7 144 23 202 13 28 2 7 10 224 13 164 4 282 18 156 4 19 3 73 10 192 23 114 21 26 21 5 5 94 16 27 14 284 8 158 25 237 21 43
181 20 216 4 61 20 151 15 38 13 26 23 45 5 191 13 188 19 270 12 205 23 104 7 185 6 263 16 182 21 92 1 105 20 172 22 201 5 13 20 142 6 42
182 20 196 16 3 3 226 4 76 7 269 16 133 25 230 24 124 1 97 18 54 10 117 24 154 13 268 6 182 5 132 18 209 4 274 14 14 19 18 7 233 12 188
183 20 162 14 233 9 277 8 20 13 244 2 106 2 117 8 141 2 47 11 186 22 167 12 228 10 221 14 294 4 49 12 148 10 54 11 109 11 140 11 56 17 13
184 20 208 4 45 6 83 17 258 25 173 6 175 10 30 23 194 13 293 4 183 17 13 15 160 15 292 25 225 2 78 17 137 21 75 25 150 3 23 4 21 9 87
185 20 204 6 134 24 259 10 256 12 21 3 28 7 162 11 126 17 31 18 205 10 91 11 229 20 152 7 268 25 88 19 118 2 124 24 181 2 30 23 15 4 70
186 20 133 1 99 1 144 1 243 5 159 5 296 2 151 21 285 14 137 20 16 13 271 4 247 10 281 1 267 20 293 7 218 7 276 1 210 7 110 25 295 2 190
187 20 186 11 271 14 79 4 4 12 230 12 294 21 65 19 63 14 83 14 257 2 84 24 214 21 126 9 233 4 256 18 63 10 95 6 110 10 180 6 231 2 178
188 20 204 7 151 22 218 23 246 10 138 21 82 14 161 14 241 3 257 2 84 10 133 23 26 18 211 17 150 16 65 11 65 20 276 6 248 5 38 6 201 8 272
189 20 221 16 4 20 95 18 53 2 51 22 135 20 171 20 79 14 148 9 137 11 276 17 23 22 210 8 254 1 102 17 27 13 77 7 141 1 246 24 37 15 53
190 20 196 21 180 18 300 4 187 17 36 4 105 7 56 8 232 13 40 2 103 17 43 10 177 14 251 20 44 2 161 11 135 23 278 8 23 17 157 24 131 6 240
191 20 200 17 298 16 179 14 44 14 251 13 234 25 132 1 184 5 129 14 180 9 66 7 149 15 250 15 57 13 219 3 254 19 81 4 42 17 61 24 29 6 91
192 20 167 2 200 8 237 1 11 10 96 13 223 5 228 18 176 1 185 2 124 2 282 12 191 20 115 7 131 22 154 19 94 11 69 11 244 14 135 21 245 10 234
193 20 247 11 66 21 195 18 70 8 145 19 159 7 232 24 115 4 134 12 233 25 62 21 227 21 148 16 149 10 253 22 177 10 276 14 19 15 221 13 171 18 23
194 20 195 13 250 22 29 22 108 4 193 1 288 13 183 19 35 5 114 1 218 2 37 24 238 16 288 7 84 18 62 23 67 10 177 16 166 12 55 9 43 7 5
195 20 202 9 61 1 91 23 41 10 181 5 33 25 157 11 296 6 137 10 125 6 248 11 173 2 22 7 125 7 76 15 236 14 21 23 114 23 75 22 76 23 272
196 20 212 19 264 25 127 2 186 14 175 8 175 23 194 2 141 20 53 11 43 12 184 25 138 4 15 20 50 12 161 22 41 6 1 6 86 10 119 8 215 17 110
197 20 209 18 36 25 91 6 119 15 110 21 258 6 193 10 51 16 142 12 62 8 290 4 109 25 49 24 265 13 247 12 211 9 224 13 137 21 184 3 78 1 147
198 20 212 13 184 18 243 21 72 15 206 11 188 3 93 13 251 3 104 20 48 14 280 11 266 21 20 10 170 5 92 21 260 2 229 13 223 21 220 18 95 12 11
199 20 240 17 22 19 8 25 220 15 279 4 126 18 186 20 211 21 141 1 229 1 128 21 106 16 85 3 136 17 237 25 75 19 112 12 242 13 120 18 171 15 277
200 20 192 16 19 3 60 17 163 16 84 18 202 3 69 13 128 12 106 8 67 10 64 22 283 24 270 6 148 12 143 5 268 1 222 14 196 6 228 21 134 14 88
201 20 204 13 91 3 165 24 146 11 102 12 44 9 34 20 18 11 234 3 186 5 121 5 128 21 137 24 240 13 190 18 46 18 275 15 150 9 125 17 17 5 148
202 20 262 8 153 24 232 25 53 23 107 2 129 6 145 25 238 24 283 16 92 9 266 9 68 12 214 21 136 25 229 24 296 15 256 10 16 24 66 8 160 18 243
203 20 200 7 190 14 137 4 107 15 211 18 198 7 231 24 208 21 150 15 33 4 129 8 248 1 78 17 64 17 247 23 165 18 167 4 79 11 212 7 203 15 147
204 20 178 16 168 10 140 4 221 8 218 2 124 24 289 2 185 21 181 9 120 23 171 23 138 7 97 12 257 9 71 6 257 5 252 2 241 9 91 14 105 17 140
205 20 238 21 288 14 285 1 295 3 1 21 134 2 291 17 155 21 133 10 114 23 239 2 153 13 12 25 108 2 72 20 65 20 162 22 87 23 199 23 246 15 291
206 20 195 21 179 15 164 7 177 19 22 4 106 7 290 19 56 3 159 9 185 16 147 18 282 14 14 7 266 23 16 18 271 1 35 20 276 15 244 3 52 5 58
207 20 250 19 204 16 41 25 109 19 270 23 250 15 98 3 225 17 121 21 76 23 24 17 259 4 256 17 168 1 33 21 38 23 219 3 225 20 46 7 280 19 15
208 20 155 2 205 11 183 13 167 1 194 25 85 11 165 8 134 16 19 1 294 20 64 17 289 1 121 18 56 3 249 13 81 5 184 2 54 6 240 10 135 11 78
209 20 240 21 36 20 59 18 268 23 138 14 166 3 279 17 10 1 174 23 216 20 42 25 59 18 150 10 39 11 279 25 208 12 184 10 72 11 282 13 32 5 84
210 20 179 9 103 14 192 15 9 11 5 21 162 1 52 9 243 1 256 11 262 17 73 24 150 18 248 3 203 17 226 7 177 12 36 1 2 7 262 8 2 18 199
211 20 222 22 288 24 237 1 13 22 207 2 169 6 15 12 6 24 188 24 192 14 74 20 271 21 81 6 215 19 296 11 298 3 206 15 128 23 62 2 3 7 84
212 20 187 8 178 8 294 9 167 5 255 7 276 3 298 25 200 2 196 23 182 14 58 25 183 19 24 24 60 10 253 21 206 1 73 12 13 11 37 4 1 3 99
213 20 205 17 261 3 54 7 113 2 267 22 188 9 103 3 130 23 91 18 116 24 146 13 152 17 292 17 93 9 280 9 214 25 21 7 295 3 199 18 277 11 52
214 20 208 9 278 12 183 15 274 16 100 14 73 23 222 6 271 3 121 15 203 16 84 21 96 9 9 17 86 17 156 6 104 15 119 8 132 7 234 21 74 10 138
215 20 137 4 290 9 199 9 70 13 48 10 53 1 273 13 65 5 29 1 4 18 244 3 177 11 27 5 288 6 230 6 185 10 143 25 273 10 96 4 234 9 143
216 20 161 3 189 11 232 16 132 4 264 1 65 10 129 3 111 24 109 19 299 15 56 8 80 2 135 2 33 23 57 21 94 1 255 14 233 15 64 5 224 5 250
217 20 178 23 124 9 151 19 133 19 207 14 263 15 235 10 96 23 137 6 257 7 76 1 214 1 185 13 266 1 31 3 176 16 1 11 170 7 225 24 275 1 143
218 20 237 7 87 8 190 1 236 3 139 17 184 14 185 21 231 18 76 21 35 25 53 23 129 10 215 14 145 16 157 16 131 21 36 14 125 14 66 21 180 13 249
219 20 192 7 225 2 138 13 106 2 131 21 13 17 273 4 84 21 139 13 9 18 156 18 51 15 69 11 99 17 28 6 246 4 157 22 52 13 20 6 219 11 44
220 20 210 8 246 5 100 11 280 12 162 16 146 20 178 16 288 6 222 19 155 10 218 25 286 10 231 17 92 7 176 13 120 19 132 18 205 1 204 13 19 17 295
221 20 168 2 41 13 275 9 136 25 78 11 194 4 238 14 98 9 205 4 4 11 298 2 245 15 21 25 74 1 105 6 274 5 232 24 272 8 271 18 154 4 57
222 20 211 13 219 1 188 19 275 17 97 25 165 18 79 21 272 13 16 17 54 8 59 12 202 16 152 13 64 12 130 1 230 2 184 24 229 10 193 1 119 21 296
223 20 191 9 232 18 212 8 143 12 275 11 287 4 217 19 245 6 224 13 222 11 172 21 249 3 152 1 228 1 230 25 260 13 95 25 84 7 283 21 203 11 182
224 20 260 24 265 25 135 18 30 21 72 9 223 22 217 17 250 12 205 21 173 9 61 22 229 22 151 8 46 13 174 19 110 10 173 6 22 14 17 16 295 17 9
225 20 163 2 205 17 127 15 293 17 238 1 104 5 250 11 125 2 253 19 188 11 186 2 160 4 34 5 37 15 154 16 94 7 257 18 197 6 26 15 242 16 253
226 20 206 15 273 9 82 22 3 5 108 9 50 8 10 25 216 13 148 3 45 2 239 1 128 15 123 20 14 1 157 17 74 21 66 14 172 25 299 14 65 19 68
227 20 207 11 188 25 45 14 261 6 42 14 198 16 63 21 177 15 235 21 27 25 206 5 182 6 246 10 194 9 108 13 55 13 114 4 58 16 178 12 169 3 46
228 20 149 6 148 6 34 2 97 1 265 5 263 22 270 5 160 2 249 20 263 9 115 13 40 1 96 19 165 2 299 21 63 3 69 15 84 11 271 13 78 11 164
229 20 241 9 78 1 114 6 110 23 292 23 140 22 157 21 23 10 110 12 182 17 51 11 82 24 190 9 171 9 239 25 135 16 147 25 56 4 109 13 236 22 223
230 20 209 19 95 19 4 21 284 10 111 8 163 3 130 4 148 5 238 12 241 20 161 7 141 24 166 25 42 23 226 14 264 3 96 6 256 13 96 13 209 13 161
231 20 203 14 188 2 229 2 188 17 8 18 192 17 59 9 140 22 115 5 273 16 119 11 98 8 110 23 187 15 169 22 162 4 193 6 212 7 270 12 156 24 63
232 20 196 7 78 9 239 7 260 7 167 20 298 10 241 25 260 23 239 23 7 3 4 5 227 18 277 10 212 19 44 2 68 18 1 16 81 9 207 3 299 11 225
233 20 195 1 158 1 124 3 18 5 76 12 155 11 124 10 32 8 298 21 30 23 28 19 229 6 183 6 11 10 278 24 181 22 60 13 199 19 289 10 237 20 7
234 20 203 16 110 15 247 19 114 5 246 15 152 4 3 20 257 5 113 6 251 25 245 4 174 13 183 18 165 14 72 17 214 17 126 4 60 16 163 17 126 4 107
235 20 209 22 61 11 68 15 151 10 156 24 92 13 245 16 14 7 85 19 193 3 265 7 160 10 200 22 212 16 293 18 127 8 131 8 169 1 206 7 70 25 277
236 20 228 13 189 21 158 3 217 24 179 15 235 3 154 23 240 2 23 2 208 20 8 23 72 21 121 18 16 14 25 1 159 21 83 4 255 24 185 11 76 23 186
237 20 209 19 4 24 194 20 58 14 36 16 129 23 178 20 190 17 13 2 19 4 102 21 105 8 4 13 185 6 297 12 262 2 294 12 62 7 192 8 272 14 8
238 20 227 18 235 2 249 17 178 24 213 13 49 20 68 10 63 24 12 19 196 17 133 8 131 6 146 7 241 13 14 14 157 4 8 10 234 20 35 17 298 21 58
239 20 212 13 178 17 115 20 226 10 92 7 110 21 137 12 176 1 91 1 156 4 171 21 2 21 252 1 282 24 111 13 228 22 118 9 145 24 268 15 20 9 39
240 20 202 17 153 1 241 10 257 21 89 20 66 8 109 8 151 20 29 15 296 12 128 9 233 1 45 23 64 16 124 8 21 3 193 3 225 16 245 25 295 17 135
241 20 264 16 51 12 72 15 270 18 65 3 102 5 39 23 299 16 113 19 216 17 67 22 11 15 124 13 99 23 78 15 88 22 65 24 60 17 216 15 53 20 230
242 20 186 22 14 8 118 5 97 2 74 14 206 1 73 19 89 4 159 24 84 6 57 4 168 14 199 10 203 17 234 17 175 10 143 12 235 19 226 18 19 7 234
243 20 183 22 5 8 89 24 117 2 22 11 232 15 94 1 148 12 210 8 47 19 87 25 197 10 1 5 260 15 227 16 13 1 66 14 133 1 201 16 184 4 221
244 20 172 16 274 2 299 9 225 11 160 1 57 5 273 21 113 13 235 2 141 25 101 15 183 1 51 2 209 4 15 8 70 22 103 8 86 14 196 11 160 25 58
245 20 204 19 100 19 288 4 295 1 143 9 96 23 177 18 72 14 237 17 281 6 124 22 8 15 207 13 156 5 293 1 149 21 83 9 109 20 208 18 145 2 153
246 20 209 11 237 16 197 13 170 20 243 15 285 7 243 1 92 25 66 12 293 21 22 18 97 6 231 22 23 12 59 1 131 11 88 1 92 21 91 20 287 9 255
247 20 240 1 119 24 294 16 86 16 1 13 107 22 157 20 183 9 219 23 85 25 149 21 299 2 8 15 166 22 272 5 6 13 117 17 244 14 249 10 167 13 113
248 20 246 16 134 11 138 20 223 18 193 20 190 24 204 24 31 20 3 11 106 14 84 8 91 10 37 6 176 20 197 18 161 14 293 6 187 19 103 11 283 18 175
249 20 156 4 284 15 154 4 255 9 221 8 290 2 169 8 151 18 278 7 108 1 130 21 24 20 294 9 101 5 30 7 13 11 100 1 137 10 256 12 261 24 196
250 20 185 9 55 6 283 6 217 5 137 19 171 15 200 24 198 2 286 5 174 3 162 3 290 22 142 9 143 6 143 11 113 19 264 19 78 21 140 20 6 8 103
251 20 184 22 269 2 169 8 290 25 102 7 82 15 69 7 242 7 177 25 28 7 261 4 25 12 194 21 211 3 242 6 274 12 131 2 289 19 197 22 87 4 73
252 20 228 10 261 2 200 18 58 25 81 25 196 19 71 9 133 24 27 8 116 18 292 3 247 18 4 2 98 21 123 5 84 17 250 23 37 10 200 5 245 24 278
253 20 200 12 256 4 172 6 83 11 218 15 156 11 183 18 128 2 277 20 12 17 203 9 102 23 43 17 197 6 97 15 48 8 153 2 268 13 244 20 139 22 252
254 20 227 18 9 12 131 18 28 18 158 20 261 3 259 20 202 2 42 23 271 13 166 14 277 5 198 15 120 9 104 17 32 15 253 15 243 21 230 25 21 1 246
255 20 204 20 143 6 271 9 38 16 44 1 55 21 251 5 232 19 266 2 131 19 104 9 229 25 296 18 163 4 137 19 130 9 91 17 223 22 232 13 236 1 96
256 20 260 14 270 15 245 25 97 8 188 20 134 21 67 17 115 11 51 13 125 15 154 14 125 23 16 1 211 25 194 22 105 25 93 14 19 9 254 17 129 16 74
257 20 223 5 229 19 27 25 130 19 264 16 110 24 86 10 89 11 106 12 291 11 31 21 20 15 62 17 83 1 146 25 64 1 182 4 296 9 132 23 74 11 121
258 20 166 10 102 6 78 22 107 12 239 4 30 4 199 17 134 13 53 3 44 7 225 17 137 12 184 12 175 1 25 17 203 9 163 10 34 1 29 13 139 18 104
259 20 163 9 146 2 286 5 67 3 288 7 166 23 137 1 57 1 136 21 122 21 40 22 154 7 203 7 108 6 25 1 212 23 225 12 230 18 72 14 131 1 224
260 20 235 25 141 16 85 4 206 9 69 6 162 6 164 25 275 20 82 17 234 19 157 24 208 19 203 3 118 17 80 20 185 9 178 13 236 4 154 23 127 15 229
261 20 196 8 188 24 208 13 228 13 49 2 60 15 294 16 98 13 186 21 196 5 158 3 31 19 243 10 118 17 110 17 132 12 267 9 188 7 149 1 39 20 73
262 20 214 17 14 23 33 1 53 20 253 9 9 4 154 20 271 2 8 5 234 14 59 22 221 14 76 21 195 5 7 8 185 2 88 25 274 25 28 6 260 25 78
263 20 215 17 275 19 58 19 159 10 119 8 40 15 290 20 74 18 141 3 294 25 78 19 118 4 148 22 104 3 148 17 39 17 87 8 270 18 177 5 289 2 246
264 20 182 13 142 9 33 17 38 6 233 15 172 8 124 2 75 2 184 18 53 24 154 10 34 21 58 4 113 4 298 8 120 9 150 24 59 7 149 23 16 4 51
265 20 227 13 210 11 230 23 253 19 63 22 250 6 26 25 198 11 249 3 18 14 168 19 260 20 208 17 275 21 72 15 30 9 261 15 158 6 172 13 201 2 248
266 20 213 1 200 6 253 7 36 3 214 11 203 14 280 23 232 25 190 12 11 15 24 9 268 20 79 2 72 21 215 15 200 18 246 16 203 4 61 21 280 24 279
267 20 168 8 62 15 111 20 165 12 295 6 72 14 236 11 262 11 294 2 64 19 105 17 49 8 162 4 260 8 100 23 164 5 54 4 281 11 200 11 170 1 25
268 20 273 7 66 16 108 13 107 22 299 20 192 15 228 25 194 15 78 16 84 18 240 21 273 16 139 16 97 15 145 2 241 20 109 17 199 24 268 20 245 24 201
269 20 191 1 50 18 42 2 31 2 175 15 107 21 103 13 164 2 186 12 124 11 232 19 268 17 252 18 26 9 103 16 218 14 7 6 222 15 72 6 119 22 105
270 20 241 19 108 2 160 8 252 23 190 6 93 22 220 18 213 23 65 9 94 22 230 14 263 10 184 3 57 14 76 21 65 19 94 25 281 9 171 14 12 21 268
271 20 220 5 207 12 238 18 177 2 207 24 224 21 183 13 197 15 64 2 167 14 189 14 81 25 219 20 200 22 53 8 296 6 172 10 193 10 216 20 292 14 73
272 20 229 18 108 9 32 2 197 12 75 7 241 9 296 5 266 22 246 17 221 22 234 24 256 15 241 8 118 5 203 21 74 20 1 13 72 11 39 23 250 24 81
273 20 243 24 139 15 2 5 143 25 284 20 82 14 258 8 16 20 21 3 295 8 232 17 34 11 158 22 264 23 20 16 260 19 68 12 134 21 75 1 217 20 168
274 20 228 20 81 20 216 13 196 18 175 11 32 13 197 9 164 17 262 17 154 18 247 22 8 1 81 15 109 15 296 16 260 11 207 5 103 21 113 7 115 16 4
275 20 196 18 161 25 155 4 158 4 178 4 275 13 264 14 152 14 298 2 199 19 163 8 118 24 192 24 64 12 201 11 250 18 150 4 65 9 31 13 299 6 212
276 20 198 1 294 8 46 2 39 15 226 2 217 18 37 12 79 17 134 5 281 23 119 6 213 3 78 16 164 12 230 7 202 20 191 17 187 20 174 19 172 25 273
277 20 224 13 21 12 223 13 124 23 277 22 208 18 18 23 251 11 195 25 276 16 41 13 288 3 254 10 200 4 94 11 81 13 77 17 255 21 51 12 229 1 49
278 20 161 19 69 11 101 3 252 21 102 12 267 4 72 17 139 3 261 18 254 22 38 3 124 2 64 2 126 23 54 17 178 4 162 4 163 5 251 10 211 2 15
279 20 192 5 135 11 190 9 249 6 97 4 138 12 252 4 227 11 169 23 76 15 114 7 242 3 237 12 80 5 49 25 207 25 238 16 145 23 232 12 287 12 201
280 20 176 8 136 9 286 20 56 18 29 8 239 5 55 1 38 3 149 13 289 25 30 3 272 8 22 23 254 17 246 4 288 7 137 9 247 24 69 14 245 1 32
281 20 202 4 60 4 171 17 44 9 64 14 265 19 239 24 133 14 78 23 292 14 75 3 94 10 91 5 248 25 99 5 81 17 276 22 237 9 9 1 39 14 229
282 20 210 16 228 21 31 6 147 14 134 10 70 10 268 23 159 3 104 16 292 4 206 19 50 21 2 21 54 25 231 13 129 6 48 9 2 11 236 14 109 1 145
283 20 224 2 107 3 102 20 110 15 172 8 3 6 181 25 175 25 165 24 169 25 229 6 145 24 246 19 271 4 104 6 43 25 114 7 114 19 169 17 37 1 147
284 20 196 25 117 3 114 14 285 17 155 22 158 1 6 8 29 1 26 19 201 24 247 2 249 19 191 5 141 7 298 14 219 3 54 5 227 8 254 25 33 24 215
285 20 172 20 181 7 201 19 239 5 45 16 273 11 238 4 3 18 196 14 197 11 272 4 112 15 255 1 214 4 229 15 63 17 277 10 6 16 20 6 268 2 180
286 20 120 2 25 2 219 13 98 3 99 8 219 1 8 5 91 3 7 1 215 3 271 2 269 18 224 1 278 7 31 11 288 10 151 15 190 24 249 13 244 9 174
287 20 188 19 278 9 124 24 293 11 148 18 75 12 135 3 300 11 157 1 269 6 262 22 184 25 86 8 178 14 235 10 254 7 111 5 229 1 145 11 209 19 283
288 20 200 4 53 15 89 6 130 14 11 13 203 17 261 17 110 21 153 21 187 25 284 21 222 3 247 24 146 4 123 4 138 17 18 12 114 7 171 1 47 4 56
289 20 177 1 217 13 194 15 46 13 93 5 174 15 1 21 212 16 172 5 86 20 68 1 14 7 68 3 300 24 30 11 79 7 278 21 219 8 9 4 199 12 128
290 20 237 6 195 20 141 2 274 20 178 11 292 8 141 21 247 12 257 9 194 15 261 10 171 22 244 23 35 8 175 22 48 17 29 19 145 9 152 25 94 18 284
291 20 199 8 36 10 140 16 133 13 226 20 184 7 85 10 265 11 6 2 281 10 7 5 97 6 16 18 85 20 146 3 115 23 259 18 225 13 63 11 23 25 117
292 20 165 18 66 17 51 5 222 11 165 6 92 4 143 5 207 6 69 21 208 23 250 5 178 20 260 2 135 1 75 14 1 14 61 1 144 11 190 7 68 16 145
293 20 224 20 108 4 298 18 150 15 281 12 107 3 138 21 266 11 81 12 58 21 50 9 222 25 145 23 167 5 166 16 238 19 197 17 94 11 97 16 149 3 290
294 20 188 16 43 4 48 4 105 24 27 5 290 7 2 2 243 2 294 8 111 1 42 23 90 18 130 17 164 19 296 12 244 13 248 12 293 21 236 12 127 15 8
295 20 217 7 172 13 263 11 228 5 52 7 200 22 46 11 233 8 220 22 254 12 152 20 151 25 100 7 78 9 237 17 218 23 165 12 56 12 115 12 40 17 283
296 20 253 22 255 7 23 19 227 16 28 13 261 23 128 2 218 23 175 24 288 18 72 2 99 3 236 21 77 23 135 22 102 5 237 15 252 20 109 15 130 24 271
297 20 195 20 117 7 56 12 279 1 33 15 39 5 253 15 123 10 280 25 175 6 135 7 71 25 61 14 162 14 239 21 15 17 286 2 193 9 129 13 244 6 191
298 20 162 20 84 1 215 7 298 2 207 19 287 5 230 10 170 10 249 20 283 20 291 12 131 4 182 1 296 1 24 17 12 4 6 14 221 10 11 10 113 16 239
299 20 222 12 227 21 102 18 222 15 52 11 259 11 147 3 53 8 21 10 177 22 28 16 193 22 8 23 263 11 11 10 206 16 30 19 300 18 295 7 277 5 1
300 20 172 8 237 4 82 10 38 5 35 4 40 7 190 8 118 13 101 9 149 20 273 3 91 22 277 4 230 15 177 2 46 13 265 14 178 21 268 24 213 10 94
