1 10 502 22 1 26 136 122 12 90 251 17 78 33 89 88 36 91 73 10 171 129 137
2 10 621 136 286 93 294 85 9 14 9 117 164 78 198 71 220 30 146 92 27 61 163
3 10 610 120 211 76 89 104 10 99 281 78 100 20 9 128 202 26 172 83 105 29 181
4 10 475 96 237 25 281 9 250 125 21 53 88 99 223 25 264 80 71 30 203 52 90
5 10 677 83 283 95 287 144 64 89 259 81 250 30 65 143 129 89 21 52 22 41 195
6 10 657 107 211 38 26 145 144 91 223 69 235 113 208 46 213 122 14 68 223 23 42
7 10 570 104 234 70 261 109 162 50 60 93 105 136 95 27 231 17 99 21 142 86 92
8 10 584 123 222 16 285 100 15 49 295 57 239 33 30 97 118 40 280 76 94 140 278
9 10 649 66 202 96 283 145 63 31 173 121 231 117 220 11 252 35 186 73 31 117 232
10 10 749 133 232 136 29 130 192 62 166 28 78 62 49 95 49 114 81 58 266 119 239
11 10 754 10 30 72 57 136 168 118 191 104 143 131 120 116 40 110 231 88 19 58 285
12 10 602 19 192 69 80 120 85 66 203 7 267 97 159 138 70 96 194 132 98 9 198
13 10 678 87 173 122 198 37 103 18 180 76 259 147 226 97 256 88 93 105 248 71 113
14 10 792 52 85 128 51 87 280 30 297 106 80 78 120 76 291 147 138 149 56 137 263
15 10 537 64 56 35 68 45 139 34 131 142 66 117 123 37 283 12 273 48 199 138 258
16 10 405 12 91 58 211 15 55 107 154 43 248 57 190 81 253 69 278 54 3 11 242
17 10 440 84 100 55 160 34 135 95 48 45 159 31 295 44 135 119 26 19 236 25 147
18 10 732 124 22 72 16 122 247 61 141 68 258 127 36 149 214 61 244 93 134 39 71
19 10 496 45 122 37 279 134 284 101 150 47 52 10 68 58 45 18 153 121 261 49 150
20 10 626 119 132 106 241 58 216 14 83 18 133 149 90 86 33 40 182 61 71 132 114
21 10 629 58 289 94 139 75 13 99 3 140 73 41 99 53 203 137 89 39 298 51 95
22 10 416 1 284 86 193 48 280 26 43 43 174 138 256 9 87 123 28 9 11 38 293
23 10 425 59 180 3 83 29 224 121 269 150 98 1 237 65 270 57 78 32 190 15 289
24 10 612 99 2 50 129 117 95 49 295 129 1 31 279 81 147 11 45 80 212 118 252
25 10 668 53 20 145 181 18 232 84 46 95 269 132 142 58 84 126 142 76 67 49 230
26 10 784 29 43 97 260 146 178 133 53 89 135 23 266 98 272 71 91 144 113 150 179
27 10 409 73 198 13 202 115 177 25 287 29 69 38 158 26 149 145 142 23 126 25 132
28 10 692 76 179 44 63 58 274 65 127 116 36 123 109 117 277 105 190 135 240 26 270
29 10 592 128 237 63 123 15 113 105 132 135 217 59 45 111 248 81 264 25 288 18 272
30 10 592 1 226 120 125 130 280 12 275 48 72 107 17 62 282 141 252 90 12 30 101
31 10 544 48 207 130 4 129 1 57 70 45 89 25 234 30 271 119 51 30 197 68 235
32 10 476 25 119 36 124 14 124 45 18 119 123 63 287 29 170 3 240 147 84 114 43
33 10 679 65 82 94 261 119 273 77 140 113 90 111 108 82 291 53 184 5 138 130 95
34 10 732 87 11 20 170 140 121 129 262 104 139 134 185 31 55 68 6 108 158 95 149
35 10 583 68 28 93 157 62 82 139 159 18 231 37 10 109 32 79 57 117 171 7 293
36 10 569 77 273 144 43 94 44 76 110 77 280 48 23 89 53 20 225 54 86 33 158
37 10 676 6 261 71 255 100 278 123 137 111 250 137 43 118 209 76 79 35 96 69 92
38 10 632 133 272 6 159 137 109 35 20 114 171 142 244 108 71 40 131 20 200 56 272
39 10 572 84 17 58 2 71 13 132 113 55 152 70 182 65 56 116 151 41 6 24 198
40 10 728 128 20 38 35 126 292 40 126 131 245 143 172 135 184 19 37 70 74 81 146
41 10 639 9 202 47 50 42 171 150 207 36 48 131 223 149 197 143 180 12 196 80 208
42 10 868 65 149 111 22 127 78 108 275 122 265 56 88 146 69 145 159 135 179 70 25
43 10 448 98 207 12 203 9 192 1 97 65 166 4 77 78 227 54 6 117 6 123 208
44 10 751 107 192 146 2 98 291 38 36 41 183 14 226 149 25 56 172 149 113 141 195
45 10 568 2 155 15 270 44 221 69 278 12 10 93 146 142 85 111 261 108 147 115 8
46 10 616 109 177 45 123 87 268 116 41 80 95 107 294 20 233 17 189 94 116 95 280
47 10 556 112 41 71 263 137 158 19 149 49 232 20 245 147 161 74 41 61 179 6 30
48 10 593 47 238 18 258 36 118 80 96 139 249 113 205 83 128 140 89 26 290 60 111
49 10 580 150 5 58 252 68 99 72 169 82 291 81 166 44 42 3 162 131 238 37 298
50 10 481 46 135 130 292 18 251 13 140 97 101 13 246 77 273 59 280 24 300 125 235
51 10 584 133 294 68 110 56 27 130 229 19 134 59 5 120 66 6 283 115 262 25 77
52 10 546 140 137 4 161 75 202 114 6 59 87 96 116 108 138 53 120 32 257 2 230
53 10 683 62 137 135 298 87 142 27 236 108 278 22 273 25 197 126 19 128 102 134 203
54 10 423 63 88 24 149 30 152 119 216 49 90 99 192 14 270 13 105 52 122 66 129
55 10 690 106 256 20 204 143 17 8 275 70 222 30 273 73 36 142 159 131 24 140 197
56 10 690 138 269 17 252 58 121 126 255 100 137 21 153 126 276 145 38 54 52 78 2
57 10 459 87 31 34 221 46 259 13 287 80 42 137 211 68 104 24 67 73 128 12 45
58 10 608 68 277 20 151 51 232 83 108 79 182 87 90 81 209 48 212 94 285 149 117
59 10 635 17 257 69 219 41 151 73 145 77 110 119 23 147 35 102 193 28 221 121 150
60 10 686 88 115 54 141 96 143 146 90 64 179 113 57 4 210 51 284 93 35 149 117
61 10 759 22 82 129 68 17 35 109 33 121 194 124 112 149 132 102 155 85 227 91 10
62 10 612 24 178 6 167 119 248 99 209 52 97 87 179 150 230 1 115 139 226 88 234
63 10 516 8 121 2 191 24 212 138 76 118 187 135 162 33 74 95 276 88 147 4 194
64 10 582 28 274 19 54 114 130 7 91 83 293 101 29 77 30 147 119 26 27 126 82
65 10 673 38 79 30 228 110 212 122 225 94 55 27 77 56 145 146 118 149 300 70 95
66 10 533 89 168 34 33 23 57 6 205 135 155 8 106 109 272 52 163 103 142 108 255
67 10 519 72 155 13 59 114 181 143 219 48 16 116 264 48 119 12 153 81 239 2 138
68 10 724 90 110 100 104 125 128 19 77 149 170 109 139 27 239 107 26 32 74 147 203
69 10 356 28 160 37 192 19 118 78 247 55 172 6 164 1 135 97 78 88 92 37 240
70 10 708 114 214 84 98 102 238 147 291 25 276 138 44 54 140 32 63 42 221 147 7
71 10 567 101 174 143 114 56 137 28 134 12 60 70 191 142 247 33 212 45 40 79 189
72 10 514 112 111 36 32 39 165 111 5 91 197 9 147 37 116 35 263 99 211 74 51
73 10 540 28 272 71 284 140 253 85 160 132 182 3 91 26 271 150 240 25 125 16 3
74 10 848 146 53 147 288 93 47 145 211 74 244 56 21 141 5 95 225 83 70 81 244
75 10 557 8 254 97 263 62 241 49 188 145 105 7 45 42 288 109 190 41 193 137 128
76 10 492 143 110 6 18 62 234 79 120 46 88 39 36 106 54 56 261 5 13 74 62
77 10 640 90 255 37 262 132 140 104 110 34 282 59 126 138 154 82 150 119 252 6 55
78 10 508 60 146 111 26 30 124 51 265 53 83 140 276 1 166 73 99 8 192 109 7
79 10 563 122 46 61 166 68 64 20 58 8 78 49 203 27 171 78 185 138 295 133 112
80 10 488 95 207 33 241 66 295 21 240 57 131 96 42 75 214 51 188 95 220 21 64
81 10 488 115 295 69 242 9 241 109 199 39 195 35 76 63 3 84 120 47 5 40 186
82 10 685 143 244 31 191 103 91 16 266 147 113 58 168 103 65 31 69 86 182 139 164
83 10 676 65 47 142 224 150 139 145 233 3 111 130 122 8 148 113 114 88 248 2 115
84 10 423 7 142 5 35 61 150 88 274 112 144 68 223 32 105 77 281 52 187 27 135
85 10 519 122 272 85 283 48 253 33 210 116 211 5 270 60 228 93 257 13 162 74 179
86 10 698 20 61 60 54 126 123 58 141 147 19 115 46 11 215 81 76 139 136 116 100
87 10 569 141 65 4 240 39 43 150 212 116 263 125 48 55 60 7 259 25 129 50 140
88 10 631 92 2 128 241 140 180 98 15 8 128 133 229 29 255 64 121 56 99 41 2
89 10 511 7 103 11 176 124 182 98 95 78 102 44 97 95 245 2 135 60 143 120 162
90 10 472 89 181 56 85 39 84 60 270 19 7 57 238 76 183 96 130 75 272 24 111
91 10 706 119 214 40 234 124 12 49 133 93 102 49 30 146 126 124 199 56 20 83 185
92 10 548 109 272 19 224 124 116 41 260 70 19 145 254 1 84 85 271 76 154 15 279
93 10 681 48 14 14 298 66 63 96 34 135 173 41 16 93 48 87 209 146 59 126 168
94 10 663 127 58 110 3 52 200 95 48 23 297 98 228 56 39 145 88 106 56 17 65
95 10 520 100 230 15 288 52 163 2 142 131 152 135 180 79 56 55 234 13 25 69 97
96 10 588 21 135 27 2 78 53 108 275 95 91 84 274 80 129 28 143 107 22 108 139
97 10 550 81 130 8 206 68 241 81 196 83 3 82 49 76 123 100 122 107 17 2 44
98 10 600 130 129 112 264 38 18 19 255 12 104 25 209 120 117 134 242 148 162 12 288
99 10 640 98 203 30 10 130 243 45 64 149 66 98 176 54 229 122 91 15 77 60 221
100 10 667 112 289 111 281 18 78 91 11 126 28 107 31 104 213 91 188 11 202 63 241
101 10 732 61 210 143 169 72 250 122 147 35 101 127 73 63 145 128 193 44 24 121 240
102 10 642 140 60 16 60 96 108 84 220 60 103 42 53 70 199 101 248 127 84 67 201
103 10 650 65 176 87 78 1 280 148 267 50 253 123 170 116 10 85 259 55 37 83 249
104 10 667 69 107 87 115 85 226 88 37 82 262 132 168 141 214 126 245 2 61 22 164
105 10 683 117 176 61 95 64 116 122 5 150 203 105 43 31 171 25 213 47 232 132 217
106 10 634 112 202 103 140 23 152 54 244 58 63 112 118 106 239 18 1 129 164 78 227
107 10 656 142 144 44 45 20 180 108 209 53 17 134 38 6 203 61 27 110 164 142 159
108 10 651 27 168 78 186 59 165 143 198 130 75 86 6 55 102 57 127 50 187 129 180
109 10 391 104 38 8 239 47 45 108 56 51 266 10 292 38 266 14 48 93 44 16 89
110 10 625 77 296 128 116 31 1 148 28 17 20 48 54 98 122 129 99 46 187 60 224
111 10 557 26 133 132 47 77 86 51 1 100 201 72 152 67 286 23 102 76 83 73 116
112 10 556 54 46 55 161 129 100 33 299 59 249 80 223 74 108 138 6 67 244 6 254
113 10 635 98 113 107 209 88 215 86 66 45 114 1 47 119 110 86 256 107 257 57 55
114 10 605 55 84 82 293 107 53 97 133 136 281 141 150 21 26 34 137 65 103 19 38
115 10 700 150 187 108 126 92 88 95 201 75 267 38 226 87 255 25 97 71 203 135 148
116 10 588 19 125 136 268 150 298 45 157 4 75 54 70 52 74 70 72 78 232 127 91
117 10 743 72 109 136 258 91 65 115 239 65 21 124 93 135 62 24 146 22 131 145 130
118 10 609 112 210 123 141 71 74 28 93 88 267 11 180 1 131 96 92 98 164 134 121
119 10 610 108 75 136 192 36 97 139 295 64 87 81 12 46 194 114 83 1 27 38 248
120 10 639 111 234 24 129 9 54 147 227 104 231 57 214 72 128 124 258 40 119 111 193
121 10 619 57 80 86 258 25 105 142 119 35 25 117 10 140 106 134 9 19 38 19 108
122 10 713 143 87 149 242 35 134 150 273 36 161 109 213 97 6 12 200 17 13 144 49
123 10 747 79 70 132 177 100 256 43 299 147 69 130 229 98 78 123 127 27 67 55 74
124 10 508 20 134 2 171 84 143 40 126 73 195 91 35 85 155 141 83 5 268 95 174
125 10 568 3 81 73 223 59 127 104 99 136 198 116 195 58 166 28 185 111 55 22 134
126 10 696 76 278 136 94 103 107 70 117 144 38 69 179 30 163 54 264 117 68 71 133
127 10 384 81 278 89 208 2 164 33 48 72 173 82 101 28 87 19 23 23 178 51 31
128 10 663 114 37 125 94 35 151 15 100 66 65 24 92 68 243 128 206 126 68 128 146
129 10 557 19 30 62 130 8 235 100 189 42 127 93 11 102 41 138 271 23 108 110 26
130 10 670 142 238 97 245 140 21 65 44 42 265 5 114 15 37 89 70 102 56 141 241
131 10 862 146 276 111 50 56 189 120 191 69 275 95 3 113 232 103 20 150 195 115 135
132 10 565 102 179 27 80 129 30 21 227 74 283 149 113 22 121 75 106 15 251 93 25
133 10 777 150 242 135 144 53 99 59 217 109 47 107 17 142 228 125 235 76 70 16 241
134 10 504 20 292 66 89 64 179 51 260 40 61 144 145 27 82 72 106 137 145 9 188
135 10 412 145 50 48 30 122 245 23 186 16 240 45 240 2 227 84 299 10 260 20 89
136 10 690 14 133 40 64 96 300 137 285 10 18 16 248 132 27 128 153 143 277 147 25
137 10 624 135 96 115 112 113 35 7 199 84 287 123 56 40 8 39 268 94 200 30 168
138 10 619 81 157 96 2 108 44 74 103 134 18 115 106 50 124 59 246 36 207 21 194
139 10 672 59 281 51 32 35 76 105 201 130 102 88 113 130 105 87 127 147 241 8 223
140 10 665 146 289 125 211 62 161 30 154 48 41 9 84 35 85 112 3 146 181 119 286
141 10 699 64 90 42 216 101 256 125 197 133 47 57 168 143 201 88 44 44 49 77 272
142 10 600 96 23 21 136 6 231 142 262 98 232 145 257 76 136 73 165 90 110 3 161
143 10 644 147 32 147 283 89 202 12 198 60 73 115 65 123 289 71 56 37 118 5 83
144 10 556 11 12 43 63 18 164 107 48 90 290 130 193 76 73 1 122 73 40 147 227
145 10 452 129 71 36 236 122 237 32 63 51 244 2 162 32 89 68 263 78 280 15 267
146 10 773 93 281 63 41 142 212 136 12 90 57 107 189 137 54 58 121 22 233 119 47
147 10 629 124 89 93 240 81 161 73 39 6 40 86 147 136 99 107 119 28 20 53 170
148 10 797 93 37 105 56 93 86 24 284 98 210 150 203 95 243 91 174 114 144 134 29
149 10 828 104 217 140 138 122 170 89 251 63 24 95 134 54 171 133 191 117 123 118 184
150 10 438 85 208 19 272 32 154 123 273 62 239 20 271 82 211 37 156 85 130 3 152
151 10 727 108 286 79 7 67 268 118 36 111 102 118 291 73 84 83 108 107 158 45 90
152 10 396 7 280 58 282 76 243 116 291 1 167 100 50 16 209 23 228 65 236 34 13
153 10 520 58 63 67 24 97 37 133 218 3 120 61 245 84 164 47 265 61 30 39 140
154 10 523 72 185 117 41 69 117 35 93 69 181 98 120 35 210 65 35 30 184 64 168
155 10 599 69 168 124 46 127 106 144 1 94 288 68 24 13 263 39 176 10 272 61 203
156 10 558 121 139 20 237 43 91 61 29 21 286 4 25 98 58 78 208 136 260 116 217
157 10 484 48 48 17 274 5 138 105 262 110 65 52 147 62 194 35 84 100 206 71 191
158 10 532 107 224 26 99 64 197 38 146 58 106 144 74 42 288 43 142 48 237 96 21
159 10 632 121 143 112 208 38 1 90 228 19 236 76 93 93 70 143 219 80 111 18 201
160 10 671 29 294 146 260 7 252 86 272 149 209 43 232 120 240 137 94 22 141 100 39
161 10 509 96 17 22 239 114 219 17 53 119 26 150 25 17 79 7 92 54 249 41 18
162 10 513 101 183 144 233 2 149 27 72 148 237 62 68 69 111 17 72 53 1 19 14
163 10 560 4 78 6 19 118 182 141 174 43 300 8 120 130 92 87 130 100 146 64 178
164 10 708 115 289 107 93 8 37 44 239 121 279 105 183 102 247 113 47 122 234 48 66
165 10 498 78 165 25 62 76 14 98 207 38 165 41 75 5 172 31 49 117 95 114 120
166 10 745 150 132 147 208 14 275 115 98 58 258 138 258 110 58 8 198 144 84 48 252
167 10 530 2 230 52 24 31 170 110 248 68 170 47 155 53 227 114 58 94 111 92 101
168 10 832 117 122 136 271 105 292 44 246 114 218 67 214 148 28 140 71 79 241 90 61
169 10 698 101 99 138 235 96 274 17 44 102 33 70 243 43 290 120 18 107 262 79 245
170 10 698 132 291 105 288 96 31 69 203 33 257 12 48 134 98 13 295 138 23 141 130
171 10 763 90 25 99 192 97 162 76 33 77 259 108 150 131 130 16 172 130 152 130 283
172 10 676 44 113 80 245 81 53 115 167 87 220 121 137 111 47 9 230 121 74 77 2
173 10 589 115 51 102 15 5 250 137 286 39 14 26 2 125 25 70 126 94 222 24 252
174 10 536 112 270 89 60 39 193 42 137 64 23 81 111 16 216 128 63 39 125 61 113
175 10 591 72 164 97 226 94 107 31 50 48 242 93 42 66 21 73 274 40 34 125 72
176 10 713 8 16 144 72 36 48 100 97 143 28 71 55 106 65 136 64 21 182 127 89
177 10 787 136 249 143 181 44 45 129 46 121 139 45 270 90 199 16 245 124 214 136 214
178 10 702 9 69 95 282 105 110 120 47 119 269 132 160 13 180 73 236 127 44 85 225
179 10 692 65 133 133 62 145 123 28 46 120 261 69 255 110 179 71 202 113 291 12 133
180 10 567 29 171 21 67 142 123 82 118 92 279 44 210 45 212 147 266 42 262 65 262
181 10 669 2 2 141 120 49 185 143 289 127 71 95 187 29 200 116 243 112 292 23 119
182 10 699 150 114 108 60 77 273 39 82 59 200 10 20 100 294 86 35 138 294 107 7
183 10 740 113 56 121 254 36 66 143 240 2 160 135 46 92 82 122 155 105 72 56 135
184 10 607 121 196 133 6 142 270 85 240 10 184 25 96 28 15 24 261 141 183 50 154
185 10 564 46 16 40 41 43 275 13 97 88 180 113 140 142 82 120 154 67 191 34 54
186 10 595 106 251 74 142 90 200 8 231 11 288 126 179 35 51 101 127 48 48 145 127
187 10 663 150 160 62 10 40 70 15 85 118 232 33 227 69 174 150 91 52 235 140 245
188 10 588 74 177 41 269 3 264 121 245 61 279 91 220 26 26 79 114 136 168 103 265
189 10 424 72 276 16 230 105 235 7 180 120 55 41 232 40 84 78 224 38 271 14 183
190 10 439 61 214 54 211 12 106 19 245 82 297 45 23 52 206 111 16 104 254 9 259
191 10 686 92 31 81 77 45 263 120 140 71 195 123 134 101 32 96 24 95 292 34 77
192 10 731 12 143 37 272 94 247 99 208 54 255 143 139 124 213 121 121 148 16 82 216
193 10 617 135 199 99 220 25 127 35 244 76 190 92 165 7 38 143 1 29 40 131 220
194 10 448 44 7 137 256 44 185 57 47 60 186 2 150 66 183 56 225 66 218 28 189
195 10 546 123 80 86 293 105 76 150 112 80 137 8 278 19 151 28 30 75 104 9 242
196 10 725 124 36 129 135 25 194 115 186 147 120 109 83 71 204 93 251 59 282 35 69
197 10 339 57 98 60 146 8 167 81 241 56 228 5 276 12 24 17 269 48 251 80 20
198 10 628 15 271 114 54 124 206 131 290 50 92 26 170 48 31 140 281 4 15 133 109
199 10 583 96 196 41 147 144 47 12 151 45 51 125 43 56 69 128 54 37 197 45 111
200 10 543 43 59 45 150 29 175 119 254 86 195 122 56 13 51 30 119 137 87 55 168
201 10 488 138 35 92 167 14 184 15 149 118 103 103 253 53 134 20 257 15 21 42 212
202 10 484 19 271 131 78 68 27 78 103 43 128 45 123 49 252 56 148 18 100 99 209
203 10 552 54 232 60 39 11 232 135 278 136 42 10 51 93 257 21 168 76 108 94 36
204 10 762 138 258 98 110 114 240 77 109 134 26 147 286 33 16 112 21 17 29 83 284
205 10 698 44 108 61 282 98 77 124 71 12 240 142 226 87 165 107 66 81 166 117 15
206 10 681 145 188 55 108 95 117 142 191 57 171 27 80 66 142 115 196 133 102 17 40
207 10 576 95 228 123 173 140 3 13 192 68 161 14 27 45 29 31 45 65 169 126 196
208 10 686 114 157 104 54 127 26 32 21 29 105 33 143 129 44 128 48 138 39 24 255
209 10 512 79 77 22 35 123 65 27 128 41 26 121 114 62 71 58 76 96 276 12 90
210 10 594 107 167 147 174 40 250 22 205 18 243 93 27 57 215 118 299 57 138 84 19
211 10 676 31 78 33 175 122 260 136 143 91 56 117 94 118 232 97 24 86 187 14 130
212 10 536 10 24 71 51 19 241 91 134 134 21 130 63 5 128 91 191 26 264 93 229
213 10 552 88 156 79 284 104 3 11 63 52 65 125 104 11 108 98 245 36 179 86 173
214 10 704 141 69 97 58 140 271 80 258 28 159 36 26 123 287 104 224 126 66 6 126
215 10 756 72 105 88 40 32 280 57 140 150 79 126 82 148 27 12 220 145 257 115 166
216 10 684 68 184 64 82 121 117 19 139 100 278 97 116 52 193 135 246 98 207 102 63
217 10 498 82 31 51 212 38 79 148 63 70 29 50 144 21 120 20 113 88 227 55 236
218 10 668 140 93 130 205 55 119 146 292 87 152 20 23 129 291 68 189 18 73 42 2
219 10 674 128 254 40 206 138 42 71 87 15 277 112 16 142 30 20 29 79 296 98 197
220 10 514 27 98 54 25 52 121 138 238 47 294 139 116 3 144 61 106 109 34 13 100
221 10 424 26 32 44 166 59 90 25 183 116 201 72 140 89 287 45 205 36 104 18 94
222 10 745 150 35 89 267 32 236 118 31 125 219 68 81 56 57 86 264 81 162 127 127
223 10 608 92 166 67 104 45 71 54 78 108 116 143 98 114 123 33 154 99 200 5 274
224 10 612 85 281 148 55 75 132 65 53 114 295 135 76 73 166 27 292 7 124 37 20
225 10 521 40 98 127 74 79 291 77 98 119 262 58 298 78 245 26 296 16 161 32 211
226 10 688 110 137 20 121 149 297 132 125 95 245 67 131 23 209 92 283 31 91 142 295
227 10 574 78 44 9 5 26 57 146 61 80 266 49 160 116 173 47 202 115 141 52 246
228 10 397 7 206 72 186 41 165 59 42 70 175 3 275 104 118 97 44 43 8 1 95
229 10 623 120 231 104 264 121 229 143 25 22 96 87 170 137 190 11 240 12 162 22 294
230 10 496 26 152 60 8 119 253 3 241 87 96 42 101 43 146 109 268 118 89 13 280
231 10 542 88 288 21 36 23 215 115 12 145 131 100 206 131 30 34 149 5 200 16 102
232 10 685 84 186 87 187 120 71 110 284 120 78 90 228 74 12 4 251 122 16 46 138
233 10 484 53 120 60 91 99 215 5 137 78 29 106 239 8 34 86 275 79 18 31 296
234 10 595 89 285 57 204 41 237 38 25 99 276 48 59 147 205 93 130 2 262 130 217
235 10 524 36 136 79 143 18 293 129 205 60 201 15 243 129 16 31 233 121 110 37 220
236 10 564 11 71 89 95 82 228 129 186 21 166 111 290 100 34 49 176 98 114 16 48
237 10 563 32 217 93 226 18 166 37 274 97 80 30 147 7 214 129 141 126 129 135 26
238 10 628 22 251 134 292 106 87 62 159 27 155 34 25 145 126 10 267 99 196 146 277
239 10 671 125 274 15 181 33 125 10 289 144 225 138 86 92 146 90 288 67 212 125 148
240 10 604 10 154 43 178 125 298 149 38 49 97 15 288 67 245 131 252 36 145 130 66
241 10 520 72 205 79 166 114 8 114 142 46 14 33 137 31 145 14 185 87 107 60 258
242 10 768 102 152 97 271 75 179 138 140 66 40 84 208 49 196 76 155 143 286 130 286
243 10 701 149 85 140 290 149 58 10 49 100 16 77 122 5 121 6 279 91 265 150 43
244 10 314 32 123 12 46 17 223 22 41 8 13 143 231 8 296 45 194 34 49 72 62
245 10 535 39 281 130 185 20 223 61 32 12 24 138 296 24 89 89 97 17 23 139 190
246 10 680 43 26 35 299 28 181 134 19 63 268 102 139 145 72 122 164 75 281 104 230
247 10 631 124 87 138 276 7 290 77 149 127 99 118 268 59 80 55 244 22 232 62 107
248 10 491 41 6 98 29 58 228 54 258 85 290 74 49 112 144 15 135 74 4 3 199
249 10 718 148 155 36 120 82 256 142 83 92 240 98 95 41 288 74 36 52 48 133 279
250 10 756 103 46 136 165 95 211 13 92 125 204 73 127 147 112 80 81 121 285 53 272
251 10 569 115 16 65 91 83 8 24 212 116 119 74 247 111 298 17 17 105 16 2 117
252 10 679 50 232 93 188 137 208 24 179 126 14 146 7 4 193 79 95 87 220 103 72
253 10 541 145 44 55 269 114 162 136 84 18 173 45 256 6 97 61 81 25 55 72 111
254 10 430 35 259 143 79 51 213 1 282 2 154 42 236 82 37 11 165 29 80 142 158
255 10 600 105 271 120 282 23 25 104 293 58 253 146 145 95 251 24 293 31 48 44 116
256 10 547 62 9 50 34 108 53 41 229 67 118 28 69 149 116 80 217 38 271 61 202
257 10 643 37 153 87 72 140 15 71 198 7 170 134 7 80 114 61 226 107 194 80 125
258 10 685 104 141 144 34 7 43 119 44 68 111 114 269 64 188 33 141 89 253 115 80
259 10 762 108 46 116 232 76 82 97 51 120 187 77 98 110 253 121 290 100 9 28 24
260 10 646 84 177 30 62 56 44 131 205 17 52 142 150 124 298 103 37 95 214 26 31
261 10 735 136 124 11 186 17 159 112 223 133 118 89 83 27 230 128 231 149 42 117 186
262 10 408 51 155 84 157 8 48 146 54 50 71 49 100 80 285 17 114 4 25 22 153
263 10 672 44 219 23 43 106 136 138 21 74 32 94 147 23 111 89 230 103 33 147 109
264 10 615 79 24 139 169 37 247 60 251 80 96 20 257 150 196 80 91 57 150 67 258
265 10 525 89 153 137 188 31 11 7 231 94 194 13 225 71 1 17 227 124 300 74 298
266 10 497 2 160 131 42 22 108 27 54 59 39 54 174 125 279 90 276 74 204 38 298
267 10 682 86 244 35 173 73 227 24 159 90 217 120 102 21 196 137 130 124 265 143 241
268 10 649 74 23 46 60 31 173 126 14 79 182 134 112 134 191 132 43 29 220 27 236
269 10 536 77 82 127 21 3 17 28 202 114 109 56 117 74 150 93 151 58 158 41 294
270 10 672 34 119 145 111 38 248 141 149 131 40 70 288 49 125 30 219 133 156 69 107
271 10 453 92 216 22 56 50 132 103 47 68 118 43 268 78 229 66 94 35 275 10 6
272 10 660 144 233 39 131 146 173 7 269 43 49 126 194 89 150 93 166 101 129 38 299
273 10 476 116 144 52 243 30 72 36 206 12 42 59 57 56 156 22 8 96 53 117 170
274 10 498 63 103 75 147 137 32 26 254 36 71 83 68 20 179 84 33 31 101 68 127
275 10 648 21 22 148 264 70 110 89 99 106 74 49 222 38 189 53 223 131 63 106 288
276 10 678 120 202 25 121 82 25 110 24 108 149 54 138 118 15 150 36 67 39 14 192
277 10 756 42 162 144 212 147 17 109 283 3 190 118 205 146 172 14 193 138 114 84 55
278 10 692 91 234 104 51 25 31 54 56 9 211 121 254 90 290 124 92 116 196 131 253
279 10 599 75 231 47 183 65 122 142 216 122 8 39 141 96 89 82 94 47 146 34 242
280 10 684 127 297 49 256 80 15 110 37 98 169 125 167 4 93 34 62 139 20 90 6
281 10 440 87 300 48 123 70 248 26 140 139 291 87 115 28 103 10 202 42 135 14 132
282 10 466 18 188 24 103 3 225 139 93 25 186 40 188 75 276 76 285 41 170 142 165
283 10 617 61 248 26 255 21 105 126 68 69 118 68 152 131 214 80 161 142 147 48 89
284 10 410 15 240 15 61 86 80 49 210 41 49 90 113 122 281 84 2 5 179 6 178
285 10 588 149 34 110 197 44 296 86 150 71 47 107 294 49 221 23 84 9 200 87 171
286 10 495 75 7 21 17 81 269 83 114 57 213 81 26 123 194 27 236 53 285 18 110
287 10 407 25 206 12 52 139 215 29 279 25 184 22 64 71 135 47 300 113 160 26 21
288 10 554 140 245 43 15 13 173 86 71 65 16 49 241 150 79 55 12 19 205 73 11
289 10 489 51 175 1 72 115 143 18 295 11 19 40 31 89 63 111 47 131 149 45 229
290 10 596 117 261 118 121 69 182 74 126 144 238 18 43 103 126 5 172 87 117 11 198
291 10 612 104 155 43 195 142 107 93 90 73 233 75 75 15 257 58 14 31 258 131 44
292 10 572 58 244 7 217 101 47 14 12 119 29 27 77 142 81 72 108 28 283 147 92
293 10 717 116 249 40 213 32 29 121 268 126 174 110 28 123 35 34 131 61 127 134 285
294 10 502 58 268 11 62 114 143 75 43 41 192 34 138 68 100 135 197 6 230 86 127
295 10 737 6 197 132 17 81 156 69 72 122 13 116 274 136 63 82 238 100 274 78 67
296 10 787 13 125 140 209 134 195 63 24 12 228 146 17 127 151 131 139 135 171 83 184
297 10 540 76 190 26 105 84 130 87 60 25 2 61 131 99 264 33 5 59 145 125 296
298 10 507 78 150 121 114 32 135 79 33 75 89 12 209 101 49 41 192 21 271 74 38
299 10 494 105 276 53 72 101 81 65 227 86 13 69 55 1 206 21 47 31 150 86 31
300 10 722 76 218 115 97 125 289 101 56 114 295 19 11 96 280 82 132 26 214 149 74
