1 25 1462 22 1 26 136 122 12 90 251 17 78 33 89 88 36 91 73 10 171 129 137 41 271 143 185 147 170 5 27 5 233 82 155 99 141 110 60 73 183 14 121 82 27 120 211 76 89 104 10 99 281
2 25 1432 50 39 5 256 101 51 86 165 53 57 91 294 96 237 25 281 9 250 125 21 53 88 99 223 25 264 80 71 30 203 52 90 129 165 142 189 144 287 32 177 130 161 125 60 33 286 65 178 11 104
3 25 1583 41 195 96 213 106 75 13 289 72 182 112 137 118 226 104 92 107 244 7 135 112 46 21 163 104 234 70 261 109 162 50 60 93 105 136 95 27 231 17 99 21 142 86 92 103 246 111 31 143 200
4 25 1724 49 295 57 239 33 30 97 118 40 280 76 94 140 278 78 132 101 192 142 290 32 61 87 241 116 233 110 21 126 69 93 146 16 233 116 42 133 232 136 29 130 192 62 166 28 78 62 49 95 49
5 25 1711 41 115 133 238 120 182 10 30 72 57 136 168 118 191 104 143 131 120 116 40 110 231 88 19 58 285 40 38 96 137 40 239 43 131 102 13 134 194 80 276 35 191 97 264 49 17 99 52 87 173
6 25 1715 99 73 52 35 90 151 130 294 113 193 128 176 47 210 124 142 57 129 52 85 128 51 87 280 30 297 106 80 78 120 76 291 147 138 149 56 137 263 83 127 28 70 34 90 70 67 66 284 33 233
7 25 1340 37 283 12 273 48 199 138 258 25 24 46 116 106 30 28 213 77 85 124 114 95 162 127 138 139 107 2 21 121 31 84 100 55 160 34 135 95 48 45 159 31 295 44 135 119 26 19 236 25 147
8 25 1641 124 22 72 16 122 247 61 141 68 258 127 36 149 214 61 244 93 134 39 71 55 89 61 73 140 267 142 201 75 94 26 19 34 116 23 36 77 242 131 98 75 127 119 132 106 241 58 216 14 83
9 25 1431 67 297 45 172 17 79 91 121 36 264 57 282 58 289 94 139 75 13 99 3 140 73 41 99 53 203 137 89 39 298 51 95 15 2 142 171 97 96 140 51 22 85 87 276 128 17 44 245 14 18
10 25 1596 38 293 47 118 90 5 42 58 112 241 135 300 49 2 119 129 135 114 39 63 95 30 145 107 99 2 50 129 117 95 49 295 129 1 31 279 81 147 11 45 80 212 118 252 84 105 10 289 91 36
11 25 1477 84 46 95 269 132 142 58 84 126 142 76 67 49 230 110 58 22 194 130 292 89 265 27 178 68 46 133 196 136 142 46 287 57 300 90 191 73 198 13 202 115 177 25 287 29 69 38 158 26 149
12 25 1636 71 46 63 50 66 36 76 179 44 63 58 274 65 127 116 36 123 109 117 277 105 190 135 240 26 270 8 256 119 125 62 30 57 209 66 270 109 118 23 221 124 161 132 49 144 35 136 240 1 226
13 25 1428 63 260 140 23 138 96 36 214 9 124 141 281 126 179 6 60 51 246 48 207 130 4 129 1 57 70 45 89 25 234 30 271 119 51 30 197 68 235 139 50 60 71 62 28 62 90 9 237 62 125
14 25 1650 29 170 3 240 147 84 114 43 21 129 41 188 131 238 137 154 70 226 45 222 54 163 146 105 92 10 69 259 48 259 87 11 20 170 140 121 129 262 104 139 134 185 31 55 68 6 108 158 95 149
15 25 1411 68 28 93 157 62 82 139 159 18 231 37 10 109 32 79 57 117 171 7 293 85 154 137 287 22 187 22 152 55 154 140 95 12 178 27 39 113 107 43 65 79 41 6 261 71 255 100 278 123 137
16 25 1245 125 274 22 235 105 152 40 69 48 138 46 155 133 272 6 159 137 109 35 20 114 171 142 244 108 71 40 131 20 200 56 272 35 168 9 115 1 142 7 263 57 110 76 140 91 129 28 232 76 81
17 25 1385 24 198 132 255 10 75 18 252 146 79 63 261 123 285 86 270 92 37 19 140 37 162 73 100 9 202 47 50 42 171 150 207 36 48 131 223 149 197 143 180 12 196 80 208 24 129 75 221 11 254
18 25 1699 108 275 122 265 56 88 146 69 145 159 135 179 70 25 52 196 104 24 102 17 96 1 49 130 83 8 39 156 114 108 3 233 3 246 104 171 107 192 146 2 98 291 38 36 41 183 14 226 149 25
19 25 1629 86 298 57 282 98 149 2 155 15 270 44 221 69 278 12 10 93 146 142 85 111 261 108 147 115 8 62 217 89 90 62 173 134 231 21 159 48 214 147 40 117 34 95 187 58 190 140 203 112 41
20 25 1532 132 273 79 37 75 98 116 39 123 293 81 148 21 122 90 11 15 225 47 238 18 258 36 118 80 96 139 249 113 205 83 128 140 89 26 290 60 111 31 299 3 115 126 135 50 144 85 163 146 162
21 25 1676 44 42 3 162 131 238 37 298 21 92 68 260 146 35 126 25 70 193 51 26 123 154 137 117 140 47 150 249 118 237 133 294 68 110 56 27 130 229 19 134 59 5 120 66 6 283 115 262 25 77
22 25 1609 140 137 4 161 75 202 114 6 59 87 96 116 108 138 53 120 32 257 2 230 148 124 69 270 149 174 71 54 118 215 139 43 137 50 99 251 10 255 51 267 102 66 63 88 24 149 30 152 119 216
23 25 1693 45 198 96 27 135 26 53 103 61 132 65 25 106 256 20 204 143 17 8 275 70 222 30 273 73 36 142 159 131 24 140 197 46 275 135 34 126 115 61 252 128 200 69 42 77 251 138 290 19 107
24 25 1615 78 2 101 174 16 67 111 91 130 25 144 160 21 274 106 136 52 47 34 145 64 23 23 129 68 277 20 151 51 232 83 108 79 182 87 90 81 209 48 212 94 285 149 117 140 33 129 138 110 82
25 25 1688 73 145 77 110 119 23 147 35 102 193 28 221 121 150 84 176 58 108 71 192 72 291 45 127 90 226 29 7 105 101 142 185 18 298 59 252 22 82 129 68 17 35 109 33 121 194 124 112 149 132
26 25 1476 78 169 114 182 5 1 24 178 6 167 119 248 99 209 52 97 87 179 150 230 1 115 139 226 88 234 34 16 61 4 96 47 106 276 38 235 94 269 81 65 37 190 138 176 74 8 97 195 28 274
27 25 1372 27 227 65 14 46 165 147 201 15 154 15 294 60 51 14 252 41 236 38 79 30 228 110 212 122 225 94 55 27 77 56 145 146 118 149 300 70 95 132 178 84 67 17 46 29 12 103 269 78 16
28 25 1699 109 272 52 163 103 142 108 255 72 143 78 25 30 228 91 285 110 95 8 232 132 95 60 24 77 162 120 3 69 111 90 110 100 104 125 128 19 77 149 170 109 139 27 239 107 26 32 74 147 203
29 25 1265 28 160 37 192 19 118 78 247 55 172 6 164 1 135 97 78 88 92 37 240 10 227 107 167 49 203 119 294 146 50 138 275 22 108 70 63 32 84 111 293 4 113 101 174 143 114 56 137 28 134
30 25 1684 30 139 96 283 124 66 106 90 20 158 95 194 112 111 36 32 39 165 111 5 91 197 9 147 37 116 35 263 99 211 74 51 113 56 136 141 142 280 127 170 80 264 91 6 46 51 136 299 120 49
31 25 1296 16 3 54 292 27 293 144 185 24 289 106 147 122 112 11 282 3 189 113 165 35 162 122 127 8 254 97 263 62 241 49 188 145 105 7 45 42 288 109 190 41 193 137 128 82 286 55 12 9 124
32 25 1415 79 120 46 88 39 36 106 54 56 261 5 13 74 62 24 179 128 73 131 264 70 208 55 68 141 118 63 276 77 163 75 237 126 12 28 199 60 146 111 26 30 124 51 265 53 83 140 276 1 166
33 25 1532 50 16 96 218 4 165 122 46 61 166 68 64 20 58 8 78 49 203 27 171 78 185 138 295 133 112 23 190 104 66 121 131 148 42 120 114 66 192 21 150 107 101 94 190 110 42 32 216 115 295
34 25 1532 121 17 121 217 100 77 98 69 38 125 2 168 60 93 3 80 93 264 143 244 31 191 103 91 16 266 147 113 58 168 103 65 31 69 86 182 139 164 43 129 24 283 112 300 70 289 117 6 56 260
35 25 1448 8 148 113 114 88 248 2 115 109 14 71 10 18 122 75 175 137 224 72 135 112 64 53 153 141 103 94 54 68 112 122 272 85 283 48 253 33 210 116 211 5 270 60 228 93 257 13 162 74 179
36 25 1761 20 61 60 54 126 123 58 141 147 19 115 46 11 215 81 76 139 136 116 100 139 282 33 7 120 77 22 300 106 231 132 249 24 110 30 13 130 49 65 100 70 181 92 2 128 241 140 180 98 15
37 25 1348 64 266 115 57 128 128 61 111 50 82 1 196 7 103 11 176 124 182 98 95 78 102 44 97 95 245 2 135 60 143 120 162 37 177 91 112 43 78 42 120 135 37 4 113 119 152 92 192 65 149
38 25 1296 24 111 15 237 107 79 117 248 6 98 67 186 51 98 15 292 63 248 100 111 10 166 93 211 109 272 19 224 124 116 41 260 70 19 145 254 1 84 85 271 76 154 15 279 112 96 7 28 149 131
39 25 1451 96 34 135 173 41 16 93 48 87 209 146 59 126 168 33 253 29 219 2 104 100 189 24 45 149 196 114 112 20 289 44 211 28 33 33 254 100 230 15 288 52 163 2 142 131 152 135 180 79 56
40 25 1316 117 26 13 137 49 188 21 135 27 2 78 53 108 275 95 91 84 274 80 129 28 143 107 22 108 139 33 161 65 16 103 135 121 161 98 165 2 164 25 152 62 199 61 214 9 4 22 86 130 129
41 25 1694 132 75 9 38 128 23 52 50 105 240 59 267 121 295 81 23 144 195 98 203 30 10 130 243 45 64 149 66 98 176 54 229 122 91 15 77 60 221 141 223 145 222 141 36 39 182 6 252 14 213
42 25 1522 104 213 91 188 11 202 63 241 52 122 105 286 85 143 125 243 74 70 51 254 37 125 73 256 97 88 12 242 120 68 140 60 16 60 96 108 84 220 60 103 42 53 70 199 101 248 127 84 67 201
43 25 1584 65 176 87 78 1 280 148 267 50 253 123 170 116 10 85 259 55 37 83 249 2 137 54 174 58 170 113 175 19 163 131 264 84 281 107 252 123 3 31 43 82 96 117 176 61 95 64 116 122 5
44 25 1474 102 210 22 62 86 49 107 94 116 264 109 83 112 202 103 140 23 152 54 244 58 63 112 118 106 239 18 1 129 164 78 227 74 284 72 87 23 40 90 216 105 105 9 267 19 11 102 122 14 219
45 25 1275 142 159 21 53 84 155 93 118 83 286 99 260 38 171 3 110 51 113 64 100 94 258 90 209 104 38 8 239 47 45 108 56 51 266 10 292 38 266 14 48 93 44 16 89 37 154 148 255 58 61
46 25 1330 148 28 17 20 48 54 98 122 129 99 46 187 60 224 27 52 67 263 24 154 43 101 1 200 101 144 76 134 143 45 51 151 42 145 58 149 54 46 55 161 129 100 33 299 59 249 80 223 74 108
47 25 1588 3 134 122 11 127 229 98 113 107 209 88 215 86 66 45 114 1 47 119 110 86 256 107 257 57 55 138 109 42 163 147 214 27 194 67 272 141 282 75 41 13 67 69 129 52 37 19 96 150 187
48 25 1592 63 184 44 189 101 149 134 76 113 174 128 49 49 142 102 269 74 31 19 125 136 268 150 298 45 157 4 75 54 70 52 74 70 72 78 232 127 91 99 144 55 271 129 182 33 230 120 130 11 247
49 25 1488 135 62 24 146 22 131 145 130 33 223 105 246 71 141 37 55 47 176 134 22 90 2 66 191 46 195 82 267 61 101 108 75 136 192 36 97 139 295 64 87 81 12 46 194 114 83 1 27 38 248
50 25 1444 111 234 24 129 9 54 147 227 104 231 57 214 72 128 124 258 40 119 111 193 98 113 40 172 129 49 53 284 60 70 13 234 5 280 53 267 5 37 19 37 54 104 143 87 149 242 35 134 150 273
51 25 1470 81 218 107 193 3 23 100 33 7 288 25 55 79 70 132 177 100 256 43 299 147 69 130 229 98 78 123 127 27 67 55 74 57 40 67 4 86 168 72 80 63 146 98 182 18 169 78 281 42 9
52 25 1754 95 174 116 6 41 146 112 118 64 208 50 272 99 232 98 115 83 55 93 221 28 44 67 203 76 278 136 94 103 107 70 117 144 38 69 179 30 163 54 264 117 68 71 133 134 161 139 178 104 4
53 25 1112 33 48 72 173 82 101 28 87 19 23 23 178 51 31 54 228 19 250 47 70 76 30 50 131 33 47 46 136 122 255 103 252 34 255 73 248 19 30 62 130 8 235 100 189 42 127 93 11 102 41
54 25 1589 136 45 54 219 13 246 142 238 97 245 140 21 65 44 42 265 5 114 15 37 89 70 102 56 141 241 58 292 138 221 25 111 95 239 96 138 138 189 2 225 116 206 10 300 98 230 68 248 102 179
55 25 1637 40 258 15 42 114 148 142 297 57 43 61 150 53 30 126 185 13 141 150 242 135 144 53 99 59 217 109 47 107 17 142 228 125 235 76 70 16 241 12 40 146 131 45 128 90 101 130 79 31 288
56 25 1684 27 82 72 106 137 145 9 188 62 289 25 95 15 243 123 45 93 32 120 90 120 4 114 167 150 19 130 40 45 263 14 133 40 64 96 300 137 285 10 18 16 248 132 27 128 153 143 277 147 25
57 25 1340 135 96 115 112 113 35 7 199 84 287 123 56 40 8 39 268 94 200 30 168 43 162 79 191 1 216 22 147 52 267 9 229 53 99 62 118 123 72 104 41 97 14 59 281 51 32 35 76 105 201
58 25 1613 51 175 57 260 53 173 64 294 121 15 112 151 146 289 125 211 62 161 30 154 48 41 9 84 35 85 112 3 146 181 119 286 116 128 45 84 108 201 128 250 99 266 24 114 84 285 101 175 22 87
59 25 1476 77 272 43 192 12 41 68 12 116 283 131 195 116 290 129 151 68 146 83 179 55 6 81 232 147 32 147 283 89 202 12 198 60 73 115 65 123 289 71 56 37 118 5 83 23 21 6 86 32 35
60 25 1964 107 48 90 290 130 193 76 73 1 122 73 40 147 227 104 257 36 71 118 243 119 63 32 102 122 4 81 64 45 136 132 156 140 29 134 111 93 281 63 41 142 212 136 12 90 57 107 189 137 54
61 25 1571 61 44 117 237 24 41 124 89 93 240 81 161 73 39 6 40 86 147 136 99 107 119 28 20 53 170 136 186 19 210 28 185 43 47 142 195 105 299 102 189 122 182 87 228 72 267 15 109 104 217
62 25 1316 69 243 85 178 126 126 12 189 67 108 86 266 96 234 62 236 92 243 85 208 19 272 32 154 123 273 62 239 20 271 82 211 37 156 85 130 3 152 52 216 143 158 4 133 134 236 18 221 51 235
63 25 1588 73 84 83 108 107 158 45 90 25 13 140 115 141 152 122 231 146 1 84 199 25 31 105 45 114 130 118 68 7 44 58 63 67 24 97 37 133 218 3 120 61 245 84 164 47 265 61 30 39 140
64 25 1372 72 185 117 41 69 117 35 93 69 181 98 120 35 210 65 35 30 184 64 168 41 138 84 248 23 254 53 287 1 187 144 136 12 25 132 78 88 20 136 121 102 171 121 139 20 237 43 91 61 29
65 25 1500 143 8 13 195 29 156 104 271 130 231 109 98 48 48 17 274 5 138 105 262 110 65 52 147 62 194 35 84 100 206 71 191 103 214 112 52 50 128 99 76 73 115 53 287 37 84 144 86 71 96
66 25 1594 96 21 60 241 72 223 104 75 1 180 114 37 118 152 47 185 35 285 110 160 56 36 101 183 29 294 146 260 7 252 86 272 149 209 43 232 120 240 137 94 22 141 100 39 111 191 9 43 120 228
67 25 1221 17 53 119 26 150 25 17 79 7 92 54 249 41 18 99 201 92 287 117 3 75 54 36 296 119 124 34 138 56 34 36 105 1 38 7 225 4 78 6 19 118 182 141 174 43 300 8 120 130 92
68 25 1490 65 200 73 128 89 72 115 289 107 93 8 37 44 239 121 279 105 183 102 247 113 47 122 234 48 66 36 155 83 49 31 151 7 195 104 76 83 81 38 10 86 62 25 234 48 227 60 286 150 132
69 25 1688 104 27 138 230 49 116 129 275 129 219 29 15 99 287 42 96 126 59 2 230 52 24 31 170 110 248 68 170 47 155 53 227 114 58 94 111 92 101 27 234 61 271 136 210 146 87 123 228 109 134
70 25 1864 148 28 140 71 79 241 90 61 126 202 50 276 118 191 137 33 22 204 17 140 122 85 145 240 9 214 131 157 123 176 132 291 105 288 96 31 69 203 33 257 12 48 134 98 13 295 138 23 141 130
71 25 1639 90 25 99 192 97 162 76 33 77 259 108 150 131 130 16 172 130 152 130 283 89 88 57 159 123 161 27 229 84 174 110 242 69 221 24 18 115 241 37 153 1 205 115 51 102 15 5 250 137 286
72 25 1269 7 51 1 249 13 139 63 188 111 48 126 8 112 270 89 60 39 193 42 137 64 23 81 111 16 216 128 63 39 125 61 113 31 143 82 194 113 188 54 61 25 95 121 186 21 131 11 146 137 79
73 25 1416 125 72 76 16 8 288 36 72 24 200 49 285 14 142 28 212 33 271 32 41 91 254 45 114 136 249 143 181 44 45 129 46 121 139 45 270 90 199 16 245 124 214 136 214 50 18 35 190 141 209
74 25 1654 120 47 119 269 132 160 13 180 73 236 127 44 85 225 98 130 67 265 31 289 62 56 23 240 131 138 128 220 90 142 101 225 146 24 67 128 29 171 21 67 142 123 82 118 92 279 44 210 45 212
75 25 1674 133 83 131 130 131 279 2 2 141 120 49 185 143 289 127 71 95 187 29 200 116 243 112 292 23 119 57 299 57 216 30 153 137 78 41 117 100 20 10 199 147 171 18 275 147 214 4 220 113 56
76 25 1420 127 71 33 286 120 3 80 270 23 184 41 243 78 210 36 112 68 137 121 196 133 6 142 270 85 240 10 184 25 96 28 15 24 261 141 183 50 154 104 91 8 80 21 86 138 26 49 176 90 225
77 25 1688 142 82 120 154 67 191 34 54 94 212 126 147 71 180 100 15 116 22 144 252 90 69 26 201 64 95 24 290 64 130 150 160 62 10 40 70 15 85 118 232 33 227 69 174 150 91 52 235 140 245
78 25 1559 74 177 41 269 3 264 121 245 61 279 91 220 26 26 79 114 136 168 103 265 81 144 138 31 115 210 118 14 90 239 28 82 116 79 42 156 112 76 136 27 92 267 61 214 54 211 12 106 19 245
79 25 1766 149 90 12 103 103 222 8 207 127 18 130 31 92 31 81 77 45 263 120 140 71 195 123 134 101 32 96 24 95 292 34 77 19 24 72 74 136 188 124 197 104 108 128 286 70 248 107 242 61 296
80 25 1461 82 216 132 269 100 198 110 50 64 69 122 151 95 184 83 13 19 285 1 57 20 261 110 241 44 7 137 256 44 185 57 47 60 186 2 150 66 183 56 225 66 218 28 189 142 246 40 172 147 209
81 25 1238 150 112 80 137 8 278 19 151 28 30 75 104 9 242 118 247 18 258 68 50 97 230 93 294 60 218 42 142 102 185 126 118 141 70 35 45 57 98 60 146 8 167 81 241 56 228 5 276 12 24
82 25 1396 135 95 126 159 10 262 15 271 114 54 124 206 131 290 50 92 26 170 48 31 140 281 4 15 133 109 110 192 98 81 74 288 24 23 76 89 26 250 22 111 35 255 27 74 99 89 56 269 43 59
83 25 1328 75 57 88 238 127 171 98 244 28 25 26 60 60 274 44 110 84 97 138 35 92 167 14 184 15 149 118 103 103 253 53 134 20 257 15 21 42 212 116 38 136 261 39 136 14 156 52 86 64 90
84 25 1524 49 252 56 148 18 100 99 209 8 107 116 120 20 21 116 270 139 271 21 20 26 185 129 42 84 152 54 187 18 170 138 258 98 110 114 240 77 109 134 26 147 286 33 16 112 21 17 29 83 284
85 25 1576 44 108 61 282 98 77 124 71 12 240 142 226 87 165 107 66 81 166 117 15 58 290 94 110 54 189 59 283 96 113 86 54 40 132 71 230 98 266 51 34 20 166 95 228 123 173 140 3 13 192
86 25 1199 81 27 14 89 15 62 23 130 85 251 98 299 114 157 104 54 127 26 32 21 29 105 33 143 129 44 128 48 138 39 24 255 27 158 39 44 18 245 33 54 64 82 13 242 57 123 36 116 38 191
87 25 1508 12 90 118 213 84 293 87 80 125 43 103 35 122 185 14 113 108 235 150 114 69 168 10 127 31 78 33 175 122 260 136 143 91 56 117 94 118 232 97 24 86 187 14 130 1 20 12 142 26 37
88 25 1539 91 134 134 21 130 63 5 128 91 191 26 264 93 229 16 175 78 158 142 207 2 21 32 104 33 249 52 21 54 196 123 71 90 172 87 218 141 69 97 58 140 271 80 258 28 159 36 26 123 287
89 25 1713 112 251 33 11 63 173 72 105 88 40 32 280 57 140 150 79 126 82 148 27 12 220 145 257 115 166 92 135 92 127 41 242 59 37 70 199 139 193 58 104 97 269 123 195 104 203 32 210 82 31
90 25 1528 106 75 40 295 32 139 15 99 72 41 60 40 57 176 114 109 118 194 140 93 130 205 55 119 146 292 87 152 20 23 129 291 68 189 18 73 42 2 27 256 127 79 103 276 21 141 44 30 139 224
91 25 1211 142 30 20 29 79 296 98 197 6 54 49 107 13 103 61 275 119 94 147 278 58 5 72 122 53 218 17 25 50 2 26 32 44 166 59 90 25 183 116 201 72 140 89 287 45 205 36 104 18 94
92 25 1700 150 35 89 267 32 236 118 31 125 219 68 81 56 57 86 264 81 162 127 127 127 184 83 134 52 89 36 108 39 215 58 285 49 227 62 66 77 198 100 10 137 10 85 281 148 55 75 132 65 53
93 25 1582 148 269 38 146 83 53 146 13 62 74 10 224 40 98 127 74 79 291 77 98 119 262 58 298 78 245 26 296 16 161 32 211 61 219 69 39 61 297 149 264 63 189 123 133 66 46 105 183 142 61
94 25 1376 142 295 147 156 22 18 3 51 29 292 31 160 133 98 80 231 87 94 101 229 71 104 123 15 7 206 72 186 41 165 59 42 70 175 3 275 104 118 97 44 43 8 1 95 6 240 116 207 132 242
95 25 1579 143 25 22 96 87 170 137 190 11 240 12 162 22 294 98 52 76 120 4 238 127 6 121 174 48 84 51 85 73 218 134 235 45 25 140 147 88 288 21 36 23 215 115 12 145 131 100 206 131 30
96 25 1564 75 10 100 31 51 190 84 186 87 187 120 71 110 284 120 78 90 228 74 12 4 251 122 16 46 138 53 106 60 120 46 197 108 9 69 155 15 211 120 16 17 172 138 157 9 61 148 159 89 285
97 25 1492 102 82 119 76 13 197 138 95 30 294 103 186 65 4 131 260 109 12 36 136 79 143 18 293 129 205 60 201 15 243 129 16 31 233 121 110 37 220 26 21 36 178 48 164 114 257 93 42 83 221
98 25 1599 100 34 49 176 98 114 16 48 139 64 109 186 113 35 83 74 137 194 40 59 74 14 107 258 71 251 65 270 13 183 22 251 134 292 106 87 62 159 27 155 34 25 145 126 10 267 99 196 146 277
99 25 1696 125 274 15 181 33 125 10 289 144 225 138 86 92 146 90 288 67 212 125 148 21 19 77 86 89 250 149 298 19 97 49 29 144 134 123 261 126 72 73 260 33 253 72 205 79 166 114 8 114 142
100 25 1608 7 66 69 61 73 28 93 173 54 119 129 134 102 152 97 271 75 179 138 140 66 40 84 208 49 196 76 155 143 286 130 286 114 298 43 280 145 297 29 19 25 199 8 153 61 9 61 11 140 182
101 25 1387 150 43 101 63 62 23 23 33 112 44 21 15 7 286 116 15 148 90 97 67 25 144 31 75 39 281 130 185 20 223 61 32 12 24 138 296 24 89 89 97 17 23 139 190 9 86 13 69 150 55
102 25 1834 134 19 63 268 102 139 145 72 122 164 75 281 104 230 108 247 44 275 138 14 145 153 75 254 50 235 134 117 40 110 122 43 116 123 54 152 41 6 98 29 58 228 54 258 85 290 74 49 112 144
103 25 1652 68 147 2 6 100 13 148 155 36 120 82 256 142 83 92 240 98 95 41 288 74 36 52 48 133 279 82 205 23 271 83 189 106 26 46 249 102 145 64 294 56 159 41 242 143 106 136 33 115 16
104 25 1449 46 166 4 47 106 231 60 147 124 222 149 33 9 209 8 3 59 26 50 232 93 188 137 208 24 179 126 14 146 7 4 193 79 95 87 220 103 72 31 290 22 109 135 228 81 272 42 35 87 89
105 25 1412 6 97 61 81 25 55 72 111 17 69 130 286 40 102 107 1 141 4 77 84 118 163 19 22 83 57 40 284 79 61 105 271 120 282 23 25 104 293 58 253 146 145 95 251 24 293 31 48 44 116
106 25 1470 62 9 50 34 108 53 41 229 67 118 28 69 149 116 80 217 38 271 61 202 141 73 77 174 36 280 8 141 99 14 85 268 4 160 57 121 113 214 97 160 63 245 104 141 144 34 7 43 119 44
107 25 1656 56 227 135 127 94 66 71 178 127 230 40 119 108 46 116 232 76 82 97 51 120 187 77 98 110 253 121 290 100 9 28 24 80 167 89 60 31 111 22 262 103 33 26 284 75 247 149 206 19 190
108 25 1252 26 31 45 271 62 21 93 33 80 223 112 265 59 178 42 53 115 256 116 298 21 233 93 10 51 155 84 157 8 48 146 54 50 71 49 100 80 285 17 114 4 25 22 153 58 88 110 45 22 212
109 25 1664 138 21 74 32 94 147 23 111 89 230 103 33 147 109 99 158 12 277 85 73 124 119 126 160 48 39 129 299 98 159 46 113 75 133 129 72 89 153 137 188 31 11 7 231 94 194 13 225 71 1
110 25 1788 114 247 150 148 149 225 2 160 131 42 22 108 27 54 59 39 54 174 125 279 90 276 74 204 38 298 146 171 122 69 87 146 114 47 80 179 109 240 51 42 98 273 65 247 133 286 121 79 74 23
111 25 1333 30 62 87 251 7 158 91 267 56 267 96 264 22 58 110 54 118 19 77 82 127 21 3 17 28 202 114 109 56 117 74 150 93 151 58 158 41 294 44 67 60 289 56 75 124 282 75 262 20 139
112 25 1489 49 125 30 219 133 156 69 107 33 184 108 44 28 100 66 206 24 135 59 86 134 155 115 132 47 70 138 19 3 76 144 233 39 131 146 173 7 269 43 49 126 194 89 150 93 166 101 129 38 299
113 25 1223 116 144 52 243 30 72 36 206 12 42 59 57 56 156 22 8 96 53 117 170 44 126 52 150 74 273 16 51 127 71 36 165 34 40 90 168 17 62 51 136 64 199 21 22 148 264 70 110 89 99
114 25 1779 37 98 111 76 95 105 112 261 32 211 144 240 120 202 25 121 82 25 110 24 108 149 54 138 118 15 150 36 67 39 14 192 126 83 81 288 106 293 9 218 142 5 95 235 103 292 86 28 97 276
115 25 1768 84 55 125 181 117 207 26 49 16 107 28 18 106 241 127 180 145 248 46 232 98 261 127 86 75 231 47 183 65 122 142 216 122 8 39 141 96 89 82 94 47 146 34 242 139 254 149 98 128 159
116 25 1460 110 37 98 169 125 167 4 93 34 62 139 20 90 6 5 173 150 96 62 139 124 51 70 278 146 173 58 56 52 20 101 84 68 28 66 266 18 188 24 103 3 225 139 93 25 186 40 188 75 276
117 25 1597 143 82 85 284 83 293 61 248 26 255 21 105 126 68 69 118 68 152 131 214 80 161 142 147 48 89 66 30 120 29 31 172 40 98 105 82 25 180 57 243 141 167 1 9 90 12 89 207 149 34
118 25 1547 99 88 148 171 75 142 24 213 147 97 111 46 42 17 100 174 86 180 75 7 21 17 81 269 83 114 57 213 81 26 123 194 27 236 53 285 18 110 14 50 103 23 26 278 108 58 140 50 92 43
119 25 1133 71 135 47 300 113 160 26 21 10 280 123 86 8 25 87 171 36 129 8 97 121 300 40 110 6 37 103 145 6 176 51 175 1 72 115 143 18 295 11 19 40 31 89 63 111 47 131 149 45 229
120 25 1390 117 261 118 121 69 182 74 126 144 238 18 43 103 126 5 172 87 117 11 198 95 208 78 85 98 283 54 186 45 145 117 150 38 29 129 116 7 61 129 262 22 186 58 244 7 217 101 47 14 12
121 25 1484 15 54 39 284 41 144 54 56 142 293 46 53 116 249 40 213 32 29 121 268 126 174 110 28 123 35 34 131 61 127 134 285 49 116 134 21 31 227 72 150 22 81 96 68 69 136 50 269 99 12
122 25 1740 86 127 143 12 99 263 9 161 78 138 36 244 7 232 137 271 32 163 119 200 137 156 34 226 13 125 140 209 134 195 63 24 12 228 146 17 127 151 131 139 135 171 83 184 127 152 95 52 53 168
123 25 1312 87 60 25 2 61 131 99 264 33 5 59 145 125 296 29 155 75 242 57 63 68 157 17 149 45 23 105 201 25 81 96 42 136 147 19 174 105 276 53 72 101 81 65 227 86 13 69 55 1 206
124 25 1477 24 61 75 172 16 190 76 218 115 97 125 289 101 56 114 295 19 11 96 280 82 132 26 214 149 74 125 243 15 190 36 70 145 137 39 189 61 199 25 53 121 66 5 135 134 219 82 104 41 144
125 25 1392 4 116 24 97 121 180 42 40 98 36 1 134 116 264 82 84 150 5 84 11 25 87 78 113 132 19 135 172 91 275 85 181 56 109 13 19 107 57 67 200 13 261 38 239 75 215 67 284 37 224
126 25 1173 78 279 2 105 69 207 115 204 5 256 88 167 149 113 52 51 130 12 7 18 16 1 134 147 27 193 2 269 32 48 78 151 30 181 33 167 24 132 11 173 36 108 146 290 105 238 52 292 46 209
127 25 1264 23 5 53 156 55 191 34 51 123 251 144 201 8 256 2 10 141 85 27 283 66 148 15 102 18 228 69 164 30 105 7 143 16 81 12 69 147 89 74 41 47 186 147 259 65 173 147 12 111 286
128 25 1476 56 68 5 52 90 81 135 23 117 83 62 59 92 246 42 290 27 125 2 253 84 145 74 184 135 111 133 106 132 144 79 40 11 225 48 199 124 243 79 20 149 283 42 299 5 271 93 260 30 77
129 25 1546 27 260 142 151 98 141 118 138 103 171 130 43 55 92 70 68 146 78 74 2 113 236 54 270 21 229 49 204 38 229 56 162 24 255 20 47 80 264 124 191 23 80 135 114 53 291 108 153 72 170
130 25 1576 73 157 63 217 136 227 6 293 106 92 22 80 17 114 139 213 107 270 81 182 62 46 5 123 70 247 119 169 76 93 100 269 127 144 36 168 135 61 61 179 59 291 106 230 131 155 15 253 118 31
131 25 1448 125 276 104 238 50 227 13 18 71 281 145 235 89 234 31 280 35 267 54 219 86 299 57 59 127 58 21 245 104 242 128 41 2 83 70 151 95 265 32 157 87 41 65 81 6 299 74 214 140 280
132 25 1364 60 196 12 29 65 31 35 15 37 210 104 184 43 191 108 36 87 212 86 7 18 93 147 104 127 240 14 140 6 141 113 237 40 107 108 300 121 44 29 63 80 67 18 119 123 83 1 23 123 288
133 25 1152 100 97 138 237 51 2 35 82 46 258 8 114 36 122 120 221 33 172 120 283 23 5 72 104 30 60 9 80 4 198 106 277 20 42 35 230 4 290 147 194 21 133 45 136 122 207 9 153 107 245
134 25 1367 1 124 80 30 128 201 66 227 35 261 58 299 132 141 15 196 139 123 64 278 93 192 50 151 34 119 90 199 26 216 68 2 18 139 67 264 108 14 22 130 32 114 86 207 110 31 46 233 141 296
135 25 1593 148 185 103 92 71 21 135 201 13 184 125 217 57 279 41 69 144 188 2 298 68 215 39 34 140 161 109 293 12 249 72 117 107 191 27 253 138 5 130 246 73 153 131 26 58 18 18 215 31 297
136 25 1550 12 140 116 240 101 276 40 22 101 94 25 120 117 189 37 19 116 250 81 49 69 51 4 83 121 188 88 97 41 92 144 60 107 300 123 46 37 82 95 109 15 253 142 29 130 207 52 233 24 288
137 25 1651 89 276 136 103 54 71 100 16 134 291 73 123 93 217 67 92 106 231 21 40 86 18 67 191 95 267 78 240 77 95 84 206 38 99 119 96 11 254 131 65 78 232 83 270 28 254 81 72 135 200
138 25 1482 89 149 128 39 114 49 85 9 68 153 23 53 141 68 78 157 129 97 133 18 60 295 101 276 19 32 3 176 4 199 58 265 3 33 145 94 35 57 137 224 43 164 51 105 59 202 37 124 110 246
139 25 1416 55 242 24 267 39 51 99 243 64 49 15 237 30 227 34 83 37 256 141 169 119 239 91 21 39 189 4 68 119 114 33 274 94 35 50 112 136 125 86 51 68 1 128 25 67 230 107 59 91 11
140 25 1680 106 195 45 293 135 267 92 52 147 257 92 168 90 170 96 158 102 21 105 167 53 98 150 9 51 120 83 181 107 276 144 62 128 60 48 73 66 280 126 5 10 123 11 191 50 110 31 219 32 169
141 25 1319 24 56 25 215 44 75 38 52 85 59 22 23 4 279 118 162 19 284 21 265 65 229 29 62 105 186 112 40 17 284 30 36 11 30 127 43 126 272 82 99 116 95 118 277 86 193 97 185 128 160
142 25 1355 93 170 30 91 4 58 28 161 63 275 133 284 65 170 10 46 18 168 49 299 23 99 61 296 51 225 23 162 83 249 99 219 42 159 148 197 35 251 99 65 144 6 149 187 19 6 91 270 134 61
143 25 1525 133 218 52 85 120 198 25 21 28 278 144 204 17 85 16 185 37 61 104 116 117 299 141 107 62 112 90 25 78 131 113 261 106 226 112 215 52 106 1 290 3 75 62 124 49 34 115 123 130 66
144 25 1442 28 27 53 119 4 102 41 39 81 133 141 143 147 101 55 239 129 297 7 240 13 175 128 67 1 53 2 88 60 66 56 40 104 174 121 129 124 150 39 45 12 23 127 192 150 83 42 144 138 202
145 25 1284 14 20 4 111 112 145 82 43 141 210 78 41 10 36 37 113 96 266 57 250 13 251 3 54 47 187 14 163 142 91 79 297 119 252 22 27 20 61 115 151 89 38 73 26 135 45 30 191 73 188
146 25 1548 135 138 103 265 52 74 93 62 132 189 91 245 46 7 53 234 86 253 101 56 7 236 71 66 21 84 96 3 15 226 20 76 42 269 92 133 150 230 143 124 5 97 105 54 56 117 144 154 77 268
147 25 1255 91 59 66 212 105 38 137 162 7 220 9 82 117 134 94 183 79 233 49 277 45 20 78 244 12 106 12 117 47 141 11 47 62 186 130 167 70 228 57 221 79 294 23 49 71 148 56 54 62 109
148 25 1456 70 132 28 196 7 71 22 45 32 83 101 258 147 173 32 175 57 30 134 194 77 293 20 183 100 13 87 160 90 292 145 225 12 78 99 137 121 75 148 150 15 23 19 21 50 87 140 70 67 277
149 25 1563 57 256 70 21 18 28 38 162 63 126 100 31 104 205 59 91 66 229 118 152 42 268 146 88 112 118 12 124 143 181 10 30 136 15 24 70 88 8 50 8 72 10 122 49 80 59 148 14 76 251
150 25 1339 79 137 117 16 74 271 19 247 55 281 3 267 119 293 41 218 40 276 3 210 38 110 145 295 12 190 104 128 136 159 40 42 2 133 115 136 147 246 33 227 32 166 42 165 129 19 42 280 107 249
151 25 1329 52 233 22 256 106 63 57 95 31 110 55 180 33 231 12 178 38 77 76 259 109 270 123 109 69 244 41 158 81 168 121 31 129 21 42 113 67 273 13 214 106 194 75 191 33 124 33 229 138 62
152 25 1180 28 38 36 201 46 272 75 183 2 236 48 214 27 24 26 259 68 240 86 230 40 166 74 101 69 122 138 200 12 262 105 90 127 3 51 202 14 148 39 78 71 5 123 280 19 175 27 263 125 180
153 25 1550 150 47 94 195 18 43 53 78 28 96 116 156 20 22 52 194 22 119 89 168 126 235 22 13 81 132 68 268 139 96 12 197 79 280 66 63 120 130 101 298 93 179 84 44 81 251 78 234 146 132
154 25 1056 92 53 65 163 90 108 33 74 75 180 125 174 29 149 110 25 127 219 41 37 21 198 31 281 15 62 46 19 11 200 45 237 5 11 59 96 77 223 27 228 108 176 3 185 10 124 8 282 67 191
155 25 1740 58 74 66 258 77 224 47 121 35 121 122 161 68 251 123 109 117 209 66 66 124 195 107 70 43 145 111 159 40 232 144 115 21 134 72 233 146 62 125 227 125 148 96 149 55 253 131 177 57 276
156 25 1362 10 179 111 148 86 211 12 122 76 250 127 29 130 108 24 193 6 288 75 183 113 35 30 114 4 218 8 37 140 238 95 288 40 84 105 62 135 67 57 177 91 166 70 55 51 43 37 5 70 101
157 25 1583 6 91 138 41 56 181 27 33 148 157 65 296 34 137 60 125 33 248 62 173 12 22 41 125 42 76 89 236 81 21 136 114 137 75 129 76 138 272 80 217 132 289 64 22 93 157 88 93 88 267
158 25 1461 12 141 120 53 64 43 70 184 145 138 20 15 117 50 67 161 128 41 34 1 31 86 56 119 45 215 102 110 138 207 18 299 46 69 60 172 55 247 129 68 97 113 26 183 71 141 31 85 145 44
159 25 1657 148 49 141 265 77 247 71 211 54 224 77 137 123 184 18 78 1 147 122 153 92 208 122 243 36 175 103 128 94 36 47 146 126 28 52 234 24 168 140 127 133 241 10 116 85 52 46 246 130 20
160 25 1590 76 223 123 220 105 95 72 11 52 195 11 220 4 294 110 169 140 42 63 212 93 233 106 245 71 10 115 7 64 251 53 186 43 27 68 194 119 297 38 225 56 133 121 154 60 209 86 178 139 112
161 25 1474 10 34 30 204 82 190 42 215 101 35 35 150 64 140 53 93 34 111 32 263 142 278 135 63 74 139 72 50 134 7 111 168 98 65 114 247 67 163 44 106 78 91 16 165 142 146 64 102 69 44
162 25 1577 17 237 9 130 117 32 93 58 61 51 64 242 69 285 120 148 95 215 23 213 138 172 75 103 63 200 9 60 74 146 47 153 142 232 148 53 137 107 11 129 31 145 145 238 139 283 94 92 51 266
163 25 1584 34 144 107 248 68 299 115 281 148 170 128 116 8 286 33 90 80 205 122 33 38 190 83 137 23 107 86 211 106 198 42 231 141 208 124 150 89 33 23 129 46 248 3 78 99 64 100 247 135 165
164 25 1350 84 46 40 132 106 77 102 171 74 53 91 168 58 140 19 221 48 218 12 124 140 289 11 185 123 181 51 120 133 171 138 138 38 97 69 257 49 71 34 257 26 252 10 241 49 91 84 105 99 140
165 25 1615 121 288 80 285 4 295 15 1 126 134 8 291 99 155 121 133 60 114 133 239 11 153 76 12 146 108 8 72 115 65 119 162 132 87 136 199 135 246 88 291 14 249 90 177 82 73 89 225 11 43
166 25 1500 40 290 112 56 16 159 53 185 96 147 104 282 84 14 41 266 134 16 104 271 4 35 119 276 85 244 17 52 27 58 140 218 102 183 21 299 55 218 135 269 125 177 49 27 113 197 61 250 38 276
167 25 1633 102 259 20 256 102 168 5 33 123 38 138 219 17 225 120 46 42 280 114 15 142 13 103 131 92 149 84 11 97 291 43 132 83 86 67 192 10 8 147 237 32 201 145 8 61 211 28 26 125 151
168 25 1256 29 184 7 54 34 240 55 135 66 78 30 244 18 234 30 210 134 270 69 165 83 25 140 204 5 9 87 275 108 238 21 294 30 210 75 112 20 131 140 293 104 138 92 119 36 129 141 150 16 52
169 25 1554 107 104 52 164 96 176 5 124 3 245 81 1 26 108 122 2 128 127 131 196 37 286 75 209 124 33 102 194 113 78 89 136 18 5 1 84 131 89 1 216 100 236 128 288 140 237 4 13 129 207
170 25 1329 85 70 8 138 3 277 94 283 96 167 37 237 136 252 41 64 108 227 148 131 149 31 103 171 64 269 31 20 2 78 42 161 46 178 44 294 52 167 27 255 39 276 15 298 148 200 10 196 134 182
171 25 1264 29 297 92 220 12 286 30 116 127 252 103 5 37 139 7 126 19 43 1 32 50 207 101 261 18 54 38 113 10 267 129 188 50 103 16 130 134 91 104 116 143 146 77 152 97 292 102 93 54 280
172 25 1588 107 294 11 73 148 30 100 206 139 122 26 297 51 278 72 183 86 274 94 100 80 73 135 222 33 271 13 121 90 203 93 84 121 96 51 9 100 86 98 156 35 104 89 119 46 132 41 234 126 74
173 25 1154 69 161 21 290 49 199 54 70 78 48 56 53 5 273 76 65 29 29 5 4 103 244 18 177 61 27 25 288 33 230 32 185 58 143 147 273 59 96 23 234 54 143 111 30 95 124 116 187 66 45
174 25 1372 6 65 57 129 16 111 144 109 112 299 87 56 48 80 11 135 10 33 135 57 126 94 2 255 82 233 87 64 27 224 30 250 60 272 62 102 76 226 67 224 104 168 132 172 118 111 48 273 69 62
175 25 1218 41 76 2 214 3 185 75 266 1 31 18 176 93 1 62 170 41 225 140 275 6 143 84 76 44 88 95 1 118 33 70 197 92 157 93 242 116 208 38 244 18 289 27 271 65 116 108 159 73 186
176 25 1293 95 131 123 36 80 125 84 66 125 180 76 249 31 80 113 17 69 148 53 21 66 243 7 202 137 44 42 242 70 154 5 206 78 214 26 178 35 132 50 195 14 61 123 40 79 260 26 155 10 65
177 25 1724 65 44 75 86 123 51 50 123 140 134 81 186 73 238 89 181 144 72 111 217 78 113 109 296 143 109 116 193 46 80 88 155 60 228 66 214 103 1 102 156 10 198 148 238 9 41 73 275 54 136
178 25 1724 39 127 97 39 119 166 49 99 103 48 2 121 149 14 123 174 11 300 37 7 53 70 137 59 116 285 136 96 136 205 77 44 29 35 77 219 1 188 113 275 97 97 148 165 106 79 124 272 77 16
179 25 1382 27 86 30 136 101 191 76 154 32 142 65 10 115 23 92 287 115 112 97 1 60 241 148 280 49 232 104 212 45 143 67 275 61 287 21 217 113 245 31 224 73 222 63 172 122 249 18 152 3 228
180 25 1904 115 299 130 151 48 293 42 76 142 252 102 125 91 79 139 265 145 135 107 30 122 72 51 223 131 217 101 250 69 205 125 173 54 61 127 229 132 151 44 46 78 174 114 110 59 173 31 22 82 17
181 25 1304 148 201 5 105 10 205 97 127 85 293 100 238 1 104 25 250 64 125 7 253 112 188 65 186 10 160 22 34 27 37 90 154 93 94 41 257 105 197 31 26 90 242 95 253 129 180 137 103 41 255
182 25 1388 29 108 52 50 45 10 150 216 73 148 13 45 7 239 1 128 87 123 117 14 5 157 99 74 125 66 79 172 148 299 79 65 114 68 23 122 94 289 23 157 131 69 21 157 99 186 32 241 89 180
183 25 1454 121 27 148 206 30 182 33 246 60 194 52 108 76 55 75 114 24 58 91 178 72 169 14 46 19 67 74 63 17 24 49 10 133 52 132 259 135 51 80 19 125 237 132 105 58 148 20 3 48 225
184 25 1357 12 299 126 63 18 69 89 84 64 271 75 78 63 164 108 99 39 12 57 61 55 269 146 270 70 263 79 252 12 118 55 139 91 193 26 125 41 288 95 104 86 100 120 296 68 186 74 295 28 48
185 25 1587 77 236 132 223 66 220 48 223 2 249 142 117 56 86 82 31 65 41 74 58 119 137 121 238 81 73 71 287 83 300 21 276 113 167 132 27 48 72 128 147 48 150 105 152 81 207 79 188 10 229
186 25 1479 94 200 4 214 96 197 30 97 70 259 58 52 137 191 60 123 49 88 55 274 94 169 85 259 81 45 97 72 106 82 135 136 78 281 32 52 37 78 54 239 40 260 38 167 115 298 58 241 146 260
187 25 1316 120 273 4 31 2 59 114 209 139 118 106 225 22 14 34 205 1 184 41 103 104 26 150 126 113 293 6 158 1 124 17 18 29 76 71 155 65 124 57 32 47 298 123 30 133 28 111 229 35 183
188 25 1510 6 119 139 287 91 254 30 148 100 225 145 119 119 230 4 222 94 110 85 247 112 114 30 246 90 152 19 3 115 257 30 113 34 251 145 245 20 174 75 183 107 165 80 72 101 214 97 126 20 60
189 25 1466 82 203 63 47 54 214 129 61 66 68 85 151 59 156 144 92 74 245 96 14 39 85 109 193 15 265 37 160 58 200 131 212 94 293 106 127 45 131 43 169 5 206 39 70 146 277 19 156 95 250
190 25 1507 14 217 144 179 86 235 13 154 134 240 9 23 11 208 115 8 138 72 126 121 106 16 84 25 1 159 123 83 24 255 141 185 66 76 134 186 115 217 2 279 97 232 29 157 18 183 65 267 89 239
191 25 1300 101 13 12 19 23 102 123 105 48 4 75 185 35 297 69 262 10 294 70 62 42 192 44 272 83 8 124 213 118 17 125 201 89 281 107 155 25 237 34 114 32 280 6 220 98 193 67 96 66 68
192 25 1545 40 241 73 14 84 157 19 8 56 234 116 35 102 298 123 58 94 153 89 199 58 239 113 119 46 74 55 250 69 141 88 9 46 6 78 40 86 248 1 245 126 5 141 282 56 148 114 254 59 102
193 25 1610 142 268 89 20 50 39 84 195 77 3 121 116 129 252 45 236 33 88 55 92 76 239 15 180 148 140 64 99 117 4 23 268 32 188 62 88 11 32 97 32 113 189 123 299 148 203 68 278 91 51
194 25 1148 36 173 135 216 33 29 51 59 20 272 150 185 57 222 108 194 34 263 6 175 62 149 50 273 39 170 44 254 33 288 30 204 108 172 27 231 115 99 130 14 47 118 26 97 10 74 81 206 3 73
195 25 1578 45 44 80 282 42 70 29 48 84 157 100 120 102 195 117 201 88 117 72 133 118 224 113 216 10 80 117 2 130 5 43 89 143 117 7 22 66 232 86 94 5 148 71 210 45 47 110 87 150 197
196 25 1242 1 57 130 173 114 183 7 6 33 165 67 1 101 192 92 38 111 134 91 274 12 299 49 225 62 160 6 57 27 273 122 113 77 235 12 141 146 101 87 183 1 51 11 209 20 15 43 70 131 103
197 25 1440 43 159 98 125 80 297 29 113 109 100 111 288 20 295 1 143 53 96 133 177 104 72 81 237 102 281 33 124 128 8 85 207 77 156 28 293 2 149 124 83 50 109 119 208 107 145 10 153 73 128
198 25 1477 96 197 76 170 117 243 86 285 39 243 6 92 148 66 71 293 124 22 106 97 35 231 127 23 67 59 1 131 63 88 6 92 123 91 116 287 54 255 81 2 60 288 147 189 43 192 1 151 54 264
199 25 1606 115 183 49 219 133 85 150 149 125 299 7 8 86 166 128 272 30 6 76 117 97 244 84 249 58 167 76 113 139 186 67 127 69 230 112 211 97 233 95 280 102 285 16 231 2 126 53 164 42 94
200 25 1691 60 37 33 176 115 197 106 161 83 293 36 187 112 103 65 283 106 175 144 45 142 169 77 41 128 107 111 96 145 17 85 90 76 212 139 84 54 5 65 249 12 240 147 99 51 54 15 84 7 124
201 25 1565 2 137 57 256 71 261 142 196 28 107 28 62 142 63 109 60 69 217 86 178 100 283 99 14 143 49 87 34 81 36 145 263 71 104 72 66 72 121 57 217 132 222 39 248 70 232 3 93 52 80
202 25 1743 135 21 85 93 145 295 51 73 41 175 35 81 121 73 89 294 14 73 131 39 13 143 97 247 106 31 121 65 137 136 66 16 145 222 99 264 44 47 37 87 60 261 8 200 107 58 147 81 145 196
203 25 1425 36 106 67 280 14 92 58 213 146 34 124 209 2 13 49 251 62 60 42 193 125 273 19 113 100 58 123 281 139 66 70 256 24 172 33 83 65 218 90 156 61 183 105 128 11 277 116 12 101 203
204 25 1587 51 272 22 201 99 66 49 174 24 93 77 21 134 153 122 233 70 261 126 255 108 9 72 131 106 28 104 158 116 261 15 259 116 202 11 42 134 271 77 166 84 277 30 198 89 120 51 104 97 32
205 25 1571 127 169 122 246 115 290 11 6 123 54 116 143 34 271 49 38 91 44 1 55 124 251 25 232 113 266 12 131 110 104 52 229 145 296 105 163 20 137 109 130 50 91 100 223 131 232 77 236 2 96
206 25 1815 83 270 88 245 147 97 47 188 117 134 122 67 97 115 62 51 76 125 86 154 84 125 135 16 6 211 145 194 127 105 149 93 80 19 51 254 102 129 92 74 47 52 115 217 14 295 65 222 132 191
207 25 1400 139 86 57 89 63 106 69 291 61 31 122 20 86 62 98 83 5 146 149 64 1 182 19 296 52 132 138 74 62 121 135 112 51 69 39 260 54 136 120 47 15 38 100 198 67 152 27 26 22 77
208 25 1327 100 137 72 184 70 175 2 25 98 203 52 163 57 34 6 29 78 139 104 104 50 107 73 13 143 54 34 27 144 79 83 269 69 8 29 3 68 249 61 248 20 260 77 78 102 81 54 66 13 12
209 25 1619 135 225 69 230 108 72 81 131 5 224 90 290 71 186 43 46 103 101 35 65 81 61 82 297 138 236 41 202 117 228 79 286 104 223 102 32 59 203 40 235 93 97 89 148 118 39 77 266 64 169
210 25 1558 76 87 94 282 104 147 114 156 25 16 30 177 147 186 49 151 93 251 98 57 79 32 16 222 122 109 59 198 55 194 66 143 134 99 94 73 75 7 20 235 37 44 102 14 138 33 6 53 115 253
211 25 1465 5 38 77 231 136 19 4 57 117 160 30 256 111 168 38 244 98 57 4 87 93 23 44 292 137 290 14 67 130 292 39 21 101 275 114 58 111 159 60 119 43 40 90 290 118 74 104 141 14 294
212 25 1393 39 221 59 46 74 261 52 33 74 199 20 198 44 89 135 209 89 56 145 15 123 51 78 142 52 33 99 38 34 233 87 172 47 124 12 75 12 184 106 53 141 154 56 34 125 58 19 113 20 298
213 25 1535 60 104 75 279 30 79 75 265 8 38 26 275 75 210 61 230 137 253 113 63 129 250 35 26 147 198 62 249 13 18 83 168 111 260 118 208 101 275 125 72 87 30 54 261 88 158 33 172 73 201
214 25 1500 124 58 6 200 34 253 40 36 17 214 66 203 83 280 135 232 146 190 68 11 86 24 53 268 118 79 11 72 123 215 89 200 105 246 91 203 23 61 122 280 139 279 26 93 31 180 56 229 83 142
215 25 1329 33 72 81 236 64 262 62 294 8 64 109 105 100 49 44 162 20 260 47 100 134 164 26 54 21 281 62 200 65 170 4 25 145 81 33 184 54 150 54 260 150 232 96 169 114 300 97 169 39 189
216 25 1630 104 240 121 273 96 139 93 97 86 145 8 241 115 109 101 199 142 268 116 245 139 201 35 4 25 211 21 15 16 16 88 171 54 250 52 149 82 24 93 136 62 126 116 222 134 203 126 212 13 98
217 25 1588 95 218 81 7 34 222 87 72 35 119 128 105 114 218 54 22 80 88 126 268 95 62 47 261 110 214 107 273 33 107 47 260 115 163 132 120 92 31 29 168 38 242 33 223 47 292 141 99 86 163
218 25 1776 126 268 98 57 104 142 119 207 89 24 104 280 112 245 92 147 99 180 32 16 84 167 95 157 41 289 110 238 100 262 27 96 148 64 86 109 97 110 108 236 146 159 37 80 103 108 53 32 11 197
219 25 1780 38 83 121 104 148 58 133 256 123 201 111 264 117 286 128 179 121 91 59 50 102 249 37 239 1 153 36 123 20 266 125 287 41 156 140 139 88 2 29 143 146 284 120 82 81 258 45 16 116 21
220 25 1678 148 92 116 193 17 130 79 254 132 265 10 184 130 219 34 143 67 244 38 12 109 231 84 2 119 81 120 216 78 196 104 175 63 32 76 197 53 164 101 262 97 154 103 247 129 8 4 81 87 109
221 25 1499 148 190 130 121 104 51 52 247 57 75 58 184 2 292 106 161 149 155 24 158 20 178 23 275 74 264 79 152 82 298 9 199 114 163 48 118 142 192 139 64 71 201 66 250 105 150 22 65 50 31
222 25 1509 150 68 106 220 5 294 47 46 12 39 85 226 10 217 105 37 72 79 98 134 30 281 138 119 32 213 16 78 96 164 68 230 39 202 120 191 101 187 115 174 111 172 145 273 63 149 11 143 112 146
223 25 1637 137 277 127 208 107 18 134 251 63 195 145 276 91 41 73 288 16 254 57 200 22 94 64 81 77 77 98 255 121 51 67 229 5 49 140 224 35 129 51 30 126 250 51 137 134 45 36 203 70 32
224 25 1482 106 254 132 38 17 124 8 64 11 126 138 54 97 178 22 162 22 163 25 251 57 211 10 15 142 60 68 132 95 98 125 62 49 42 69 139 126 46 114 122 85 266 38 172 57 75 121 31 119 139
225 25 1767 28 49 150 207 145 238 96 145 135 232 68 287 69 201 128 93 68 102 143 229 28 210 15 90 120 60 28 10 19 26 75 149 145 293 15 35 136 88 11 273 127 201 123 40 144 75 69 98 124 280
226 25 1492 82 245 3 32 146 45 30 45 86 195 22 98 32 161 133 222 120 288 67 160 39 265 146 158 38 34 47 120 46 60 124 289 50 50 41 200 138 253 119 104 5 7 20 159 115 199 93 228 123 31
227 25 1322 74 158 67 109 35 117 134 274 80 30 52 189 146 39 103 219 25 249 1 242 27 289 116 154 65 68 24 104 1 128 118 163 55 11 73 69 11 107 15 102 120 110 85 172 44 3 36 181 146 175
228 25 1512 83 279 85 295 115 71 73 278 123 221 136 48 52 64 22 293 57 78 57 219 85 201 19 5 74 192 150 117 17 114 84 285 99 155 130 158 2 6 47 29 4 26 114 201 141 247 8 249 114 191
229 25 1470 71 77 149 162 110 34 27 50 114 94 127 294 17 287 108 109 119 181 40 201 114 239 30 45 96 273 62 238 24 3 104 196 79 197 61 272 24 112 90 255 6 214 22 229 89 63 100 277 55 6
230 25 1042 10 63 134 14 90 239 11 25 9 219 78 98 18 99 44 219 4 8 28 91 14 7 5 215 14 271 11 269 103 224 5 278 39 31 64 288 59 151 88 190 140 249 78 244 49 174 69 227 139 100
231 25 1324 144 293 64 148 103 75 71 135 16 300 63 157 2 269 31 262 130 184 146 86 45 178 82 235 57 254 39 111 25 229 6 145 64 209 113 283 79 38 27 173 45 71 65 157 6 156 102 203 131 193
232 25 1293 124 153 121 187 150 284 126 222 14 247 143 146 19 123 20 138 101 18 69 114 39 171 4 47 22 56 25 9 109 155 97 175 23 151 47 52 87 180 1 244 106 186 86 55 43 237 34 4 7 82
233 25 1627 17 300 144 30 64 79 38 278 124 219 44 9 22 199 70 128 65 61 98 232 71 24 137 230 89 126 146 87 71 245 124 143 129 98 97 176 131 118 86 257 122 270 18 86 88 260 24 194 15 222
234 25 1416 52 152 145 94 105 284 100 94 18 113 70 191 67 152 113 239 92 81 43 109 133 123 3 18 141 110 4 55 49 66 8 208 43 240 73 28 58 274 130 215 113 151 32 127 12 290 59 274 108 66
235 25 1398 26 60 111 121 83 62 46 47 72 59 104 71 35 252 104 275 125 52 89 234 130 20 68 12 38 164 1 161 31 9 72 124 95 80 34 184 73 85 117 108 20 298 103 150 86 281 72 107 13 138
236 25 1323 133 124 41 134 29 244 25 105 111 290 73 271 84 57 83 182 119 223 99 203 47 121 49 190 75 35 145 269 93 43 20 48 19 105 141 27 30 290 42 2 7 243 7 294 47 111 1 42 134 90
237 25 1713 65 196 82 228 148 138 122 152 124 142 147 247 118 133 64 179 4 116 38 172 73 263 62 228 26 52 41 200 127 46 61 233 43 220 132 254 72 152 116 151 148 100 38 78 53 237 102 218 136 165
238 25 1707 28 134 58 138 20 196 142 233 128 255 40 23 110 227 92 28 78 261 133 128 12 218 138 175 141 288 108 72 10 99 16 236 124 77 138 135 127 102 28 237 89 252 115 109 89 130 139 271 31 230
239 25 1564 37 56 71 279 4 33 90 39 30 253 85 123 56 280 145 175 33 135 41 71 145 61 80 162 83 239 121 15 102 286 10 193 50 129 77 244 33 191 115 239 42 3 108 77 149 24 104 220 144 51
240 25 1274 56 170 56 249 119 283 115 291 72 131 24 182 5 296 4 24 101 12 22 6 81 221 56 11 58 113 96 239 81 143 114 242 51 205 111 169 26 123 130 127 74 28 27 93 11 110 89 258 14 181
241 25 1568 131 8 134 263 65 11 58 206 93 30 114 300 108 295 41 277 25 1 146 92 119 47 41 115 19 59 18 44 20 73 95 93 59 152 51 106 75 230 137 26 46 254 139 47 115 178 89 22 23 148
242 25 1640 80 178 122 268 142 213 57 94 103 300 18 160 8 66 77 43 109 129 23 186 90 51 144 21 124 298 58 68 69 82 93 49 93 150 108 124 7 21 39 72 117 21 92 46 127 2 31 12 119 216
243 25 1491 106 87 106 50 128 42 90 120 39 104 31 132 7 149 120 120 92 214 131 268 3 167 38 27 92 72 130 210 104 43 54 232 71 292 45 163 83 132 140 151 12 125 53 12 14 37 25 145 150 136
244 25 1536 13 119 142 261 87 238 78 170 109 135 126 161 91 258 16 277 2 125 111 245 105 79 100 140 74 33 54 48 147 253 52 279 75 281 19 187 63 207 117 194 65 163 117 133 10 130 18 220 129 44
245 25 1332 57 168 70 164 83 233 97 162 115 155 71 92 3 248 35 107 142 287 47 63 89 183 93 288 21 83 129 207 102 60 42 180 110 94 21 292 75 197 5 182 32 45 45 137 112 43 65 92 5 280
246 25 1820 107 103 129 297 95 155 32 234 106 187 97 278 126 221 34 259 141 156 144 37 142 97 59 42 117 135 95 43 14 98 113 39 150 298 75 90 111 289 48 154 96 182 53 20 59 269 1 138 132 255
247 25 1521 150 17 148 172 13 95 119 61 71 230 80 207 112 218 105 9 15 13 78 288 85 184 16 72 5 101 75 21 128 147 144 251 39 37 67 214 67 190 25 253 142 152 38 45 11 32 87 236 82 118
248 25 1380 19 275 73 84 150 242 137 221 15 67 52 98 51 296 73 13 64 87 56 253 78 118 127 96 138 102 84 35 81 253 72 299 88 280 20 245 19 129 29 72 34 278 37 178 120 123 71 85 38 154
249 25 1444 67 75 64 73 148 157 76 176 31 119 50 30 47 237 34 194 34 283 102 284 62 87 3 216 85 159 2 53 85 90 37 91 146 120 145 99 52 86 36 242 77 157 147 14 129 24 35 87 112 145
250 25 1342 102 46 143 186 83 1 5 220 15 206 144 166 73 217 76 139 28 298 144 40 13 296 39 88 43 142 13 90 17 274 104 263 90 89 70 294 93 92 141 155 13 74 70 223 77 220 32 249 50 101
251 25 1436 88 182 46 180 46 216 135 161 9 56 14 13 47 193 129 64 133 35 150 88 150 267 40 159 1 278 91 251 1 215 110 41 11 162 130 281 51 201 103 294 126 100 72 197 82 168 23 175 7 86
252 25 1461 98 289 122 284 93 146 88 12 67 216 54 63 81 10 89 226 68 211 35 51 20 200 106 93 50 295 26 183 34 158 18 152 51 83 144 200 104 261 80 25 100 59 105 94 85 143 75 92 34 60
253 25 1602 106 48 14 200 119 200 56 218 72 59 35 153 78 222 37 120 109 7 106 2 123 50 12 20 70 159 50 113 134 76 122 177 75 72 89 227 143 100 135 239 99 250 14 216 51 173 53 216 101 9
254 25 1606 106 227 111 28 60 34 21 216 131 111 82 273 120 277 76 220 123 94 83 295 109 10 37 101 24 154 75 5 123 267 113 273 68 146 12 263 7 165 123 119 26 7 41 43 55 225 143 12 139 1
255 25 1444 142 17 37 139 105 16 25 16 91 94 59 286 87 212 31 182 77 24 149 144 74 3 98 194 84 252 63 195 86 164 144 251 54 109 41 75 61 189 106 221 68 131 4 178 61 157 5 254 53 237
256 25 1423 9 172 6 121 144 129 88 111 133 278 15 233 101 50 84 173 110 246 117 22 65 46 125 240 10 136 105 20 68 268 37 134 108 102 20 99 1 134 38 146 104 240 91 175 70 278 98 233 32 25
257 25 1318 149 82 15 145 90 172 84 291 36 7 123 109 94 60 81 17 34 242 42 212 51 213 134 257 120 101 39 85 27 144 48 144 15 62 65 157 80 225 64 214 17 157 48 93 49 192 104 243 39 65
258 25 1604 31 265 61 98 142 56 15 112 135 189 122 262 56 135 40 76 79 75 64 275 122 38 119 238 46 73 19 291 64 102 141 51 93 100 52 130 147 144 148 16 36 13 104 142 7 293 104 252 58 51
259 25 1337 83 85 127 240 85 275 66 185 35 223 8 107 75 164 61 91 42 294 58 109 136 68 96 125 33 100 23 166 60 282 20 198 11 197 71 262 98 14 53 200 126 57 148 40 6 232 63 89 88 289
260 25 1691 88 169 96 276 126 63 94 86 39 42 63 141 144 16 69 128 101 266 88 209 105 213 43 145 141 206 61 185 144 42 31 51 23 212 78 84 31 60 14 73 134 294 93 105 128 103 55 161 125 245
261 25 1805 25 96 35 196 125 76 69 81 142 262 94 117 105 213 5 227 28 19 137 14 103 41 133 136 71 106 53 41 73 147 141 234 92 263 126 178 95 222 55 98 138 90 103 20 137 227 84 88 88 58
262 25 1388 70 110 63 161 28 67 26 143 128 104 8 151 51 232 6 238 141 250 62 218 22 138 140 138 36 90 31 159 46 187 132 87 114 82 144 155 122 181 109 299 148 72 21 91 36 246 43 30 8 246
263 25 1323 23 254 102 299 137 55 142 20 9 94 23 171 106 252 116 198 6 239 15 160 31 169 124 248 49 221 75 74 45 181 118 29 42 230 64 151 86 10 13 244 119 239 3 171 113 245 19 85 74 257
264 25 1505 118 248 127 4 108 98 90 300 41 13 150 239 40 77 40 94 74 279 66 38 84 262 33 140 80 151 10 83 66 25 117 194 68 248 145 291 43 52 58 261 111 276 9 53 20 257 91 188 93 109
265 25 1456 40 93 150 65 92 254 90 24 27 121 9 16 26 105 111 122 123 280 99 133 47 26 77 83 93 159 34 33 108 284 23 114 52 187 48 296 89 237 105 6 82 268 56 3 86 280 130 232 23 214
266 25 1430 63 130 84 210 122 54 54 266 107 293 71 94 34 186 78 294 17 279 55 298 110 296 16 108 120 198 62 48 59 93 108 286 8 73 6 139 10 16 113 117 125 47 85 131 55 67 135 49 91 191
267 25 1299 53 125 111 41 117 151 148 176 3 245 87 263 107 53 56 45 45 263 149 86 3 46 33 173 18 37 144 219 100 222 44 176 27 153 2 271 94 27 60 134 21 56 73 124 32 284 81 77 16 19
268 25 1528 4 208 13 189 65 59 142 147 132 186 130 94 82 144 5 137 125 124 68 28 141 236 73 171 9 197 33 230 91 147 88 284 32 12 78 9 40 292 39 102 148 42 100 132 145 273 123 247 4 164
269 25 1351 97 261 121 174 147 77 139 99 77 77 18 214 3 67 54 41 64 199 72 296 35 280 88 153 22 296 35 276 86 48 16 212 26 167 65 100 20 70 11 147 132 213 128 41 10 165 115 259 108 143
270 25 1551 98 221 125 254 42 84 14 105 101 141 147 45 9 287 94 95 86 22 84 211 19 299 42 65 82 180 48 297 65 218 93 261 140 152 46 275 89 160 116 249 120 139 10 57 32 8 143 93 94 236
271 25 1338 1 253 33 287 1 43 61 13 123 36 107 175 73 99 103 9 72 133 120 108 19 71 4 159 120 232 42 229 86 250 65 204 88 206 83 90 45 258 22 162 119 203 26 205 113 47 86 269 61 143
272 25 1462 115 56 109 184 28 265 83 122 107 110 150 206 86 51 38 125 49 198 29 294 133 109 95 68 65 14 74 188 4 51 55 102 46 27 72 43 52 230 20 28 147 243 106 189 56 37 104 116 5 192
273 25 1514 1 84 77 82 84 103 54 275 48 213 58 216 62 12 114 161 10 189 130 19 131 288 111 144 131 94 80 284 66 276 112 248 108 94 144 141 65 254 1 34 105 175 101 187 48 298 7 150 45 106
274 25 1765 126 300 78 53 7 5 60 2 30 137 105 234 114 292 28 294 115 207 18 220 102 246 31 136 139 152 149 86 59 104 144 293 129 254 123 289 53 88 102 196 42 292 51 284 150 20 109 154 143 21
275 25 1567 116 109 147 91 57 130 91 231 135 95 97 171 144 234 130 41 93 225 32 105 37 291 25 13 66 195 105 100 29 291 35 8 36 29 48 291 5 90 96 154 101 77 42 206 80 205 117 61 95 187
276 25 1661 97 160 5 231 92 290 119 64 111 30 101 136 133 150 141 17 128 172 18 163 69 30 101 202 56 191 16 246 131 63 109 274 96 7 32 278 23 252 113 287 136 111 33 279 58 173 137 112 22 18
277 25 1226 46 76 20 15 67 284 23 55 116 147 14 278 23 289 106 94 84 111 29 1 36 228 62 272 53 133 27 58 41 35 95 93 24 254 150 133 106 51 20 85 51 125 74 213 107 72 53 134 106 52
278 25 1961 67 192 71 7 30 229 50 257 77 49 136 236 63 62 17 180 77 237 147 142 105 50 147 147 56 149 119 15 88 270 134 249 109 213 123 11 132 263 94 268 145 252 105 130 127 246 134 43 99 211
279 25 1583 1 23 28 156 91 69 15 89 139 164 78 160 115 9 68 28 55 140 80 113 46 188 31 107 107 278 63 49 63 179 30 103 96 55 105 217 147 78 52 4 150 169 149 39 123 24 34 160 113 142
280 25 1603 131 30 105 113 86 61 55 160 84 237 127 299 134 142 25 60 131 243 72 296 2 89 64 204 63 136 111 297 43 35 83 144 122 17 127 227 49 9 89 196 74 65 90 73 63 192 20 152 54 99
281 25 1508 38 248 74 297 20 52 76 217 90 80 29 214 67 218 30 288 146 177 129 126 22 150 59 93 72 68 144 89 99 268 92 114 39 65 73 68 130 139 136 208 23 275 125 14 73 52 25 70 75 270
282 25 1476 14 248 68 118 126 186 6 99 81 226 129 255 36 70 109 110 127 181 51 149 48 14 83 36 145 125 89 224 12 68 31 55 120 126 44 287 51 240 4 88 102 96 123 106 102 294 69 277 76 228
283 25 1256 73 298 54 110 119 193 76 102 2 43 20 181 70 79 73 210 136 227 88 41 99 129 85 273 36 138 41 6 86 269 19 238 77 248 107 274 25 223 9 67 74 40 53 230 76 91 62 226 11 86
284 25 1403 11 162 127 131 78 213 74 35 100 60 47 81 41 118 124 91 41 100 142 281 43 295 75 140 98 298 110 9 77 92 45 163 37 175 39 123 2 37 142 192 94 204 17 5 147 275 29 222 14 218
285 25 1563 121 286 119 38 9 58 35 223 138 200 107 18 22 210 105 55 27 133 74 249 43 153 122 9 51 20 76 219 28 249 73 259 120 69 50 68 109 15 98 219 69 22 74 210 94 278 74 10 116 112
286 25 1585 141 130 56 84 128 281 72 106 24 15 118 175 4 179 135 59 144 223 13 67 135 141 40 47 145 4 88 156 127 180 63 121 95 133 79 249 19 243 10 236 57 2 81 142 100 298 82 30 26 20
287 25 1644 102 61 147 34 148 127 21 169 65 136 69 118 64 59 103 62 82 284 34 237 149 27 71 7 63 48 20 200 15 114 116 63 46 195 142 99 84 193 74 289 41 265 145 267 45 299 141 81 68 70
288 25 1344 130 285 114 209 108 225 26 244 32 282 23 77 8 236 24 144 24 211 81 109 79 169 120 241 86 109 11 71 78 128 60 58 91 261 13 191 113 168 63 247 25 159 128 83 112 126 131 161 1 9
289 25 1203 66 226 92 146 87 289 22 236 135 41 15 228 93 123 92 239 56 150 8 255 78 281 87 166 39 16 6 36 66 105 109 232 60 176 16 183 98 290 62 261 54 176 79 4 12 197 9 38 63 122
290 25 1400 74 84 39 134 89 163 61 283 118 297 20 206 50 16 148 168 99 95 3 279 123 252 22 292 51 189 81 33 56 213 105 235 40 128 12 200 70 58 3 78 35 183 96 106 125 135 89 94 142 204
291 25 1564 67 31 30 111 50 232 128 14 20 148 131 179 147 45 56 100 40 125 52 259 115 103 12 225 86 11 148 73 112 256 55 156 25 2 129 214 101 195 85 82 24 120 101 256 58 194 149 213 34 281
292 25 1809 105 135 56 152 139 260 117 132 83 161 20 184 28 244 149 283 30 169 135 49 4 177 147 24 99 137 145 9 19 139 140 5 74 288 63 79 129 95 84 209 150 191 63 102 36 239 109 188 138 242
293 25 1253 35 248 113 140 128 77 11 68 24 154 7 270 59 132 75 131 38 63 8 136 106 266 50 139 51 125 111 89 10 251 40 200 73 49 40 78 93 220 110 101 72 241 128 101 57 138 33 246 95 120
294 25 1583 118 291 34 234 18 214 73 34 123 240 100 166 88 174 26 259 101 202 134 62 54 78 139 264 61 300 131 223 47 85 43 91 102 131 10 192 81 243 33 88 111 210 136 43 52 163 14 237 150 27
295 25 1288 80 120 95 153 126 199 38 94 90 156 33 220 58 83 149 93 79 298 42 91 67 109 68 226 60 193 11 74 65 142 81 60 115 140 64 216 29 250 1 284 69 95 84 89 6 161 17 27 84 165
296 25 1697 84 183 70 27 40 151 55 246 80 219 121 233 145 140 100 136 22 141 95 182 5 182 125 78 133 186 71 134 46 20 86 64 49 254 99 13 73 104 104 36 149 150 120 119 30 159 138 299 82 212
297 25 1300 83 174 35 75 76 35 50 22 57 59 11 242 58 153 130 18 91 243 73 101 104 284 36 6 75 286 72 269 118 257 22 117 124 42 39 14 57 69 138 71 44 61 96 68 11 108 7 138 18 136
298 25 1629 126 280 61 185 51 208 86 84 127 133 28 4 79 195 127 229 61 12 97 44 26 46 7 117 138 65 150 149 76 113 68 84 5 233 89 32 103 44 141 121 20 175 98 186 130 57 78 258 65 63
299 25 1660 21 15 69 24 138 202 54 123 149 144 29 222 82 223 86 105 50 144 64 161 55 132 89 8 84 71 58 135 144 168 110 289 108 165 15 208 47 106 107 87 150 145 48 91 142 211 74 75 102 60
300 25 1514 68 94 27 93 81 172 42 193 144 167 94 5 119 163 150 55 29 243 66 90 71 258 40 83 92 204 25 284 58 230 146 110 137 156 42 61 139 29 1 30 97 18 32 95 16 51 147 177 30 164
