1 15 775 22 1 26 136 122 12 90 251 17 78 33 89 88 36 91 73 10 171 129 137 41 271 143 185 147 170 5 27 5 233
2 15 750 78 198 71 220 30 146 92 27 61 163 14 240 106 152 45 207 5 197 141 156 50 39 5 256 101 51 86 165 53 57
3 15 1140 147 192 119 50 141 18 125 249 11 106 44 197 112 49 132 159 36 59 102 103 45 257 83 283 95 287 144 64 89 259
4 15 913 125 60 33 286 65 178 11 104 11 81 98 191 107 211 38 26 145 144 91 223 69 235 113 208 46 213 122 14 68 223
5 15 879 21 163 104 234 70 261 109 162 50 60 93 105 136 95 27 231 17 99 21 142 86 92 103 246 111 31 143 200 8 97
6 15 1062 57 239 33 30 97 118 40 280 76 94 140 278 78 132 101 192 142 290 32 61 87 241 116 233 110 21 126 69 93 146
7 15 839 117 232 21 266 116 272 15 260 96 123 83 56 39 124 25 189 25 227 41 115 133 238 120 182 10 30 72 57 136 168
8 15 903 96 208 72 262 60 231 20 220 116 176 10 115 143 80 19 192 69 80 120 85 66 203 7 267 97 159 138 70 96 194
9 15 904 49 17 99 52 87 173 122 198 37 103 18 180 76 259 147 226 97 256 88 93 105 248 71 113 65 103 43 255 26 174
10 15 992 30 297 106 80 78 120 76 291 147 138 149 56 137 263 83 127 28 70 34 90 70 67 66 284 33 233 62 74 142 23
11 15 972 48 199 138 258 25 24 46 116 106 30 28 213 77 85 124 114 95 162 127 138 139 107 2 21 121 31 84 100 55 160
12 15 1052 68 190 24 89 80 61 148 87 68 237 13 37 118 50 74 241 124 22 72 16 122 247 61 141 68 258 127 36 149 214
13 15 780 122 185 67 77 36 110 45 122 37 279 134 284 101 150 47 52 10 68 58 45 18 153 121 261 49 150 64 237 66 211
14 15 808 58 216 14 83 18 133 149 90 86 33 40 182 61 71 132 114 141 116 145 187 70 150 7 198 2 279 37 81 50 105
15 15 902 137 89 39 298 51 95 15 2 142 171 97 96 140 51 22 85 87 276 128 17 44 245 14 18 6 76 147 94 59 180
16 15 1076 42 58 112 241 135 300 49 2 119 129 135 114 39 63 95 30 145 107 99 2 50 129 117 95 49 295 129 1 31 279
17 15 1020 74 22 23 160 106 235 126 167 53 20 145 181 18 232 84 46 95 269 132 142 58 84 126 142 76 67 49 230 110 58
18 15 1212 97 260 146 178 133 53 89 135 23 266 98 272 71 91 144 113 150 179 96 145 99 25 101 230 89 50 144 57 35 75
19 15 897 26 149 145 142 23 126 25 132 18 152 90 88 32 116 137 129 64 231 18 245 55 234 139 210 95 269 120 51 135 16
20 15 1026 119 125 62 30 57 209 66 270 109 118 23 221 124 161 132 49 144 35 136 240 1 226 120 125 130 280 12 275 48 72
21 15 811 9 124 141 281 126 179 6 60 51 246 48 207 130 4 129 1 57 70 45 89 25 234 30 271 119 51 30 197 68 235
22 15 796 25 119 36 124 14 124 45 18 119 123 63 287 29 170 3 240 147 84 114 43 21 129 41 188 131 238 137 154 70 226
23 15 853 111 108 82 291 53 184 5 138 130 95 130 173 6 40 85 280 61 257 131 207 70 268 93 61 28 136 3 215 79 189
24 15 884 102 136 14 186 79 124 41 278 80 36 116 73 5 218 16 158 29 234 86 13 147 170 77 273 144 43 94 44 76 110
25 15 952 140 95 12 178 27 39 113 107 43 65 79 41 6 261 71 255 100 278 123 137 111 250 137 43 118 209 76 79 35 96
26 15 711 46 155 133 272 6 159 137 109 35 20 114 171 142 244 108 71 40 131 20 200 56 272 35 168 9 115 1 142 7 263
27 15 848 55 152 70 182 65 56 116 151 41 6 24 198 132 255 10 75 18 252 146 79 63 261 123 285 86 270 92 37 19 140
28 15 1021 81 146 50 18 101 93 25 84 86 299 104 71 24 262 112 297 99 285 90 24 98 159 104 47 65 149 111 22 127 78
29 15 683 138 244 133 112 44 291 35 290 80 270 90 139 13 104 98 207 12 203 9 192 1 97 65 166 4 77 78 227 54 6
30 15 1067 3 246 104 171 107 192 146 2 98 291 38 36 41 183 14 226 149 25 56 172 149 113 141 195 75 3 78 30 135 87
31 15 1064 69 278 12 10 93 146 142 85 111 261 108 147 115 8 62 217 89 90 62 173 134 231 21 159 48 214 147 40 117 34
32 15 887 94 116 95 280 102 223 21 141 132 273 79 37 75 98 116 39 123 293 81 148 21 122 90 11 15 225 47 238 18 258
33 15 960 59 160 48 278 125 226 103 166 64 280 45 51 145 120 56 61 150 5 58 252 68 99 72 169 82 291 81 166 44 42
34 15 973 81 261 119 73 149 41 46 135 130 292 18 251 13 140 97 101 13 246 77 273 59 280 24 300 125 235 119 265 147 136
35 15 728 56 27 130 229 19 134 59 5 120 66 6 283 115 262 25 77 24 280 69 7 81 150 101 227 3 118 44 191 58 216
36 15 994 53 120 32 257 2 230 148 124 69 270 149 174 71 54 118 215 139 43 137 50 99 251 10 255 51 267 102 66 63 88
37 15 872 75 60 76 237 108 98 45 198 96 27 135 26 53 103 61 132 65 25 106 256 20 204 143 17 8 275 70 222 30 273
38 15 938 18 284 80 262 12 279 99 91 138 269 17 252 58 121 126 255 100 137 21 153 126 276 145 38 54 52 78 2 101 174
39 15 822 34 221 46 259 13 287 80 42 137 211 68 104 24 67 73 128 12 45 65 136 139 39 76 101 116 165 54 157 91 173
40 15 1014 81 209 48 212 94 285 149 117 140 33 129 138 110 82 76 146 73 153 55 237 12 293 18 204 97 55 111 241 75 167
41 15 869 58 108 71 192 72 291 45 127 90 226 29 7 105 101 142 185 18 298 59 252 22 82 129 68 17 35 109 33 121 194
42 15 867 56 298 66 203 78 169 114 182 5 1 24 178 6 167 119 248 99 209 52 97 87 179 150 230 1 115 139 226 88 234
43 15 814 8 121 2 191 24 212 138 76 118 187 135 162 33 74 95 276 88 147 4 194 98 56 137 37 27 227 65 14 46 165
44 15 1053 101 29 77 30 147 119 26 27 126 82 118 75 40 60 114 219 106 243 113 187 28 54 39 112 73 291 59 298 150 140
45 15 1004 132 178 84 67 17 46 29 12 103 269 78 16 53 218 136 104 82 206 71 216 128 144 72 155 13 59 114 181 143 219
46 15 979 8 232 132 95 60 24 77 162 120 3 69 111 90 110 100 104 125 128 19 77 149 170 109 139 27 239 107 26 32 74
47 15 666 102 16 28 160 37 192 19 118 78 247 55 172 6 164 1 135 97 78 88 92 37 240 10 227 107 167 49 203 119 294
48 15 904 25 276 138 44 54 140 32 63 42 221 147 7 57 201 87 285 57 111 69 56 67 24 30 139 96 283 124 66 106 90
49 15 854 79 189 97 223 56 72 16 77 83 222 3 182 99 17 74 74 58 69 132 198 106 148 26 225 28 272 71 284 140 253
50 15 1148 80 264 91 6 46 51 136 299 120 49 63 31 2 107 146 53 147 288 93 47 145 211 74 244 56 21 141 5 95 225
51 15 800 35 162 122 127 8 254 97 263 62 241 49 188 145 105 7 45 42 288 109 190 41 193 137 128 82 286 55 12 9 124
52 15 875 79 120 46 88 39 36 106 54 56 261 5 13 74 62 24 179 128 73 131 264 70 208 55 68 141 118 63 276 77 163
53 15 881 119 252 6 55 100 120 73 221 13 59 62 101 133 105 42 280 138 1 83 146 50 16 96 218 4 165 122 46 61 166
54 15 822 32 40 29 15 39 97 102 54 86 156 93 275 148 266 56 46 95 207 33 241 66 295 21 240 57 131 96 42 75 214
55 15 880 94 190 110 42 32 216 115 295 69 242 9 241 109 199 39 195 35 76 63 3 84 120 47 5 40 186 132 286 122 61
56 15 932 103 91 16 266 147 113 58 168 103 65 31 69 86 182 139 164 43 129 24 283 112 300 70 289 117 6 56 260 61 15
57 15 1020 113 114 88 248 2 115 109 14 71 10 18 122 75 175 137 224 72 135 112 64 53 153 141 103 94 54 68 112 122 272
58 15 1244 142 95 127 65 105 232 106 10 135 119 114 185 129 25 81 147 90 199 20 61 60 54 126 123 58 141 147 19 115 46
59 15 853 108 162 38 277 68 232 50 277 141 65 4 240 39 43 150 212 116 263 125 48 55 60 7 259 25 129 50 140 91 183
60 15 900 128 241 140 180 98 15 8 128 133 229 29 255 64 121 56 99 41 2 98 14 52 21 88 247 91 196 48 155 51 87
61 15 877 95 245 2 135 60 143 120 162 37 177 91 112 43 78 42 120 135 37 4 113 119 152 92 192 65 149 136 47 56 30
62 15 793 107 79 117 248 6 98 67 186 51 98 15 292 63 248 100 111 10 166 93 211 109 272 19 224 124 116 41 260 70 19
63 15 1099 127 2 42 170 136 151 77 30 140 223 48 14 14 298 66 63 96 34 135 173 41 16 93 48 87 209 146 59 126 168
64 15 1094 127 58 110 3 52 200 95 48 23 297 98 228 56 39 145 88 106 56 17 65 127 199 115 29 144 103 82 4 71 261
65 15 808 135 180 79 56 55 234 13 25 69 97 94 42 68 54 1 155 27 215 138 190 46 168 137 159 65 55 72 214 11 215
66 15 720 33 161 65 16 103 135 121 161 98 165 2 164 25 152 62 199 61 214 9 4 22 86 130 129 112 264 38 18 19 255
67 15 1042 52 50 105 240 59 267 121 295 81 23 144 195 98 203 30 10 130 243 45 64 149 66 98 176 54 229 122 91 15 77
68 15 1049 111 281 112 289 111 281 18 78 91 11 126 28 107 31 104 213 91 188 11 202 63 241 52 122 105 286 85 143 125 243
69 15 863 35 101 127 73 63 145 128 193 44 24 121 240 34 279 30 32 30 192 54 167 110 119 52 84 27 139 100 201 124 253
70 15 1040 67 201 101 129 88 173 39 1 140 295 134 99 127 245 85 231 5 170 130 109 19 165 125 3 69 107 87 115 85 226
71 15 1001 19 163 131 264 84 281 107 252 123 3 31 43 82 96 117 176 61 95 64 116 122 5 150 203 105 43 31 171 25 213
72 15 949 116 264 109 83 112 202 103 140 23 152 54 244 58 63 112 118 106 239 18 1 129 164 78 227 74 284 72 87 23 40
73 15 868 108 209 53 17 134 38 6 203 61 27 110 164 142 159 21 53 84 155 93 118 83 286 99 260 38 171 3 110 51 113
74 15 945 50 187 129 180 105 207 19 15 120 94 23 216 28 101 133 19 146 76 133 28 24 186 22 32 45 74 77 296 128 116
75 15 715 1 296 14 34 10 95 27 196 61 258 50 92 94 119 112 53 26 133 132 47 77 86 51 1 100 201 72 152 67 286
76 15 814 51 151 42 145 58 149 54 46 55 161 129 100 33 299 59 249 80 223 74 108 138 6 67 244 6 254 115 195 57 213
77 15 980 88 215 86 66 45 114 1 47 119 110 86 256 107 257 57 55 138 109 42 163 147 214 27 194 67 272 141 282 75 41
78 15 869 34 137 65 103 19 38 48 299 94 215 63 184 44 189 101 149 134 76 113 174 128 49 49 142 102 269 74 31 19 125
79 15 1018 134 299 149 90 79 7 38 108 35 104 37 139 36 156 116 254 46 197 72 109 136 258 91 65 115 239 65 21 124 93
80 15 838 31 47 73 43 66 290 65 65 112 210 123 141 71 74 28 93 88 267 11 180 1 131 96 92 98 164 134 121 51 216
81 15 993 136 192 36 97 139 295 64 87 81 12 46 194 114 83 1 27 38 248 148 222 117 48 65 17 27 293 114 207 116 114
82 15 700 72 128 124 258 40 119 111 193 98 113 40 172 129 49 53 284 60 70 13 234 5 280 53 267 5 37 19 37 54 104
83 15 954 44 297 121 70 67 299 137 72 81 218 107 193 3 23 100 33 7 288 25 55 79 70 132 177 100 256 43 299 147 69
84 15 740 115 195 39 246 64 53 34 109 37 113 20 134 2 171 84 143 40 126 73 195 91 35 85 155 141 83 5 268 95 174
85 15 888 3 81 73 223 59 127 104 99 136 198 116 195 58 166 28 185 111 55 22 134 102 152 139 271 47 205 54 139 59 287
86 15 885 69 179 30 163 54 264 117 68 71 133 134 161 139 178 104 4 82 66 24 143 87 164 51 55 44 37 12 46 89 101
87 15 676 54 228 19 250 47 70 76 30 50 131 33 47 46 136 122 255 103 252 34 255 73 248 19 30 62 130 8 235 100 189
88 15 792 64 186 6 203 21 275 136 45 54 219 13 246 142 238 97 245 140 21 65 44 42 265 5 114 15 37 89 70 102 56
89 15 1174 121 115 146 276 111 50 56 189 120 191 69 275 95 3 113 232 103 20 150 195 115 135 124 203 90 53 40 258 15 42
90 15 892 74 283 149 113 22 121 75 106 15 251 93 25 71 299 121 270 72 106 50 118 109 217 24 213 9 284 114 250 118 151
91 15 895 16 241 12 40 146 131 45 128 90 101 130 79 31 288 73 54 41 143 53 273 73 18 94 123 145 50 48 30 122 245
92 15 1076 93 32 120 90 120 4 114 167 150 19 130 40 45 263 14 133 40 64 96 300 137 285 10 18 16 248 132 27 128 153
93 15 844 139 293 13 21 135 96 115 112 113 35 7 199 84 287 123 56 40 8 39 268 94 200 30 168 43 162 79 191 1 216
94 15 762 74 103 134 18 115 106 50 124 59 246 36 207 21 194 7 117 141 102 16 70 38 209 101 259 51 175 57 260 53 173
95 15 870 147 241 8 223 76 291 145 250 106 123 81 60 77 95 21 17 42 70 43 223 2 292 91 238 143 231 64 90 42 216
96 15 962 128 250 99 266 24 114 84 285 101 175 22 87 25 153 136 85 96 23 21 136 6 231 142 262 98 232 145 257 76 136
97 15 843 83 179 55 6 81 232 147 32 147 283 89 202 12 198 60 73 115 65 123 289 71 56 37 118 5 83 23 21 6 86
98 15 1003 18 164 107 48 90 290 130 193 76 73 1 122 73 40 147 227 104 257 36 71 118 243 119 63 32 102 122 4 81 64
99 15 774 68 263 78 280 15 267 56 186 141 126 21 283 106 271 6 179 29 213 95 274 27 115 61 44 117 237 24 41 124 89
100 15 866 120 162 81 146 20 12 20 171 74 272 50 213 60 55 10 105 85 272 93 37 105 56 93 86 24 284 98 210 150 203
101 15 1162 122 182 87 228 72 267 15 109 104 217 140 138 122 170 89 251 63 24 95 134 54 171 133 191 117 123 118 184 122 170
102 15 692 19 272 32 154 123 273 62 239 20 271 82 211 37 156 85 130 3 152 52 216 143 158 4 133 134 236 18 221 51 235
103 15 1068 73 84 83 108 107 158 45 90 25 13 140 115 141 152 122 231 146 1 84 199 25 31 105 45 114 130 118 68 7 44
104 15 813 32 133 12 194 19 266 109 5 60 121 123 168 82 94 133 121 15 78 70 169 72 185 117 41 69 117 35 93 69 181
105 15 886 60 70 105 129 18 59 92 128 84 82 69 168 124 46 127 106 144 1 94 288 68 24 13 263 39 176 10 272 61 203
106 15 886 121 139 20 237 43 91 61 29 21 286 4 25 98 58 78 208 136 260 116 217 49 95 24 34 137 10 69 209 131 219
107 15 944 52 147 62 194 35 84 100 206 71 191 103 214 112 52 50 128 99 76 73 115 53 287 37 84 144 86 71 96 119 192
108 15 868 60 241 72 223 104 75 1 180 114 37 118 152 47 185 35 285 110 160 56 36 101 183 29 294 146 260 7 252 86 272
109 15 860 105 86 116 239 120 274 47 44 71 199 20 222 96 17 22 239 114 219 17 53 119 26 150 25 17 79 7 92 54 249
110 15 723 9 198 101 183 144 233 2 149 27 72 148 237 62 68 69 111 17 72 53 1 19 14 113 8 39 11 10 236 91 282
111 15 943 43 300 8 120 130 92 87 130 100 146 64 178 36 230 145 213 47 15 19 87 120 242 140 210 92 204 124 225 24 243
112 15 768 48 66 36 155 83 49 31 151 7 195 104 76 83 81 38 10 86 62 25 234 48 227 60 286 150 132 147 208 14 275
113 15 864 49 116 129 275 129 219 29 15 99 287 42 96 126 59 2 230 52 24 31 170 110 248 68 170 47 155 53 227 114 58
114 15 1152 56 184 51 53 117 122 136 271 105 292 44 246 114 218 67 214 148 28 140 71 79 241 90 61 126 202 50 276 118 191
115 15 988 17 44 102 33 70 243 43 290 120 18 107 262 79 245 88 264 146 209 144 191 16 137 102 65 129 23 24 268 49 26
116 15 1032 138 23 141 130 106 180 13 198 96 193 81 152 17 153 130 216 75 262 65 32 86 260 76 260 142 177 44 113 80 245
117 15 812 27 229 84 174 110 242 69 221 24 18 115 241 37 153 1 205 115 51 102 15 5 250 137 286 39 14 26 2 125 25
118 15 867 63 188 111 48 126 8 112 270 89 60 39 193 42 137 64 23 81 111 16 216 128 63 39 125 61 113 31 143 82 194
119 15 644 94 107 31 50 48 242 93 42 66 21 73 274 40 34 125 72 76 16 8 288 36 72 24 200 49 285 14 142 28 212
120 15 1003 136 64 21 182 127 89 57 272 125 285 91 88 23 258 23 241 70 90 135 180 100 32 123 248 107 271 107 99 9 69
121 15 1070 141 209 55 240 24 237 135 263 80 26 90 145 118 253 22 170 113 196 65 133 133 62 145 123 28 46 120 261 69 255
122 15 1002 90 142 101 225 146 24 67 128 29 171 21 67 142 123 82 118 92 279 44 210 45 212 147 266 42 262 65 262 140 3
123 15 1005 141 120 49 185 143 289 127 71 95 187 29 200 116 243 112 292 23 119 57 299 57 216 30 153 137 78 41 117 100 20
124 15 940 100 294 86 35 138 294 107 7 110 225 28 241 127 71 33 286 120 3 80 270 23 184 41 243 78 210 36 112 68 137
125 15 827 98 265 3 283 135 169 120 19 92 49 48 56 8 47 131 281 92 99 77 207 46 16 40 41 43 275 13 97 88 180
126 15 844 70 283 41 240 77 134 96 68 27 187 106 251 74 142 90 200 8 231 11 288 126 179 35 51 101 127 48 48 145 127
127 15 1091 150 160 62 10 40 70 15 85 118 232 33 227 69 174 150 91 52 235 140 245 56 148 89 82 135 6 132 242 123 121
128 15 1128 91 220 26 26 79 114 136 168 103 265 81 144 138 31 115 210 118 14 90 239 28 82 116 79 42 156 112 76 136 27
129 15 1112 134 122 107 108 106 24 53 38 123 164 149 90 12 103 103 222 8 207 127 18 130 31 92 31 81 77 45 263 120 140
130 15 968 98 246 67 201 16 191 12 190 146 68 39 38 12 143 37 272 94 247 99 208 54 255 143 139 124 213 121 121 148 16
131 15 980 108 264 135 199 99 220 25 127 35 244 76 190 92 165 7 38 143 1 29 40 131 220 121 88 4 274 128 88 93 114
132 15 800 60 186 2 150 66 183 56 225 66 218 28 189 142 246 40 172 147 209 38 300 56 160 69 15 139 37 76 55 15 149
133 15 827 9 242 118 247 18 258 68 50 97 230 93 294 60 218 42 142 102 185 126 118 141 70 35 45 57 98 60 146 8 167
134 15 1043 121 112 114 10 138 24 12 34 135 95 126 159 10 262 15 271 114 54 124 206 131 290 50 92 26 170 48 31 140 281
135 15 825 8 265 55 220 96 196 41 147 144 47 12 151 45 51 125 43 56 69 128 54 37 197 45 111 135 86 30 90 75 57
136 15 900 119 254 86 195 122 56 13 51 30 119 137 87 55 168 49 275 18 184 84 27 92 29 75 236 52 206 127 106 67 40
137 15 807 15 21 42 212 116 38 136 261 39 136 14 156 52 86 64 90 62 97 126 112 74 35 50 198 105 15 54 232 60 39
138 15 1062 116 270 139 271 21 20 26 185 129 42 84 152 54 187 18 170 138 258 98 110 114 240 77 109 134 26 147 286 33 16
139 15 954 11 33 15 166 142 34 44 108 61 282 98 77 124 71 12 240 142 226 87 165 107 66 81 166 117 15 58 290 94 110
140 15 903 95 117 142 191 57 171 27 80 66 142 115 196 133 102 17 40 83 190 114 246 87 280 2 26 96 135 81 27 14 89
141 15 720 31 45 65 169 126 196 150 227 79 207 27 253 13 63 11 57 53 65 72 258 22 255 24 276 20 48 128 53 79 77
142 15 695 18 245 33 54 64 82 13 242 57 123 36 116 38 191 138 24 45 236 107 167 147 174 40 250 22 205 18 243 93 27
143 15 946 108 235 150 114 69 168 10 127 31 78 33 175 122 260 136 143 91 56 117 94 118 232 97 24 86 187 14 130 1 20
144 15 770 71 51 19 241 91 134 134 21 130 63 5 128 91 191 26 264 93 229 16 175 78 158 142 207 2 21 32 104 33 249
145 15 891 11 108 98 245 36 179 86 173 109 282 35 193 29 279 136 160 129 56 80 71 13 245 144 208 112 251 33 11 63 173
146 15 857 53 175 20 63 140 113 70 300 40 252 41 296 14 24 110 289 129 230 83 183 68 184 64 82 121 117 19 139 100 278
147 15 829 58 104 97 269 123 195 104 203 32 210 82 31 51 212 38 79 148 63 70 29 50 144 21 120 20 113 88 227 55 236
148 15 925 140 93 130 205 55 119 146 292 87 152 20 23 129 291 68 189 18 73 42 2 27 256 127 79 103 276 21 141 44 30
149 15 836 112 16 142 30 20 29 79 296 98 197 6 54 49 107 13 103 61 275 119 94 147 278 58 5 72 122 53 218 17 25
150 15 914 1 52 16 87 83 118 45 50 92 231 101 143 70 178 144 89 103 71 52 36 47 86 150 35 89 267 32 236 118 31
151 15 969 110 136 41 111 29 172 132 162 81 254 64 254 92 166 67 104 45 71 54 78 108 116 143 98 114 123 33 154 99 200
152 15 997 137 10 85 281 148 55 75 132 65 53 114 295 135 76 73 166 27 292 7 124 37 20 112 79 49 253 37 157 146 153
153 15 934 119 262 58 298 78 245 26 296 16 161 32 211 61 219 69 39 61 297 149 264 63 189 123 133 66 46 105 183 142 61
154 15 871 142 295 147 156 22 18 3 51 29 292 31 160 133 98 80 231 87 94 101 229 71 104 123 15 7 206 72 186 41 165
155 15 900 21 139 88 5 138 207 59 193 22 85 4 2 48 11 120 231 104 264 121 229 143 25 22 96 87 170 137 190 11 240
156 15 867 81 43 147 195 26 152 60 8 119 253 3 241 87 96 42 101 43 146 109 268 118 89 13 280 74 175 144 41 18 45
157 15 932 115 12 145 131 100 206 131 30 34 149 5 200 16 102 95 167 93 173 94 240 36 220 142 240 39 179 114 147 6 8
158 15 877 122 16 46 138 53 106 60 120 46 197 108 9 69 155 15 211 120 16 17 172 138 157 9 61 148 159 89 285 57 204
159 15 939 119 76 13 197 138 95 30 294 103 186 65 4 131 260 109 12 36 136 79 143 18 293 129 205 60 201 15 243 129 16
160 15 988 117 241 55 74 110 52 11 71 89 95 82 228 129 186 21 166 111 290 100 34 49 176 98 114 16 48 139 64 109 186
161 15 926 18 166 37 274 97 80 30 147 7 214 129 141 126 129 135 26 92 44 126 268 146 212 44 123 80 54 78 68 13 289
162 15 1028 10 267 99 196 146 277 31 250 137 29 91 66 63 20 145 288 113 276 43 184 73 180 144 133 106 250 74 41 10 154
163 15 1010 89 250 149 298 19 97 49 29 144 134 123 261 126 72 73 260 33 253 72 205 79 166 114 8 114 142 46 14 33 137
164 15 1138 73 28 93 173 54 119 129 134 102 152 97 271 75 179 138 140 66 40 84 208 49 196 76 155 143 286 130 286 114 298
165 15 843 140 290 149 58 10 49 100 16 77 122 5 121 6 279 91 265 150 43 101 63 62 23 23 33 112 44 21 15 7 286
166 15 736 8 296 45 194 34 49 72 62 38 78 141 260 93 39 112 122 16 23 12 276 148 47 45 177 49 34 12 277 95 17
167 15 1052 13 69 150 55 91 268 10 126 134 203 70 289 36 243 82 150 141 207 115 216 124 87 138 276 7 290 77 149 127 99
168 15 864 134 117 40 110 122 43 116 123 54 152 41 6 98 29 58 228 54 258 85 290 74 49 112 144 15 135 74 4 3 199
169 15 990 148 155 36 120 82 256 142 83 92 240 98 95 41 288 74 36 52 48 133 279 82 205 23 271 83 189 106 26 46 249
170 15 804 73 127 147 112 80 81 121 285 53 272 17 230 8 130 46 166 4 47 106 231 60 147 124 222 149 33 9 209 8 3
171 15 935 13 100 116 186 94 273 104 48 90 251 7 291 4 7 97 157 48 174 110 205 36 61 145 44 55 269 114 162 136 84
172 15 628 87 89 128 12 49 121 41 50 28 143 56 33 35 259 143 79 51 213 1 282 2 154 42 236 82 37 11 165 29 80
173 15 800 79 61 105 271 120 282 23 25 104 293 58 253 146 145 95 251 24 293 31 48 44 116 123 124 5 99 17 216 27 82
174 15 834 67 118 28 69 149 116 80 217 38 271 61 202 141 73 77 174 36 280 8 141 99 14 85 268 4 160 57 121 113 214
175 15 926 80 125 123 207 71 288 17 14 22 237 22 136 56 227 135 127 94 66 71 178 127 230 40 119 108 46 116 232 76 82
176 15 916 26 239 94 154 49 219 127 241 145 199 5 56 12 160 84 177 30 62 56 44 131 205 17 52 142 150 124 298 103 37
177 15 963 107 52 16 89 136 124 11 186 17 159 112 223 133 118 89 83 27 230 128 231 149 42 117 186 5 101 78 168 79 16
178 15 626 146 54 50 71 49 100 80 285 17 114 4 25 22 153 58 88 110 45 22 212 68 275 11 148 16 187 74 45 56 178
179 15 1157 103 33 147 109 99 158 12 277 85 73 124 119 126 160 48 39 129 299 98 159 46 113 75 133 129 72 89 153 137 188
180 15 932 6 13 116 187 97 26 113 141 1 34 114 247 150 148 149 225 2 160 131 42 22 108 27 54 59 39 54 174 125 279
181 15 1035 138 147 102 75 149 291 86 244 35 173 73 227 24 159 90 217 120 102 21 196 137 130 124 265 143 241 40 148 12 91
182 15 782 31 173 126 14 79 182 134 112 134 191 132 43 29 220 27 236 10 154 41 254 11 5 9 56 101 227 55 112 59 148
183 15 889 93 151 58 158 41 294 44 67 60 289 56 75 124 282 75 262 20 139 144 98 63 59 110 265 78 137 54 65 92 216
184 15 895 28 100 66 206 24 135 59 86 134 155 115 132 47 70 138 19 3 76 144 233 39 131 146 173 7 269 43 49 126 194
185 15 810 75 186 83 202 65 76 150 76 116 144 52 243 30 72 36 206 12 42 59 57 56 156 22 8 96 53 117 170 44 126
186 15 756 75 147 137 32 26 254 36 71 83 68 20 179 84 33 31 101 68 127 100 41 11 295 132 140 55 177 50 211 37 98
187 15 736 38 189 53 223 131 63 106 288 120 239 101 50 61 163 13 220 12 215 75 107 69 235 8 300 18 133 20 28 96 252
188 15 869 81 288 106 293 9 218 142 5 95 235 103 292 86 28 97 276 57 168 28 250 91 234 104 51 25 31 54 56 9 211
189 15 1033 127 180 145 248 46 232 98 261 127 86 75 231 47 183 65 122 142 216 122 8 39 141 96 89 82 94 47 146 34 242
190 15 1013 127 297 49 256 80 15 110 37 98 169 125 167 4 93 34 62 139 20 90 6 5 173 150 96 62 139 124 51 70 278
191 15 938 87 115 28 103 10 202 42 135 14 132 133 36 94 47 52 5 113 278 47 49 93 79 94 149 138 152 143 82 85 284
192 15 874 147 122 124 51 128 42 53 251 34 138 59 136 76 261 107 159 81 284 74 96 45 132 15 240 15 61 86 80 49 210
193 15 840 25 180 57 243 141 167 1 9 90 12 89 207 149 34 110 197 44 296 86 150 71 47 107 294 49 221 23 84 9 200
194 15 764 86 180 75 7 21 17 81 269 83 114 57 213 81 26 123 194 27 236 53 285 18 110 14 50 103 23 26 278 108 58
195 15 594 25 184 22 64 71 135 47 300 113 160 26 21 10 280 123 86 8 25 87 171 36 129 8 97 121 300 40 110 6 37
196 15 864 73 11 88 102 88 1 36 230 72 36 148 21 10 80 16 178 32 222 24 261 75 89 115 284 117 261 118 121 69 182
197 15 891 63 288 119 35 22 206 63 9 86 173 59 21 99 190 104 155 43 195 142 107 93 90 73 233 75 75 15 257 58 14
198 15 900 129 262 22 186 58 244 7 217 101 47 14 12 119 29 27 77 142 81 72 108 28 283 147 92 27 232 125 80 107 64
199 15 985 121 268 126 174 110 28 123 35 34 131 61 127 134 285 49 116 134 21 31 227 72 150 22 81 96 68 69 136 50 269
200 15 860 6 230 86 127 143 12 99 263 9 161 78 138 36 244 7 232 137 271 32 163 119 200 137 156 34 226 13 125 140 209
201 15 812 98 125 12 23 114 291 9 254 76 262 70 270 86 165 92 253 76 190 26 105 84 130 87 60 25 2 61 131 99 264
202 15 866 3 117 73 250 148 58 78 150 121 114 32 135 79 33 75 89 12 209 101 49 41 192 21 271 74 38 87 210 138 106
203 15 832 101 81 65 227 86 13 69 55 1 206 21 47 31 150 86 31 95 151 109 229 49 249 145 201 28 228 148 38 6 191
204 15 868 82 132 26 214 149 74 125 243 15 190 36 70 145 137 39 189 61 199 25 53 121 66 5 135 134 219 82 104 41 144
205 15 946 4 116 24 97 121 180 42 40 98 36 1 134 116 264 82 84 150 5 84 11 25 87 78 113 132 19 135 172 91 275
206 15 933 91 111 55 25 10 213 29 133 100 26 131 75 120 149 108 134 142 73 112 154 78 279 2 105 69 207 115 204 5 256
207 15 733 84 298 57 103 26 260 6 14 9 31 1 268 74 54 97 4 135 64 24 155 76 59 91 66 84 47 66 21 87 72
208 15 977 146 290 105 238 52 292 46 209 125 45 3 105 78 109 96 68 26 245 126 288 101 15 128 3 5 282 43 54 142 132
209 15 758 15 102 18 228 69 164 30 105 7 143 16 81 12 69 147 89 74 41 47 186 147 259 65 173 147 12 111 286 43 112
210 15 967 5 52 90 81 135 23 117 83 62 59 92 246 42 290 27 125 2 253 84 145 74 184 135 111 133 106 132 144 79 40
211 15 1248 113 96 100 247 122 158 10 298 142 83 150 10 136 185 130 60 39 157 27 260 142 151 98 141 118 138 103 171 130 43
212 15 964 46 139 34 292 39 148 1 225 118 107 135 42 115 98 102 75 115 112 81 47 128 40 24 159 132 247 96 46 40 270
213 15 988 53 291 108 153 72 170 54 145 79 125 109 271 114 11 147 211 46 43 40 34 57 277 107 213 135 161 91 124 23 9
214 15 1063 70 247 119 169 76 93 100 269 127 144 36 168 135 61 61 179 59 291 106 230 131 155 15 253 118 31 38 250 138 207
215 15 810 50 227 13 18 71 281 145 235 89 234 31 280 35 267 54 219 86 299 57 59 127 58 21 245 104 242 128 41 2 83
216 15 882 76 189 133 64 79 173 21 129 41 11 150 148 107 280 140 231 60 196 12 29 65 31 35 15 37 210 104 184 43 191
217 15 767 18 174 106 172 4 36 47 293 52 253 120 28 70 11 71 225 119 80 54 215 150 241 22 58 32 160 34 36 60 245
218 15 856 1 23 123 288 96 199 49 275 119 101 1 70 41 92 129 16 57 71 61 239 111 66 86 239 142 46 3 143 52 60
219 15 598 9 80 4 198 106 277 20 42 35 230 4 290 147 194 21 133 45 136 122 207 9 153 107 245 42 2 62 159 15 256
220 15 764 66 227 35 261 58 299 132 141 15 196 139 123 64 278 93 192 50 151 34 119 90 199 26 216 68 2 18 139 67 264
221 15 965 7 43 65 64 57 171 104 219 16 91 117 282 148 149 148 185 103 92 71 21 135 201 13 184 125 217 57 279 41 69
222 15 982 94 4 149 135 108 77 17 279 81 218 147 23 125 144 59 213 96 54 127 276 3 260 123 146 77 262 13 116 9 35
223 15 830 31 297 144 23 70 232 120 202 138 80 11 201 47 49 60 233 95 74 10 232 125 161 25 138 26 7 42 242 94 176
224 15 1008 41 92 144 60 107 300 123 46 37 82 95 109 15 253 142 29 130 207 52 233 24 288 124 178 138 271 52 108 36 199
225 15 919 134 291 73 123 93 217 67 92 106 231 21 40 86 18 67 191 95 267 78 240 77 95 84 206 38 99 119 96 11 254
226 15 1121 33 156 116 165 135 55 127 161 36 270 100 164 89 149 128 39 114 49 85 9 68 153 23 53 141 68 78 157 129 97
227 15 908 9 119 148 202 138 38 16 5 88 8 100 115 133 6 17 290 47 70 29 274 112 85 82 102 53 117 101 74 62 220
228 15 948 9 110 121 47 134 78 26 198 122 127 25 30 119 60 114 68 42 74 128 281 85 237 120 182 11 78 95 7 34 237
229 15 1120 33 274 94 35 50 112 136 125 86 51 68 1 128 25 67 230 107 59 91 11 136 211 98 90 147 269 134 183 26 294
230 15 1152 92 168 90 170 96 158 102 21 105 167 53 98 150 9 51 120 83 181 107 276 144 62 128 60 48 73 66 280 126 5
231 15 646 62 21 96 100 55 62 110 64 85 168 24 56 25 215 44 75 38 52 85 59 22 23 4 279 118 162 19 284 21 265
232 15 879 115 57 31 210 93 224 20 33 142 59 18 22 15 253 22 252 136 164 50 232 48 235 139 172 97 194 93 255 80 213
233 15 1104 85 60 46 7 29 55 81 125 138 266 142 130 85 19 23 35 84 98 150 46 50 121 148 101 113 46 81 166 125 198
234 15 1011 42 159 148 197 35 251 99 65 144 6 149 187 19 6 91 270 134 61 2 266 109 103 43 240 99 50 11 56 139 288
235 15 839 17 85 16 185 37 61 104 116 117 299 141 107 62 112 90 25 78 131 113 261 106 226 112 215 52 106 1 290 3 75
236 15 698 62 98 17 230 62 259 33 136 28 27 53 119 4 102 41 39 81 133 141 143 147 101 55 239 129 297 7 240 13 175
237 15 596 34 2 27 3 44 120 33 112 20 208 87 241 65 247 75 77 23 23 12 253 96 300 42 84 72 276 101 146 14 20
238 15 907 56 224 73 164 22 282 105 156 21 19 18 73 57 192 133 114 125 26 126 5 27 94 94 27 82 284 46 158 149 237
239 15 926 22 27 20 61 115 151 89 38 73 26 135 45 30 191 73 188 113 270 69 205 133 104 37 185 31 263 95 182 123 92
240 15 805 53 234 86 253 101 56 7 236 71 66 21 84 96 3 15 226 20 76 42 269 92 133 150 230 143 124 5 97 105 54
241 15 917 59 288 77 153 134 64 91 59 66 212 105 38 137 162 7 220 9 82 117 134 94 183 79 233 49 277 45 20 78 244
242 15 828 53 23 59 93 71 22 24 124 93 259 84 139 114 114 111 157 147 46 25 142 74 112 27 124 55 131 70 132 28 196
243 15 912 36 43 23 63 42 202 129 293 87 64 88 114 15 268 97 153 147 39 92 199 7 174 80 179 146 290 113 24 39 198
244 15 884 121 75 148 150 15 23 19 21 50 87 140 70 67 277 130 113 128 139 11 35 14 75 81 125 63 199 16 207 103 117
245 15 976 66 229 118 152 42 268 146 88 112 118 12 124 143 181 10 30 136 15 24 70 88 8 50 8 72 10 122 49 80 59
246 15 702 7 151 126 285 79 137 117 16 74 271 19 247 55 281 3 267 119 293 41 218 40 276 3 210 38 110 145 295 12 190
247 15 926 64 271 80 79 21 4 67 230 68 294 123 65 114 63 83 83 83 257 10 84 140 214 125 126 52 233 22 256 106 63
248 15 900 48 61 55 109 90 66 116 24 89 76 39 151 130 218 135 246 55 138 122 82 79 161 84 241 16 257 11 84 57 133
249 15 989 13 214 106 194 75 191 33 124 33 229 138 62 124 56 19 71 101 91 136 150 92 4 118 95 107 53 12 51 130 135
250 15 796 86 230 40 166 74 101 69 122 138 200 12 262 105 90 127 3 51 202 14 148 39 78 71 5 123 280 19 175 27 263
251 15 823 90 212 150 47 94 195 18 43 53 78 28 96 116 156 20 22 52 194 22 119 89 168 126 235 22 13 81 132 68 268
252 15 987 48 23 99 157 140 131 32 240 65 201 149 185 90 167 22 161 126 156 117 291 66 12 92 53 65 163 90 108 33 74
253 15 848 90 250 87 57 75 219 13 254 110 81 19 42 99 61 141 29 31 91 10 22 100 89 119 10 6 117 48 153 112 53
254 15 862 108 176 3 185 10 124 8 282 67 191 115 115 37 131 129 154 112 94 61 69 61 244 81 135 126 245 55 234 105 132
255 15 1117 124 195 107 70 43 145 111 159 40 232 144 115 21 134 72 233 146 62 125 227 125 148 96 149 55 253 131 177 57 276
256 15 761 10 179 111 148 86 211 12 122 76 250 127 29 130 108 24 193 6 288 75 183 113 35 30 114 4 218 8 37 140 238
257 15 721 144 79 42 209 31 270 34 114 89 181 83 139 28 102 22 74 3 139 51 61 6 91 138 41 56 181 27 33 148 157
258 15 888 148 68 69 120 63 65 124 124 87 24 11 81 63 83 38 178 118 162 11 271 57 273 38 258 38 276 136 159 109 264
259 15 677 64 22 93 157 88 93 88 267 97 23 71 239 27 128 22 140 92 289 69 39 8 233 25 134 81 255 21 67 1 62
260 15 859 56 119 45 215 102 110 138 207 18 299 46 69 60 172 55 247 129 68 97 113 26 183 71 141 31 85 145 44 55 296
261 15 942 141 265 77 247 71 211 54 224 77 137 123 184 18 78 1 147 122 153 92 208 122 243 36 175 103 128 94 36 47 146
262 15 844 14 104 117 48 84 280 64 266 121 20 58 170 26 92 123 260 10 229 76 223 123 220 105 95 72 11 52 195 11 220
263 15 1013 147 220 85 279 21 126 106 186 117 211 123 141 5 229 4 128 126 106 93 85 14 136 97 237 149 75 113 112 67 242
264 15 991 60 209 86 178 139 112 95 19 17 60 102 163 95 84 108 202 18 69 75 128 70 106 47 67 56 64 132 283 139 270
265 15 1002 74 139 72 50 134 7 111 168 98 65 114 247 67 163 44 106 78 91 16 165 142 146 64 102 69 44 51 34 119 18
266 15 952 117 32 93 58 61 51 64 242 69 285 120 148 95 215 23 213 138 172 75 103 63 200 9 60 74 146 47 153 142 232
267 15 1013 27 274 54 21 65 61 73 289 119 277 142 187 46 101 133 106 34 144 107 248 68 299 115 281 148 170 128 116 8 286
268 15 902 45 160 103 243 17 76 95 166 69 45 54 171 106 211 99 84 116 281 104 247 75 177 17 45 65 91 124 5 39 197
269 15 1004 100 247 135 165 105 167 23 79 66 212 39 203 86 147 27 181 84 116 70 37 111 96 109 23 62 280 145 22 93 246
270 15 858 51 120 133 171 138 138 38 97 69 257 49 71 34 257 26 252 10 241 49 91 84 105 99 140 6 241 144 159 143 8
271 15 1044 15 1 126 134 8 291 99 155 121 133 60 114 133 239 11 153 76 12 146 108 8 72 115 65 119 162 132 87 136 199
272 15 960 123 176 146 28 125 179 89 164 37 177 113 22 22 106 40 290 112 56 16 159 53 185 96 147 104 282 84 14 41 266
273 15 1019 8 208 136 7 18 238 138 170 122 34 26 53 29 280 109 204 92 41 150 109 109 270 135 250 89 98 14 225 99 121
274 15 776 38 276 12 204 130 39 128 204 84 10 17 246 19 275 110 33 113 240 23 83 140 227 8 284 7 205 66 183 75 167
275 15 894 97 291 43 132 83 86 67 192 10 8 147 237 32 201 145 8 61 211 28 26 125 151 41 58 92 13 27 68 120 109
276 15 732 66 78 30 244 18 234 30 210 134 270 69 165 83 25 140 204 5 9 87 275 108 238 21 294 30 210 75 112 20 131
277 15 849 147 208 69 184 60 72 65 282 75 32 26 84 107 104 52 164 96 176 5 124 3 245 81 1 26 108 122 2 128 127
278 15 922 98 73 143 150 105 248 17 203 97 226 39 177 68 36 3 2 42 262 45 2 108 199 118 255 144 280 119 7 7 258
279 15 945 9 169 35 15 69 6 139 188 142 192 84 74 119 271 126 81 32 215 114 296 66 298 16 206 86 128 135 62 10 3
280 15 880 42 161 46 178 44 294 52 167 27 255 39 276 15 298 148 200 10 196 134 182 83 58 149 183 110 24 143 60 58 253
281 15 653 103 5 37 139 7 126 19 43 1 32 50 207 101 261 18 54 38 113 10 267 129 188 50 103 16 130 134 91 104 116
282 15 1052 73 154 76 193 146 203 47 107 140 105 107 294 11 73 148 30 100 206 139 122 26 297 51 278 72 183 86 274 94 100
283 15 796 37 270 111 66 136 25 61 179 102 185 42 241 48 101 5 199 43 195 78 70 52 178 60 92 66 82 117 252 37 119
284 15 866 81 42 145 97 100 107 35 155 24 112 27 10 137 151 33 57 15 9 2 206 122 35 89 121 14 49 144 65 115 64
285 15 976 58 143 147 273 59 96 23 234 54 143 111 30 95 124 116 187 66 45 132 12 33 114 65 32 56 288 55 223 150 174
286 15 741 48 80 11 135 10 33 135 57 126 94 2 255 82 233 87 64 27 224 30 250 60 272 62 102 76 226 67 224 104 168
287 15 633 86 235 56 96 137 137 31 257 41 76 2 214 3 185 75 266 1 31 18 176 93 1 62 170 41 225 140 275 6 143
288 15 985 38 87 44 190 1 236 17 139 99 184 79 185 121 231 104 76 122 35 145 53 136 129 58 215 80 145 93 157 95 131
289 15 807 18 160 63 167 33 250 90 151 125 62 40 225 9 138 74 106 11 131 122 13 101 273 22 84 121 139 77 9 103 156
290 15 628 26 178 35 132 50 195 14 61 123 40 79 260 26 155 10 65 110 130 22 149 43 246 26 100 62 280 67 162 93 146
291 15 1130 89 181 144 72 111 217 78 113 109 296 143 109 116 193 46 80 88 155 60 228 66 214 103 1 102 156 10 198 148 238
292 15 916 21 146 138 107 68 297 39 127 97 39 119 166 49 99 103 48 2 121 149 14 123 174 11 300 37 7 53 70 137 59
293 15 839 143 272 48 271 103 154 22 57 18 154 110 1 94 226 138 193 49 296 83 212 40 248 136 154 8 202 27 86 30 136
294 15 1039 96 152 77 64 71 130 5 230 12 184 144 229 56 193 1 119 121 296 140 97 116 208 106 89 72 134 138 121 144 41
295 15 852 113 245 31 224 73 222 63 172 122 249 18 152 3 228 2 230 150 260 76 95 147 84 38 283 126 203 63 182 40 278
296 15 1167 145 135 107 30 122 72 51 223 131 217 101 250 69 205 125 173 54 61 127 229 132 151 44 46 78 174 114 110 59 173
297 15 599 11 164 9 184 148 201 5 105 10 205 97 127 85 293 100 238 1 104 25 250 64 125 7 253 112 188 65 186 10 160
298 15 836 17 54 19 180 77 186 47 81 129 210 99 62 13 180 121 190 127 258 90 273 52 82 128 3 29 108 52 50 45 10
299 15 776 108 146 74 25 23 13 120 1 64 173 62 234 7 9 79 198 37 250 33 158 86 295 150 158 33 227 34 46 61 188
300 15 864 23 157 131 69 21 157 99 186 32 241 89 180 118 242 14 295 103 60 91 66 123 120 97 103 54 151 28 150 57 47
