1 30 1730 22 1 26 136 122 12 90 251 17 78 33 89 88 36 91 73 10 171 129 137 41 271 143 185 147 170 5 27 5 233 82 155 99 141 110 60 73 183 14 121 82 27 120 211 76 89 104 10 99 281 78 100 20 9 128 202 26 172 83 105
2 30 1868 91 294 96 237 25 281 9 250 125 21 53 88 99 223 25 264 80 71 30 203 52 90 129 165 142 189 144 287 32 177 130 161 125 60 33 286 65 178 11 104 11 81 98 191 107 211 38 26 145 144 91 223 69 235 113 208 46 213 122 14
3 30 1972 112 46 21 163 104 234 70 261 109 162 50 60 93 105 136 95 27 231 17 99 21 142 86 92 103 246 111 31 143 200 8 97 148 114 120 66 15 193 59 79 140 151 47 279 139 155 66 202 96 283 145 63 31 173 121 231 117 220 11 252
4 30 1820 93 146 16 233 116 42 133 232 136 29 130 192 62 166 28 78 62 49 95 49 114 81 58 266 119 239 91 20 15 143 29 272 84 235 96 208 72 262 60 231 20 220 116 176 10 115 143 80 19 192 69 80 120 85 66 203 7 267 97 159
5 30 1876 35 191 97 264 49 17 99 52 87 173 122 198 37 103 18 180 76 259 147 226 97 256 88 93 105 248 71 113 65 103 43 255 26 174 140 59 149 212 40 156 60 151 146 294 69 298 28 274 132 166 64 56 35 68 45 139 34 131 142 66
6 30 1756 62 74 142 23 137 96 100 275 129 50 12 91 58 211 15 55 107 154 43 248 57 190 81 253 69 278 54 3 11 242 16 168 50 109 80 67 68 190 24 89 80 61 148 87 68 237 13 37 118 50 74 241 124 22 72 16 122 247 61 141
7 30 1632 129 254 18 297 107 121 122 185 67 77 36 110 45 122 37 279 134 284 101 150 47 52 10 68 58 45 18 153 121 261 49 150 64 237 66 211 121 116 108 27 42 36 67 297 45 172 17 79 91 121 36 264 57 282 58 289 94 139 75 13
8 30 1688 2 279 37 81 50 105 102 273 45 78 149 102 48 30 1 284 86 193 48 280 26 43 43 174 138 256 9 87 123 28 9 11 38 293 47 118 90 5 42 58 112 241 135 300 49 2 119 129 135 114 39 63 95 30 145 107 99 2 50 129
9 30 1986 48 97 148 257 1 62 140 161 74 22 23 160 106 235 126 167 53 20 145 181 18 232 84 46 95 269 132 142 58 84 126 142 76 67 49 230 110 58 22 194 130 292 89 265 27 178 68 46 133 196 136 142 46 287 57 300 90 191 73 198
10 30 2054 101 230 89 50 144 57 35 75 79 52 75 289 71 46 63 50 66 36 76 179 44 63 58 274 65 127 116 36 123 109 117 277 105 190 135 240 26 270 8 256 119 125 62 30 57 209 66 270 109 118 23 221 124 161 132 49 144 35 136 240
11 30 1831 113 240 63 260 140 23 138 96 36 214 9 124 141 281 126 179 6 60 51 246 48 207 130 4 129 1 57 70 45 89 25 234 30 271 119 51 30 197 68 235 139 50 60 71 62 28 62 90 9 237 62 125 144 58 85 5 120 294 42 227
12 30 1801 21 129 41 188 131 238 137 154 70 226 45 222 54 163 146 105 92 10 69 259 48 259 87 11 20 170 140 121 129 262 104 139 134 185 31 55 68 6 108 158 95 149 102 136 14 186 79 124 41 278 80 36 116 73 5 218 16 158 29 234
13 30 1752 7 293 85 154 137 287 22 187 22 152 55 154 140 95 12 178 27 39 113 107 43 65 79 41 6 261 71 255 100 278 123 137 111 250 137 43 118 209 76 79 35 96 69 92 78 265 136 11 80 274 55 69 10 227 86 284 122 216 36 79
14 30 1576 20 200 56 272 35 168 9 115 1 142 7 263 57 110 76 140 91 129 28 232 76 81 3 48 99 264 128 20 38 35 126 292 40 126 131 245 143 172 135 184 19 37 70 74 81 146 50 18 101 93 25 84 86 299 104 71 24 262 112 297
15 30 1533 143 180 12 196 80 208 24 129 75 221 11 254 39 215 138 244 133 112 44 291 35 290 80 270 90 139 13 104 98 207 12 203 9 192 1 97 65 166 4 77 78 227 54 6 117 6 123 208 86 213 96 291 1 196 146 75 18 81 92 28
16 30 2033 149 25 56 172 149 113 141 195 75 3 78 30 135 87 111 137 139 23 5 186 73 283 43 221 131 215 74 230 4 123 109 177 45 123 87 268 116 41 80 95 107 294 20 233 17 189 94 116 95 280 102 223 21 141 132 273 79 37 75 98
17 30 1920 20 245 147 161 74 41 61 179 6 30 113 94 119 36 129 71 59 160 48 278 125 226 103 166 64 280 45 51 145 120 56 61 150 5 58 252 68 99 72 169 82 291 81 166 44 42 3 162 131 238 37 298 21 92 68 260 146 35 126 25
18 30 1847 97 101 13 246 77 273 59 280 24 300 125 235 119 265 147 136 55 111 14 260 115 37 67 117 3 240 33 11 142 230 131 50 39 48 140 137 4 161 75 202 114 6 59 87 96 116 108 138 53 120 32 257 2 230 148 124 69 270 149 174
19 30 1924 27 236 108 278 22 273 25 197 126 19 128 102 134 203 33 126 44 47 75 60 76 237 108 98 45 198 96 27 135 26 53 103 61 132 65 25 106 256 20 204 143 17 8 275 70 222 30 273 73 36 142 159 131 24 140 197 46 275 135 34
20 30 1928 58 121 126 255 100 137 21 153 126 276 145 38 54 52 78 2 101 174 16 67 111 91 130 25 144 160 21 274 106 136 52 47 34 145 64 23 23 129 68 277 20 151 51 232 83 108 79 182 87 90 81 209 48 212 94 285 149 117 140 33
21 30 1999 69 219 41 151 73 145 77 110 119 23 147 35 102 193 28 221 121 150 84 176 58 108 71 192 72 291 45 127 90 226 29 7 105 101 142 185 18 298 59 252 22 82 129 68 17 35 109 33 121 194 124 112 149 132 102 155 85 227 91 10
22 30 1778 24 178 6 167 119 248 99 209 52 97 87 179 150 230 1 115 139 226 88 234 34 16 61 4 96 47 106 276 38 235 94 269 81 65 37 190 138 176 74 8 97 195 28 274 19 54 114 130 7 91 83 293 101 29 77 30 147 119 26 27
23 30 1889 41 236 38 79 30 228 110 212 122 225 94 55 27 77 56 145 146 118 149 300 70 95 132 178 84 67 17 46 29 12 103 269 78 16 53 218 136 104 82 206 71 216 128 144 72 155 13 59 114 181 143 219 48 16 116 264 48 119 12 153
24 30 2052 120 3 69 111 90 110 100 104 125 128 19 77 149 170 109 139 27 239 107 26 32 74 147 203 8 56 80 74 96 38 59 155 124 110 86 12 82 1 68 193 39 176 46 74 120 20 114 214 84 98 102 238 147 291 25 276 138 44 54 140
25 30 1652 32 84 111 293 4 113 101 174 143 114 56 137 28 134 12 60 70 191 142 247 33 212 45 40 79 189 97 223 56 72 16 77 83 222 3 182 99 17 74 74 58 69 132 198 106 148 26 225 28 272 71 284 140 253 85 160 132 182 3 91
26 30 2185 136 299 120 49 63 31 2 107 146 53 147 288 93 47 145 211 74 244 56 21 141 5 95 225 83 70 81 244 64 16 127 193 132 124 121 98 94 289 53 13 23 83 144 217 95 81 97 274 64 164 143 110 6 18 62 234 79 120 46 88
27 30 1664 18 212 27 111 131 10 7 148 31 47 90 255 37 262 132 140 104 110 34 282 59 126 138 154 82 150 119 252 6 55 100 120 73 221 13 59 62 101 133 105 42 280 138 1 83 146 50 16 96 218 4 165 122 46 61 166 68 64 20 58
28 30 1842 39 97 102 54 86 156 93 275 148 266 56 46 95 207 33 241 66 295 21 240 57 131 96 42 75 214 51 188 95 220 21 64 108 229 148 137 121 17 121 217 100 77 98 69 38 125 2 168 60 93 3 80 93 264 143 244 31 191 103 91
29 30 2014 133 294 57 116 84 205 33 61 35 171 91 278 82 85 65 47 142 224 150 139 145 233 3 111 130 122 8 148 113 114 88 248 2 115 109 14 71 10 18 122 75 175 137 224 72 135 112 64 53 153 141 103 94 54 68 112 122 272 85 283
30 30 2178 127 65 105 232 106 10 135 119 114 185 129 25 81 147 90 199 20 61 60 54 126 123 58 141 147 19 115 46 11 215 81 76 139 136 116 100 139 282 33 7 120 77 22 300 106 231 132 249 24 110 30 13 130 49 65 100 70 181 92 2
31 30 1677 121 279 90 195 8 15 64 266 115 57 128 128 61 111 50 82 1 196 7 103 11 176 124 182 98 95 78 102 44 97 95 245 2 135 60 143 120 162 37 177 91 112 43 78 42 120 135 37 4 113 119 152 92 192 65 149 136 47 56 30
32 30 1508 107 79 117 248 6 98 67 186 51 98 15 292 63 248 100 111 10 166 93 211 109 272 19 224 124 116 41 260 70 19 145 254 1 84 85 271 76 154 15 279 112 96 7 28 149 131 32 192 17 269 87 81 8 185 24 174 105 292 30 252
33 30 1500 33 253 29 219 2 104 100 189 24 45 149 196 114 112 20 289 44 211 28 33 33 254 100 230 15 288 52 163 2 142 131 152 135 180 79 56 55 234 13 25 69 97 94 42 68 54 1 155 27 215 138 190 46 168 137 159 65 55 72 214
34 30 1643 108 139 33 161 65 16 103 135 121 161 98 165 2 164 25 152 62 199 61 214 9 4 22 86 130 129 112 264 38 18 19 255 12 104 25 209 120 117 134 242 148 162 12 288 98 196 102 60 5 260 122 89 32 298 33 195 88 108 115 244
35 30 1802 15 77 60 221 141 223 145 222 141 36 39 182 6 252 14 213 16 207 107 182 94 22 101 125 121 104 61 210 143 169 72 250 122 147 35 101 127 73 63 145 128 193 44 24 121 240 34 279 30 32 30 192 54 167 110 119 52 84 27 139
36 30 1975 101 248 127 84 67 201 101 129 88 173 39 1 140 295 134 99 127 245 85 231 5 170 130 109 19 165 125 3 69 107 87 115 85 226 88 37 82 262 132 168 141 214 126 245 2 61 22 164 48 233 88 121 48 128 58 244 3 300 102 210
37 30 1803 31 171 25 213 47 232 132 217 42 223 101 205 70 45 76 108 122 116 32 224 59 212 120 36 1 258 82 156 114 148 142 144 44 45 20 180 108 209 53 17 134 38 6 203 61 27 110 164 142 159 21 53 84 155 93 118 83 286 99 260
38 30 1694 86 6 55 102 57 127 50 187 129 180 105 207 19 15 120 94 23 216 28 101 133 19 146 76 133 28 24 186 22 32 45 74 77 296 128 116 31 1 148 28 17 20 48 54 98 122 129 99 46 187 60 224 27 52 67 263 24 154 43 101
39 30 1963 100 201 72 152 67 286 23 102 76 83 73 116 75 108 23 109 81 258 50 66 150 117 125 159 112 148 54 276 3 134 122 11 127 229 98 113 107 209 88 215 86 66 45 114 1 47 119 110 86 256 107 257 57 55 138 109 42 163 147 214
40 30 1881 97 133 136 281 141 150 21 26 34 137 65 103 19 38 48 299 94 215 63 184 44 189 101 149 134 76 113 174 128 49 49 142 102 269 74 31 19 125 136 268 150 298 45 157 4 75 54 70 52 74 70 72 78 232 127 91 99 144 55 271
41 30 1923 91 65 115 239 65 21 124 93 135 62 24 146 22 131 145 130 33 223 105 246 71 141 37 55 47 176 134 22 90 2 66 191 46 195 82 267 61 101 108 75 136 192 36 97 139 295 64 87 81 12 46 194 114 83 1 27 38 248 148 222
42 30 1687 24 129 9 54 147 227 104 231 57 214 72 128 124 258 40 119 111 193 98 113 40 172 129 49 53 284 60 70 13 234 5 280 53 267 5 37 19 37 54 104 143 87 149 242 35 134 150 273 36 161 109 213 97 6 12 200 17 13 144 49
43 30 1939 79 70 132 177 100 256 43 299 147 69 130 229 98 78 123 127 27 67 55 74 57 40 67 4 86 168 72 80 63 146 98 182 18 169 78 281 42 9 134 190 87 232 3 81 73 223 59 127 104 99 136 198 116 195 58 166 28 185 111 55
44 30 1835 67 203 76 278 136 94 103 107 70 117 144 38 69 179 30 163 54 264 117 68 71 133 134 161 139 178 104 4 82 66 24 143 87 164 51 55 44 37 12 46 89 101 16 108 114 37 125 94 35 151 15 100 66 65 24 92 68 243 128 206
45 30 1844 34 255 73 248 19 30 62 130 8 235 100 189 42 127 93 11 102 41 138 271 23 108 110 26 123 283 119 193 123 279 11 130 22 83 133 9 57 29 19 178 35 203 28 281 121 115 146 276 111 50 56 189 120 191 69 275 95 3 113 232
46 30 1689 10 300 98 230 68 248 102 179 27 80 129 30 21 227 74 283 149 113 22 121 75 106 15 251 93 25 71 299 121 270 72 106 50 118 109 217 24 213 9 284 114 250 118 151 35 31 121 23 20 292 66 89 64 179 51 260 40 61 144 145
47 30 1704 41 143 53 273 73 18 94 123 145 50 48 30 122 245 23 186 16 240 45 240 2 227 84 299 10 260 20 89 132 28 67 80 32 191 150 273 143 20 9 31 124 263 14 255 77 286 139 293 13 21 135 96 115 112 113 35 7 199 84 287
48 30 1798 28 80 4 77 134 188 100 59 84 86 81 157 96 2 108 44 74 103 134 18 115 106 50 124 59 246 36 207 21 194 7 117 141 102 16 70 38 209 101 259 51 175 57 260 53 173 64 294 121 15 112 151 146 289 125 211 62 161 30 154
49 30 2000 21 17 42 70 43 223 2 292 91 238 143 231 64 90 42 216 101 256 125 197 133 47 57 168 143 201 88 44 44 49 77 272 43 192 12 41 68 12 116 283 131 195 116 290 129 151 68 146 83 179 55 6 81 232 147 32 147 283 89 202
50 30 1886 99 119 37 229 33 245 145 141 28 73 59 10 42 45 11 12 43 63 18 164 107 48 90 290 130 193 76 73 1 122 73 40 147 227 104 257 36 71 118 243 119 63 32 102 122 4 81 64 45 136 132 156 140 29 134 111 93 281 63 41
51 30 1781 106 271 6 179 29 213 95 274 27 115 61 44 117 237 24 41 124 89 93 240 81 161 73 39 6 40 86 147 136 99 107 119 28 20 53 170 136 186 19 210 28 185 43 47 142 195 105 299 102 189 122 182 87 228 72 267 15 109 104 217
52 30 1608 69 243 85 178 126 126 12 189 67 108 86 266 96 234 62 236 92 243 85 208 19 272 32 154 123 273 62 239 20 271 82 211 37 156 85 130 3 152 52 216 143 158 4 133 134 236 18 221 51 235 146 145 42 165 54 213 79 90 45 50
53 30 1858 140 115 141 152 122 231 146 1 84 199 25 31 105 45 114 130 118 68 7 44 58 63 67 24 97 37 133 218 3 120 61 245 84 164 47 265 61 30 39 140 85 144 93 234 21 138 59 70 47 138 91 196 60 70 105 129 18 59 92 128
54 30 1736 41 138 84 248 23 254 53 287 1 187 144 136 12 25 132 78 88 20 136 121 102 171 121 139 20 237 43 91 61 29 21 286 4 25 98 58 78 208 136 260 116 217 49 95 24 34 137 10 69 209 131 219 33 103 74 123 97 70 42 199
55 30 2164 71 191 103 214 112 52 50 128 99 76 73 115 53 287 37 84 144 86 71 96 119 192 11 119 121 143 112 208 38 1 90 228 19 236 76 93 93 70 143 219 80 111 18 201 92 57 147 292 130 13 126 172 136 298 105 86 116 239 120 274
56 30 1549 22 141 100 39 111 191 9 43 120 228 110 34 27 238 13 300 13 34 40 13 46 108 125 82 9 198 101 183 144 233 2 149 27 72 148 237 62 68 69 111 17 72 53 1 19 14 113 8 39 11 10 236 91 282 87 85 150 15 60 260
57 30 1920 87 130 100 146 64 178 36 230 145 213 47 15 19 87 120 242 140 210 92 204 124 225 24 243 117 96 33 71 78 165 25 62 76 14 98 207 38 165 41 75 5 172 31 49 117 95 114 120 143 299 66 293 104 27 138 230 49 116 129 275
58 30 2065 110 58 8 198 144 84 48 252 30 3 115 103 12 61 85 219 124 135 85 93 78 106 114 228 29 187 56 184 51 53 117 122 136 271 105 292 44 246 114 218 67 214 148 28 140 71 79 241 90 61 126 202 50 276 118 191 137 33 22 204
59 30 2073 70 243 43 290 120 18 107 262 79 245 88 264 146 209 144 191 16 137 102 65 129 23 24 268 49 26 148 276 12 281 65 211 90 25 99 192 97 162 76 33 77 259 108 150 131 130 16 172 130 152 130 283 89 88 57 159 123 161 27 229
60 30 1719 87 220 121 137 111 47 9 230 121 74 77 2 103 230 26 203 8 10 125 273 143 77 7 51 1 249 13 139 63 188 111 48 126 8 112 270 89 60 39 193 42 137 64 23 81 111 16 216 128 63 39 125 61 113 31 143 82 194 113 188
61 30 1584 31 50 48 242 93 42 66 21 73 274 40 34 125 72 76 16 8 288 36 72 24 200 49 285 14 142 28 212 33 271 32 41 91 254 45 114 136 249 143 181 44 45 129 46 121 139 45 270 90 199 16 245 124 214 136 214 50 18 35 190
62 30 2053 105 110 120 47 119 269 132 160 13 180 73 236 127 44 85 225 98 130 67 265 31 289 62 56 23 240 131 138 128 220 90 142 101 225 146 24 67 128 29 171 21 67 142 123 82 118 92 279 44 210 45 212 147 266 42 262 65 262 140 3
63 30 2006 141 120 49 185 143 289 127 71 95 187 29 200 116 243 112 292 23 119 57 299 57 216 30 153 137 78 41 117 100 20 10 199 147 171 18 275 147 214 4 220 113 56 121 254 36 66 143 240 2 160 135 46 92 82 122 155 105 72 56 135
64 30 1663 121 196 133 6 142 270 85 240 10 184 25 96 28 15 24 261 141 183 50 154 104 91 8 80 21 86 138 26 49 176 90 225 70 283 41 240 77 134 96 68 27 187 106 251 74 142 90 200 8 231 11 288 126 179 35 51 101 127 48 48
65 30 1955 64 130 150 160 62 10 40 70 15 85 118 232 33 227 69 174 150 91 52 235 140 245 56 148 89 82 135 6 132 242 123 121 140 182 110 52 13 158 57 272 84 206 133 161 72 276 16 230 105 235 7 180 120 55 41 232 40 84 78 224
66 30 1592 136 27 92 267 61 214 54 211 12 106 19 245 82 297 45 23 52 206 111 16 104 254 9 259 16 184 16 161 39 90 132 239 70 142 98 246 67 201 16 191 12 190 146 68 39 38 12 143 37 272 94 247 99 208 54 255 143 139 124 213
67 30 1958 61 296 8 164 108 264 135 199 99 220 25 127 35 244 76 190 92 165 7 38 143 1 29 40 131 220 121 88 4 274 128 88 93 114 24 119 93 4 75 131 92 112 113 131 109 55 95 284 123 80 86 293 105 76 150 112 80 137 8 278
68 30 1992 76 55 15 149 52 17 121 235 124 36 129 135 25 194 115 186 147 120 109 83 71 204 93 251 59 282 35 69 23 113 49 119 73 15 84 162 121 112 114 10 138 24 12 34 135 95 126 159 10 262 15 271 114 54 124 206 131 290 50 92
69 30 1670 85 96 16 279 141 7 8 265 55 220 96 196 41 147 144 47 12 151 45 51 125 43 56 69 128 54 37 197 45 111 135 86 30 90 75 57 88 238 127 171 98 244 28 25 26 60 60 274 44 110 84 97 138 35 92 167 14 184 15 149
70 30 1743 52 206 127 106 67 40 129 29 11 83 106 231 19 271 131 78 68 27 78 103 43 128 45 123 49 252 56 148 18 100 99 209 8 107 116 120 20 21 116 270 139 271 21 20 26 185 129 42 84 152 54 187 18 170 138 258 98 110 114 240
71 30 1764 55 267 13 294 143 65 8 223 11 33 15 166 142 34 44 108 61 282 98 77 124 71 12 240 142 226 87 165 107 66 81 166 117 15 58 290 94 110 54 189 59 283 96 113 86 54 40 132 71 230 98 266 51 34 20 166 95 228 123 173
72 30 1509 2 26 96 135 81 27 14 89 15 62 23 130 85 251 98 299 114 157 104 54 127 26 32 21 29 105 33 143 129 44 128 48 138 39 24 255 27 158 39 44 18 245 33 54 64 82 13 242 57 123 36 116 38 191 138 24 45 236 107 167
73 30 1848 87 80 125 43 103 35 122 185 14 113 108 235 150 114 69 168 10 127 31 78 33 175 122 260 136 143 91 56 117 94 118 232 97 24 86 187 14 130 1 20 12 142 26 37 121 181 67 267 11 260 32 9 64 182 96 51 132 186 115 31
74 30 1822 78 158 142 207 2 21 32 104 33 249 52 21 54 196 123 71 90 172 87 218 141 69 97 58 140 271 80 258 28 159 36 26 123 287 104 224 126 66 6 126 87 143 53 175 20 63 140 113 70 300 40 252 41 296 14 24 110 289 129 230
75 30 1849 92 135 92 127 41 242 59 37 70 199 139 193 58 104 97 269 123 195 104 203 32 210 82 31 51 212 38 79 148 63 70 29 50 144 21 120 20 113 88 227 55 236 97 280 47 259 103 110 60 291 146 174 76 39 12 257 146 136 95 35
76 30 1586 42 2 27 256 127 79 103 276 21 141 44 30 139 224 8 283 15 40 15 158 148 196 99 11 27 98 54 25 52 121 138 238 47 294 139 116 3 144 61 106 109 34 13 100 1 52 16 87 83 118 45 50 92 231 101 143 70 178 144 89
77 30 1642 36 104 18 94 43 300 18 177 134 64 118 235 16 250 110 136 41 111 29 172 132 162 81 254 64 254 92 166 67 104 45 71 54 78 108 116 143 98 114 123 33 154 99 200 5 274 5 170 141 296 28 149 66 129 27 228 148 269 38 146
78 30 1942 27 292 7 124 37 20 112 79 49 253 37 157 146 153 49 237 131 115 149 155 123 51 148 31 81 63 106 122 110 137 20 121 149 297 132 125 95 245 67 131 23 209 92 283 31 91 142 295 147 156 22 18 3 51 29 292 31 160 133 98
79 30 1761 116 173 47 202 115 141 52 246 8 14 103 143 93 81 83 118 21 139 88 5 138 207 59 193 22 85 4 2 48 11 120 231 104 264 121 229 143 25 22 96 87 170 137 190 11 240 12 162 22 294 98 52 76 120 4 238 127 6 121 174
80 30 1767 42 101 43 146 109 268 118 89 13 280 74 175 144 41 18 45 108 229 6 290 66 200 103 262 15 68 75 10 100 31 51 190 84 186 87 187 120 71 110 284 120 78 90 228 74 12 4 251 122 16 46 138 53 106 60 120 46 197 108 9
81 30 1748 78 29 106 239 8 34 86 275 79 18 31 296 80 178 143 113 102 82 119 76 13 197 138 95 30 294 103 186 65 4 131 260 109 12 36 136 79 143 18 293 129 205 60 201 15 243 129 16 31 233 121 110 37 220 26 21 36 178 48 164
82 30 1942 129 186 21 166 111 290 100 34 49 176 98 114 16 48 139 64 109 186 113 35 83 74 137 194 40 59 74 14 107 258 71 251 65 270 13 183 22 251 134 292 106 87 62 159 27 155 34 25 145 126 10 267 99 196 146 277 31 250 137 29
83 30 1855 33 125 10 289 144 225 138 86 92 146 90 288 67 212 125 148 21 19 77 86 89 250 149 298 19 97 49 29 144 134 123 261 126 72 73 260 33 253 72 205 79 166 114 8 114 142 46 14 33 137 31 145 14 185 87 107 60 258 67 204
84 30 1625 97 271 75 179 138 140 66 40 84 208 49 196 76 155 143 286 130 286 114 298 43 280 145 297 29 19 25 199 8 153 61 9 61 11 140 182 133 299 22 201 32 123 12 46 17 223 22 41 8 13 143 231 8 296 45 194 34 49 72 62
85 30 1797 39 281 130 185 20 223 61 32 12 24 138 296 24 89 89 97 17 23 139 190 9 86 13 69 150 55 91 268 10 126 134 203 70 289 36 243 82 150 141 207 115 216 124 87 138 276 7 290 77 149 127 99 118 268 59 80 55 244 22 232
86 30 1799 54 152 41 6 98 29 58 228 54 258 85 290 74 49 112 144 15 135 74 4 3 199 7 296 78 71 60 164 128 283 42 184 120 195 48 81 144 147 18 103 24 266 140 163 103 46 136 165 95 211 13 92 125 204 73 127 147 112 80 81
87 30 1783 143 106 136 33 115 16 65 91 83 8 24 212 116 119 74 247 111 298 17 17 105 16 2 117 13 100 116 186 94 273 104 48 90 251 7 291 4 7 97 157 48 174 110 205 36 61 145 44 55 269 114 162 136 84 18 173 45 256 6 97
88 30 1633 41 50 28 143 56 33 35 259 143 79 51 213 1 282 2 154 42 236 82 37 11 165 29 80 142 158 31 209 136 240 141 45 13 208 147 116 127 291 73 189 126 47 147 61 24 88 58 246 62 9 50 34 108 53 41 229 67 118 28 69
89 30 2002 58 160 109 75 136 121 101 281 37 153 87 72 140 15 71 198 7 170 134 7 80 114 61 226 107 194 80 125 123 207 71 288 17 14 22 237 22 136 56 227 135 127 94 66 71 178 127 230 40 119 108 46 116 232 76 82 97 51 120 187
90 30 1818 49 219 127 241 145 199 5 56 12 160 84 177 30 62 56 44 131 205 17 52 142 150 124 298 103 37 95 214 26 31 45 271 62 21 93 33 80 223 112 265 59 178 42 53 115 256 116 298 21 233 93 10 51 155 84 157 8 48 146 54
91 30 1956 36 98 50 160 143 34 57 7 13 43 77 115 44 219 23 43 106 136 138 21 74 32 94 147 23 111 89 230 103 33 147 109 99 158 12 277 85 73 124 119 126 160 48 39 129 299 98 159 46 113 75 133 129 72 89 153 137 188 31 11
92 30 2086 116 187 97 26 113 141 1 34 114 247 150 148 149 225 2 160 131 42 22 108 27 54 59 39 54 174 125 279 90 276 74 204 38 298 146 171 122 69 87 146 114 47 80 179 109 240 51 42 98 273 65 247 133 286 121 79 74 23 46 60
93 30 1742 87 251 7 158 91 267 56 267 96 264 22 58 110 54 118 19 77 82 127 21 3 17 28 202 114 109 56 117 74 150 93 151 58 158 41 294 44 67 60 289 56 75 124 282 75 262 20 139 144 98 63 59 110 265 78 137 54 65 92 216
94 30 1644 28 100 66 206 24 135 59 86 134 155 115 132 47 70 138 19 3 76 144 233 39 131 146 173 7 269 43 49 126 194 89 150 93 166 101 129 38 299 38 232 72 104 122 60 36 71 103 23 21 117 29 111 78 44 4 191 27 233 85 88
95 30 1495 52 150 74 273 16 51 127 71 36 165 34 40 90 168 17 62 51 136 64 199 21 22 148 264 70 110 89 99 106 74 49 222 38 189 53 223 131 63 106 288 120 239 101 50 61 163 13 220 12 215 75 107 69 235 8 300 18 133 20 28
96 30 1905 126 83 81 288 106 293 9 218 142 5 95 235 103 292 86 28 97 276 57 168 28 250 91 234 104 51 25 31 54 56 9 211 121 254 90 290 124 92 116 196 131 253 43 150 116 94 92 130 61 283 108 243 4 77 71 192 45 163 47 94
97 30 1641 34 242 139 254 149 98 128 159 8 220 19 196 85 249 84 7 47 67 31 277 10 180 3 10 87 300 48 123 70 248 26 140 139 291 87 115 28 103 10 202 42 135 14 132 133 36 94 47 52 5 113 278 47 49 93 79 94 149 138 152
98 30 1790 41 170 142 165 147 122 124 51 128 42 53 251 34 138 59 136 76 261 107 159 81 284 74 96 45 132 15 240 15 61 86 80 49 210 41 49 90 113 122 281 84 2 5 179 6 178 104 297 17 220 99 88 148 171 75 142 24 213 147 97
99 30 1382 23 84 9 200 87 171 90 149 4 42 9 161 135 165 57 114 107 162 13 246 97 54 118 106 143 36 55 27 25 206 12 52 139 215 29 279 25 184 22 64 71 135 47 300 113 160 26 21 10 280 123 86 8 25 87 171 36 129 8 97
100 30 1693 150 79 55 12 19 205 73 11 88 102 88 1 36 230 72 36 148 21 10 80 16 178 32 222 24 261 75 89 115 284 117 261 118 121 69 182 74 126 144 238 18 43 103 126 5 172 87 117 11 198 95 208 78 85 98 283 54 186 45 145
101 30 1747 75 75 15 257 58 14 31 258 131 44 93 115 122 13 109 201 24 28 6 237 15 54 39 284 41 144 54 56 142 293 46 53 116 249 40 213 32 29 121 268 126 174 110 28 123 35 34 131 61 127 134 285 49 116 134 21 31 227 72 150
102 30 1968 41 192 34 138 68 100 135 197 6 230 86 127 143 12 99 263 9 161 78 138 36 244 7 232 137 271 32 163 119 200 137 156 34 226 13 125 140 209 134 195 63 24 12 228 146 17 127 151 131 139 135 171 83 184 127 152 95 52 53 168
103 30 1586 87 60 25 2 61 131 99 264 33 5 59 145 125 296 29 155 75 242 57 63 68 157 17 149 45 23 105 201 25 81 96 42 136 147 19 174 105 276 53 72 101 81 65 227 86 13 69 55 1 206 21 47 31 150 86 31 95 151 109 229
104 30 1716 125 289 101 56 114 295 19 11 96 280 82 132 26 214 149 74 125 243 15 190 36 70 145 137 39 189 61 199 25 53 121 66 5 135 134 219 82 104 41 144 126 7 58 48 49 241 90 84 20 195 18 1 67 231 132 164 42 300 3 167
105 30 1689 25 87 78 113 132 19 135 172 91 275 85 181 56 109 13 19 107 57 67 200 13 261 38 239 75 215 67 284 37 224 77 156 140 3 53 137 104 229 102 10 128 176 84 298 57 103 26 260 6 14 9 31 1 268 74 54 97 4 135 64
106 30 1600 78 151 30 181 33 167 24 132 11 173 36 108 146 290 105 238 52 292 46 209 125 45 3 105 78 109 96 68 26 245 126 288 101 15 128 3 5 282 43 54 142 132 74 29 51 36 114 138 82 60 53 13 72 31 41 23 35 293 45 147
107 30 1977 47 186 147 259 65 173 147 12 111 286 43 112 34 9 26 179 41 269 12 234 42 123 30 183 123 84 145 53 63 4 127 167 73 147 92 270 56 265 53 263 72 158 20 21 113 96 100 247 122 158 10 298 142 83 150 10 136 185 130 60
108 30 1905 79 53 130 284 76 195 71 235 69 205 86 260 22 110 46 139 34 292 39 148 1 225 118 107 135 42 115 98 102 75 115 112 81 47 128 40 24 159 132 247 96 46 40 270 57 105 146 215 77 144 85 108 73 157 63 217 136 227 6 293
109 30 1899 46 43 40 34 57 277 107 213 135 161 91 124 23 9 62 139 124 238 85 151 47 199 135 254 72 71 84 269 31 122 90 118 146 212 115 262 78 29 127 235 16 76 125 276 104 238 50 227 13 18 71 281 145 235 89 234 31 280 35 267
110 30 1852 110 171 150 114 30 254 29 42 123 207 121 255 21 4 42 140 76 189 133 64 79 173 21 129 41 11 150 148 107 280 140 231 60 196 12 29 65 31 35 15 37 210 104 184 43 191 108 36 87 212 86 7 18 93 147 104 127 240 14 140
111 30 1384 71 225 119 80 54 215 150 241 22 58 32 160 34 36 60 245 42 1 12 246 144 191 100 97 138 237 51 2 35 82 46 258 8 114 36 122 120 221 33 172 120 283 23 5 72 104 30 60 9 80 4 198 106 277 20 42 35 230 4 290
112 30 1683 97 41 67 89 68 244 104 18 77 214 123 84 1 124 80 30 128 201 66 227 35 261 58 299 132 141 15 196 139 123 64 278 93 192 50 151 34 119 90 199 26 216 68 2 18 139 67 264 108 14 22 130 32 114 86 207 110 31 46 233
113 30 2089 148 149 148 185 103 92 71 21 135 201 13 184 125 217 57 279 41 69 144 188 2 298 68 215 39 34 140 161 109 293 12 249 72 117 107 191 27 253 138 5 130 246 73 153 131 26 58 18 18 215 31 297 144 23 70 232 120 202 138 80
114 30 1912 101 94 25 120 117 189 37 19 116 250 81 49 69 51 4 83 121 188 88 97 41 92 144 60 107 300 123 46 37 82 95 109 15 253 142 29 130 207 52 233 24 288 124 178 138 271 52 108 36 199 8 268 146 146 62 185 109 134 46 211
115 30 1596 21 40 86 18 67 191 95 267 78 240 77 95 84 206 38 99 119 96 11 254 131 65 78 232 83 270 28 254 81 72 135 200 82 177 75 255 20 228 25 170 5 136 77 45 27 281 34 155 79 257 49 266 9 119 148 202 138 38 16 5
116 30 1708 4 199 58 265 3 33 145 94 35 57 137 224 43 164 51 105 59 202 37 124 110 246 9 110 121 47 134 78 26 198 122 127 25 30 119 60 114 68 42 74 128 281 85 237 120 182 11 78 95 7 34 237 57 66 137 187 18 100 56 272
117 30 1885 86 51 68 1 128 25 67 230 107 59 91 11 136 211 98 90 147 269 134 183 26 294 129 183 84 179 85 192 79 203 11 210 84 106 49 300 5 102 60 166 91 214 138 288 31 255 30 96 37 131 140 252 3 19 62 21 96 100 55 62
118 30 1664 32 169 84 48 28 49 108 87 38 76 26 170 30 43 12 7 140 235 81 37 142 42 133 129 115 57 31 210 93 224 20 33 142 59 18 22 15 253 22 252 136 164 50 232 48 235 139 172 97 194 93 255 80 213 93 170 30 91 4 58
119 30 1975 81 125 138 266 142 130 85 19 23 35 84 98 150 46 50 121 148 101 113 46 81 166 125 198 110 84 80 296 99 69 126 198 33 288 3 297 94 38 3 182 135 268 31 4 133 218 52 85 120 198 25 21 28 278 144 204 17 85 16 185
120 30 1614 31 208 58 234 150 282 54 124 56 180 13 155 66 226 131 211 113 223 108 103 53 1 145 6 38 123 62 98 17 230 62 259 33 136 28 27 53 119 4 102 41 39 81 133 141 143 147 101 55 239 129 297 7 240 13 175 128 67 1 53
121 30 1392 44 120 33 112 20 208 87 241 65 247 75 77 23 23 12 253 96 300 42 84 72 276 101 146 14 20 4 111 112 145 82 43 141 210 78 41 10 36 37 113 96 266 57 250 13 251 3 54 47 187 14 163 142 91 79 297 119 252 22 27
122 30 1653 31 229 76 178 19 145 13 270 23 60 96 146 94 226 135 138 103 265 52 74 93 62 132 189 91 245 46 7 53 234 86 253 101 56 7 236 71 66 21 84 96 3 15 226 20 76 42 269 92 133 150 230 143 124 5 97 105 54 56 117
123 30 1608 77 153 134 64 91 59 66 212 105 38 137 162 7 220 9 82 117 134 94 183 79 233 49 277 45 20 78 244 12 106 12 117 47 141 11 47 62 186 130 167 70 228 57 221 79 294 23 49 71 148 56 54 62 109 66 140 66 56 98 13
124 30 1808 22 45 32 83 101 258 147 173 32 175 57 30 134 194 77 293 20 183 100 13 87 160 90 292 145 225 12 78 99 137 121 75 148 150 15 23 19 21 50 87 140 70 67 277 130 113 128 139 11 35 14 75 81 125 63 199 16 207 103 117
125 30 2321 66 229 118 152 42 268 146 88 112 118 12 124 143 181 10 30 136 15 24 70 88 8 50 8 72 10 122 49 80 59 148 14 76 251 143 158 69 233 8 148 136 38 124 110 141 6 134 237 147 82 109 80 138 5 105 76 55 289 148 23
126 30 1870 104 128 136 159 40 42 2 133 115 136 147 246 33 227 32 166 42 165 129 19 42 280 107 249 63 103 117 44 128 211 32 113 48 61 55 109 90 66 116 24 89 76 39 151 130 218 135 246 55 138 122 82 79 161 84 241 16 257 11 84
127 30 1895 67 273 13 214 106 194 75 191 33 124 33 229 138 62 124 56 19 71 101 91 136 150 92 4 118 95 107 53 12 51 130 135 120 171 115 79 83 148 51 137 61 276 100 23 131 210 45 254 2 102 101 27 74 77 39 141 3 246 140 37
128 30 1804 27 263 125 180 106 300 24 187 98 36 22 105 39 56 48 232 78 40 11 103 97 43 60 177 84 251 118 44 7 161 66 135 134 278 48 23 99 157 140 131 32 240 65 201 149 185 90 167 22 161 126 156 117 291 66 12 92 53 65 163
129 30 1774 54 66 37 149 90 250 87 57 75 219 13 254 110 81 19 42 99 61 141 29 31 91 10 22 100 89 119 10 6 117 48 153 112 53 114 216 88 5 93 20 62 16 141 134 96 229 58 74 66 258 77 224 47 121 35 121 122 161 68 251
130 30 1828 55 234 105 132 33 248 98 213 35 85 73 221 80 80 116 288 58 42 67 144 117 291 31 249 114 250 74 191 75 110 127 262 89 113 138 164 10 179 111 148 86 211 12 122 76 250 127 29 130 108 24 193 6 288 75 183 113 35 30 114
131 30 1552 109 16 19 280 119 189 144 79 42 209 31 270 34 114 89 181 83 139 28 102 22 74 3 139 51 61 6 91 138 41 56 181 27 33 148 157 65 296 34 137 60 125 33 248 62 173 12 22 41 125 42 76 89 236 81 21 136 114 137 75
132 30 1823 38 276 136 159 109 264 145 127 11 186 79 175 47 175 134 194 12 141 120 53 64 43 70 184 145 138 20 15 117 50 67 161 128 41 34 1 31 86 56 119 45 215 102 110 138 207 18 299 46 69 60 172 55 247 129 68 97 113 26 183
133 30 1948 71 62 43 290 22 109 148 49 141 265 77 247 71 211 54 224 77 137 123 184 18 78 1 147 122 153 92 208 122 243 36 175 103 128 94 36 47 146 126 28 52 234 24 168 140 127 133 241 10 116 85 52 46 246 130 20 115 152 112 245
134 30 1839 105 95 72 11 52 195 11 220 4 294 110 169 140 42 63 212 93 233 106 245 71 10 115 7 64 251 53 186 43 27 68 194 119 297 38 225 56 133 121 154 60 209 86 178 139 112 95 19 17 60 102 163 95 84 108 202 18 69 75 128
135 30 1939 53 93 34 111 32 263 142 278 135 63 74 139 72 50 134 7 111 168 98 65 114 247 67 163 44 106 78 91 16 165 142 146 64 102 69 44 51 34 119 18 65 234 16 186 29 121 26 128 121 137 143 240 74 190 108 46 107 275 86 150
136 30 2096 63 200 9 60 74 146 47 153 142 232 148 53 137 107 11 129 31 145 145 238 139 283 94 92 51 266 53 68 72 214 124 136 150 229 141 296 85 256 58 16 143 66 45 160 103 243 17 76 95 166 69 45 54 171 106 211 99 84 116 281
137 30 1931 124 150 89 33 23 129 46 248 3 78 99 64 100 247 135 165 105 167 23 79 66 212 39 203 86 147 27 181 84 116 70 37 111 96 109 23 62 280 145 22 93 246 91 102 60 265 86 276 69 76 49 137 129 97 36 67 129 52 126 19
138 30 1868 49 91 84 105 99 140 6 241 144 159 143 8 148 30 1 251 67 15 146 197 78 241 67 120 57 265 120 21 77 152 6 291 54 16 36 230 33 237 81 264 44 272 100 269 123 176 146 28 125 179 89 164 37 177 113 22 22 106 40 290
139 30 2066 28 31 80 106 93 191 74 207 141 167 7 82 133 267 8 208 136 7 18 238 138 170 122 34 26 53 29 280 109 204 92 41 150 109 109 270 135 250 89 98 14 225 99 121 125 76 138 24 102 259 20 256 102 168 5 33 123 38 138 219
140 30 1413 113 240 23 83 140 227 8 284 7 205 66 183 75 167 6 194 146 85 66 165 43 134 96 19 4 294 119 64 101 289 4 121 106 56 13 249 76 81 29 184 7 54 34 240 55 135 66 78 30 244 18 234 30 210 134 270 69 165 83 25
141 30 1976 102 10 5 174 138 216 119 42 147 59 105 150 56 39 66 279 147 208 69 184 60 72 65 282 75 32 26 84 107 104 52 164 96 176 5 124 3 245 81 1 26 108 122 2 128 127 131 196 37 286 75 209 124 33 102 194 113 78 89 136
142 30 1636 3 2 42 262 45 2 108 199 118 255 144 280 119 7 7 258 104 18 85 70 8 138 3 277 94 283 96 167 37 237 136 252 41 64 108 227 148 131 149 31 103 171 64 269 31 20 2 78 42 161 46 178 44 294 52 167 27 255 39 276
143 30 1656 149 295 100 20 98 267 91 165 29 297 92 220 12 286 30 116 127 252 103 5 37 139 7 126 19 43 1 32 50 207 101 261 18 54 38 113 10 267 129 188 50 103 16 130 134 91 104 116 143 146 77 152 97 292 102 93 54 280 53 214
144 30 1858 11 73 148 30 100 206 139 122 26 297 51 278 72 183 86 274 94 100 80 73 135 222 33 271 13 121 90 203 93 84 121 96 51 9 100 86 98 156 35 104 89 119 46 132 41 234 126 74 60 138 81 42 145 97 100 107 35 155 24 112
145 30 1431 5 273 76 65 29 29 5 4 103 244 18 177 61 27 25 288 33 230 32 185 58 143 147 273 59 96 23 234 54 143 111 30 95 124 116 187 66 45 132 12 33 114 65 32 56 288 55 223 150 174 28 96 40 22 68 19 17 270 29 252
146 30 1661 2 255 82 233 87 64 27 224 30 250 60 272 62 102 76 226 67 224 104 168 132 172 118 111 48 273 69 62 129 81 38 3 107 6 93 150 133 1 16 35 88 185 1 124 85 81 113 280 138 11 72 167 38 87 44 190 1 236 17 139
147 30 1715 92 157 93 242 116 208 38 244 18 289 27 271 65 116 108 159 73 186 79 190 66 245 18 160 63 167 33 250 90 151 125 62 40 225 9 138 74 106 11 131 122 13 101 273 22 84 121 139 77 9 103 156 107 51 89 69 66 99 98 28
148 30 1788 123 40 79 260 26 155 10 65 110 130 22 149 43 246 26 100 62 280 67 162 93 146 119 178 91 288 36 222 109 155 57 218 148 286 55 231 97 92 40 176 78 120 114 132 107 205 1 204 78 19 99 295 119 17 21 146 138 107 68 297
149 30 1498 64 194 20 238 83 98 50 205 24 4 61 298 7 245 87 21 150 74 4 105 35 274 30 232 143 272 48 271 103 154 22 57 18 154 110 1 94 226 138 193 49 296 83 212 40 248 136 154 8 202 27 86 30 136 101 191 76 154 32 142
150 30 2377 5 230 12 184 144 229 56 193 1 119 121 296 140 97 116 208 106 89 72 134 138 121 144 41 109 226 123 61 112 145 111 126 86 244 125 35 76 6 114 3 115 299 130 151 48 293 42 76 142 252 102 125 91 79 139 265 145 135 107 30
151 30 1475 36 101 112 261 109 201 125 138 103 249 87 107 31 254 115 263 76 88 23 155 87 227 55 118 87 61 11 164 9 184 148 201 5 105 10 205 97 127 85 293 100 238 1 104 25 250 64 125 7 253 112 188 65 186 10 160 22 34 27 37
152 30 1796 77 186 47 81 129 210 99 62 13 180 121 190 127 258 90 273 52 82 128 3 29 108 52 50 45 10 150 216 73 148 13 45 7 239 1 128 87 123 117 14 5 157 99 74 125 66 79 172 148 299 79 65 114 68 23 122 94 289 23 157
153 30 1788 35 42 79 198 93 63 121 177 90 235 121 27 148 206 30 182 33 246 60 194 52 108 76 55 75 114 24 58 91 178 72 169 14 46 19 67 74 63 17 24 49 10 133 52 132 259 135 51 80 19 125 237 132 105 58 148 20 3 48 225
154 30 1763 12 299 126 63 18 69 89 84 64 271 75 78 63 164 108 99 39 12 57 61 55 269 146 270 70 263 79 252 12 118 55 139 91 193 26 125 41 288 95 104 86 100 120 296 68 186 74 295 28 48 55 153 118 263 112 131 110 95 112 4
155 30 1903 142 117 56 86 82 31 65 41 74 58 119 137 121 238 81 73 71 287 83 300 21 276 113 167 132 27 48 72 128 147 48 150 105 152 81 207 79 188 10 229 7 188 100 8 107 192 99 59 49 140 130 115 26 273 96 119 62 98 44 110
156 30 1879 94 169 85 259 81 45 97 72 106 82 135 136 78 281 32 52 37 78 54 239 40 260 38 167 115 298 58 241 146 260 137 239 137 7 16 4 30 227 105 277 59 212 113 44 7 68 103 1 92 81 52 207 13 299 63 225 147 11 79 1
157 30 1988 17 18 29 76 71 155 65 124 57 32 47 298 123 30 133 28 111 229 35 183 35 11 60 278 144 181 127 60 74 199 113 289 60 237 115 7 111 188 55 170 124 224 57 60 123 179 76 38 2 230 129 59 57 68 126 290 123 40 87 150
158 30 1921 107 165 80 72 101 214 97 126 20 60 93 163 102 126 24 107 107 258 31 131 34 169 76 117 78 287 46 147 123 191 7 77 43 217 97 29 133 74 80 115 100 261 106 187 147 212 64 90 66 85 85 9 103 77 35 292 139 38 78 189
159 30 1883 79 27 109 287 90 171 118 26 77 268 120 18 12 21 104 229 4 275 36 252 61 211 8 168 13 2 80 245 42 48 128 282 93 132 38 268 93 230 109 4 140 194 116 58 79 36 92 129 134 178 120 190 101 13 12 19 23 102 123 105
160 30 2029 2 150 93 70 149 138 131 19 147 139 31 83 96 88 136 165 4 247 107 235 9 249 101 178 141 213 78 49 119 68 57 63 140 12 110 196 97 133 48 131 34 146 40 241 73 14 84 157 19 8 56 234 116 35 102 298 123 58 94 153
161 30 1849 100 115 120 226 60 92 37 110 125 137 71 176 5 91 3 156 20 171 124 2 123 252 3 282 141 111 74 228 127 118 51 145 142 268 89 20 50 39 84 195 77 3 121 116 129 252 45 236 33 88 55 92 76 239 15 180 148 140 64 99
162 30 1564 2 45 134 64 94 124 44 21 16 193 16 225 95 245 150 295 102 135 139 182 26 139 36 173 135 216 33 29 51 59 20 272 150 185 57 222 108 194 34 263 6 175 62 149 50 273 39 170 44 254 33 288 30 204 108 172 27 231 115 99
163 30 1692 7 94 59 52 49 20 37 162 103 5 37 224 45 44 80 282 42 70 29 48 84 157 100 120 102 195 117 201 88 117 72 133 118 224 113 216 10 80 117 2 130 5 43 89 143 117 7 22 66 232 86 94 5 148 71 210 45 47 110 87
164 30 1590 99 114 1 57 130 173 114 183 7 6 33 165 67 1 101 192 92 38 111 134 91 274 12 299 49 225 62 160 6 57 27 273 122 113 77 235 12 141 146 101 87 183 1 51 11 209 20 15 43 70 131 103 44 86 80 196 63 160 149 58
165 30 1972 109 100 111 288 20 295 1 143 53 96 133 177 104 72 81 237 102 281 33 124 128 8 85 207 77 156 28 293 2 149 124 83 50 109 119 208 107 145 10 153 73 128 119 192 99 151 85 234 122 171 143 77 122 12 46 296 33 142 147 247
166 30 1799 106 97 35 231 127 23 67 59 1 131 63 88 6 92 123 91 116 287 54 255 81 2 60 288 147 189 43 192 1 151 54 264 79 229 92 97 110 265 43 299 75 249 150 14 4 171 83 256 136 60 3 152 59 194 122 168 125 115 84 152
167 30 1666 139 186 67 127 69 230 112 211 97 233 95 280 102 285 16 231 2 126 53 164 42 94 46 120 19 66 88 230 99 212 81 166 147 72 94 223 52 129 142 212 88 288 23 284 85 154 21 255 54 221 48 290 9 169 45 151 106 278 42 108
168 30 1652 65 249 12 240 147 99 51 54 15 84 7 124 50 4 69 113 128 141 131 284 98 55 54 55 31 283 32 217 30 137 109 171 89 200 142 198 7 286 25 174 17 162 18 290 132 142 52 143 33 143 61 113 109 264 111 78 124 140 116 6
169 30 1552 52 80 127 269 11 169 47 290 148 102 37 82 88 69 41 242 37 177 147 28 37 261 20 25 72 194 124 211 16 242 33 274 68 131 8 289 111 197 132 87 24 73 44 119 131 16 100 214 29 293 41 290 98 224 36 106 67 280 14 92
170 30 1848 107 292 17 247 105 4 7 98 126 123 30 84 97 250 137 37 57 200 29 245 141 278 33 139 128 47 86 65 42 130 109 179 78 122 92 209 64 21 139 231 6 202 102 102 51 272 22 201 99 66 49 174 24 93 77 21 134 153 122 233
171 30 1953 131 252 128 215 5 143 66 211 14 207 79 232 131 29 130 232 101 21 21 267 136 154 83 167 139 60 99 177 60 102 52 194 16 178 127 169 122 246 115 290 11 6 123 54 116 143 34 271 49 38 91 44 1 55 124 251 25 232 113 266
172 30 2191 66 220 52 103 115 290 148 210 82 40 69 218 65 99 46 200 112 261 116 153 118 3 48 116 83 270 88 245 147 97 47 188 117 134 122 67 97 115 62 51 76 125 86 154 84 125 135 16 6 211 145 194 127 105 149 93 80 19 51 254
173 30 1835 65 184 37 94 26 229 109 27 148 130 111 264 96 110 139 86 57 89 63 106 69 291 61 31 122 20 86 62 98 83 5 146 149 64 1 182 19 296 52 132 138 74 62 121 135 112 51 69 39 260 54 136 120 47 15 38 100 198 67 152
174 30 1636 13 44 39 225 100 137 72 184 70 175 2 25 98 203 52 163 57 34 6 29 78 139 104 104 50 107 73 13 143 54 34 27 144 79 83 269 69 8 29 3 68 249 61 248 20 260 77 78 102 81 54 66 13 12 106 270 113 138 115 216
175 30 1883 81 131 5 224 90 290 71 186 43 46 103 101 35 65 81 61 82 297 138 236 41 202 117 228 79 286 104 223 102 32 59 203 40 235 93 97 89 148 118 39 77 266 64 169 115 152 44 188 141 208 74 228 78 49 8 60 89 294 93 98
176 30 1743 93 251 98 57 79 32 16 222 122 109 59 198 55 194 66 143 134 99 94 73 75 7 20 235 37 44 102 14 138 33 6 53 115 253 51 9 19 154 116 271 10 8 29 234 80 59 128 221 84 76 122 195 29 7 44 185 12 88 146 274
177 30 1720 14 67 130 292 39 21 101 275 114 58 111 159 60 119 43 40 90 290 118 74 104 141 14 294 147 78 111 118 23 148 131 104 17 148 100 39 99 87 45 270 105 177 28 289 8 246 26 155 71 104 17 197 19 67 117 173 86 94 62 24
178 30 1949 12 184 106 53 141 154 56 34 125 58 19 113 20 298 48 120 52 150 140 59 40 149 133 16 19 51 138 150 105 122 115 273 127 225 32 258 125 69 13 294 99 123 125 26 9 166 84 222 130 235 104 201 138 249 36 174 15 107 131 176
179 30 1886 33 172 73 201 9 248 29 12 100 67 127 80 18 34 107 132 102 165 140 270 116 292 95 136 6 172 12 105 134 236 40 22 36 245 108 178 100 209 123 182 102 46 31 244 140 278 140 52 47 62 90 111 115 165 71 295 33 72 81 236
180 30 2071 131 124 147 16 32 218 53 199 25 88 81 40 130 94 50 267 82 51 27 41 141 124 100 130 85 7 13 289 41 66 92 108 75 107 130 299 116 192 85 228 150 194 85 78 95 84 104 240 121 273 96 139 93 97 86 145 8 241 115 109
181 30 1884 100 284 134 231 123 277 101 70 2 50 106 42 8 31 8 175 86 107 125 103 75 164 12 186 68 124 63 232 111 268 102 252 106 26 49 103 95 218 81 7 34 222 87 72 35 119 128 105 114 218 54 22 80 88 126 268 95 62 47 261
182 30 2208 107 213 137 65 54 94 130 230 82 263 60 184 16 57 84 76 121 65 112 94 146 281 50 171 82 12 126 268 98 57 104 142 119 207 89 24 104 280 112 245 92 147 99 180 32 16 84 167 95 157 41 289 110 238 100 262 27 96 148 64
183 30 2000 55 193 55 216 118 292 80 73 40 206 54 106 16 22 99 137 38 83 121 104 148 58 133 256 123 201 111 264 117 286 128 179 121 91 59 50 102 249 37 239 1 153 36 123 20 266 125 287 41 156 140 139 88 2 29 143 146 284 120 82
184 30 1942 129 89 8 231 11 29 148 92 116 193 17 130 79 254 132 265 10 184 130 219 34 143 67 244 38 12 109 231 84 2 119 81 120 216 78 196 104 175 63 32 76 197 53 164 101 262 97 154 103 247 129 8 4 81 87 109 87 296 95 260
185 30 1692 104 51 52 247 57 75 58 184 2 292 106 161 149 155 24 158 20 178 23 275 74 264 79 152 82 298 9 199 114 163 48 118 142 192 139 64 71 201 66 250 105 150 22 65 50 31 73 299 34 212 110 9 147 93 23 23 20 169 113 20
186 30 2069 105 37 72 79 98 134 30 281 138 119 32 213 16 78 96 164 68 230 39 202 120 191 101 187 115 174 111 172 145 273 63 149 11 143 112 146 62 273 139 254 104 213 9 268 126 125 98 289 138 181 21 145 144 32 127 114 100 43 47 127
187 30 1712 77 77 98 255 121 51 67 229 5 49 140 224 35 129 51 30 126 250 51 137 134 45 36 203 70 32 131 212 127 264 19 34 62 15 32 21 63 276 27 194 89 44 81 44 82 49 126 113 106 20 8 283 30 135 66 190 49 249 31 97
188 30 1907 69 139 126 46 114 122 85 266 38 172 57 75 121 31 119 139 40 56 25 299 104 290 119 192 73 270 116 136 144 137 101 256 47 136 51 286 115 56 105 29 45 239 30 55 5 38 13 149 75 289 147 30 18 272 44 22 137 254 101 246
189 30 1820 144 75 69 98 124 280 35 163 123 5 16 292 23 60 23 171 98 44 49 64 81 265 111 239 144 133 80 78 133 292 79 75 17 94 60 91 30 248 145 99 25 81 100 276 127 237 52 9 4 39 80 229 100 186 114 245 16 71 74 158
190 30 1819 55 70 59 268 137 159 15 104 95 292 20 206 110 50 125 2 121 54 145 231 77 129 34 48 52 2 64 236 82 109 6 145 35 22 54 30 51 239 55 169 86 88 2 72 91 291 88 297 83 279 85 295 115 71 73 278 123 221 136 48
191 30 1933 32 43 147 114 39 114 110 169 101 37 3 147 96 300 59 34 57 168 143 198 78 259 79 4 3 94 15 7 13 227 101 282 124 15 125 228 96 50 71 77 149 162 110 34 27 50 114 94 127 294 17 287 108 109 119 181 40 201 114 239
192 30 1417 23 192 137 124 119 48 2 208 98 158 99 121 136 47 56 179 128 12 107 43 115 177 32 199 139 110 3 190 10 63 134 14 90 239 11 25 9 219 78 98 18 99 44 219 4 8 28 91 14 7 5 215 14 271 11 269 103 224 5 278
193 30 1744 16 128 144 117 76 175 95 280 125 156 122 97 87 137 114 278 50 124 144 293 64 148 103 75 71 135 16 300 63 157 2 269 31 262 130 184 146 86 45 178 82 235 57 254 39 111 25 229 6 145 64 209 113 283 79 38 27 173 45 71
194 30 1605 79 11 78 203 102 261 97 110 124 153 121 187 150 284 126 222 14 247 143 146 19 123 20 138 101 18 69 114 39 171 4 47 22 56 25 9 109 155 97 175 23 151 47 52 87 180 1 244 106 186 86 55 43 237 34 4 7 82 34 34
195 30 1967 144 30 64 79 38 278 124 219 44 9 22 199 70 128 65 61 98 232 71 24 137 230 89 126 146 87 71 245 124 143 129 98 97 176 131 118 86 257 122 270 18 86 88 260 24 194 15 222 73 104 76 289 47 210 142 200 47 36 57 140
196 30 1599 67 152 113 239 92 81 43 109 133 123 3 18 141 110 4 55 49 66 8 208 43 240 73 28 58 274 130 215 113 151 32 127 12 290 59 274 108 66 99 51 30 222 61 165 31 92 24 143 30 207 36 69 126 208 138 250 26 178 117 260
197 30 1757 68 12 38 164 1 161 31 9 72 124 95 80 34 184 73 85 117 108 20 298 103 150 86 281 72 107 13 138 124 266 62 81 67 58 122 50 53 222 145 145 136 167 29 166 91 238 112 197 102 94 61 97 95 149 18 290 135 186 22 40
198 30 1832 19 105 141 27 30 290 42 2 7 243 7 294 47 111 1 42 134 90 108 130 98 164 114 296 69 244 76 248 71 293 124 236 67 127 90 8 58 75 86 146 132 123 114 52 26 81 100 254 23 122 117 86 110 264 127 143 76 232 76 296
199 30 2026 38 78 53 237 102 218 136 165 71 56 67 115 69 40 98 283 117 255 128 79 12 220 114 183 14 156 131 266 64 24 109 276 88 281 144 216 36 19 50 32 118 248 39 275 68 253 51 55 119 177 126 230 55 177 65 277 136 61 115 117
200 30 1772 28 141 140 7 17 180 20 60 127 170 62 111 140 289 88 65 68 81 36 290 31 160 81 165 120 241 8 204 143 20 97 100 65 153 122 66 96 229 120 84 2 215 39 298 12 207 110 287 26 230 56 170 56 249 119 283 115 291 72 131
201 30 1849 91 10 148 8 12 202 6 43 3 161 111 111 6 115 57 192 120 162 72 227 121 102 103 222 85 52 62 259 64 147 14 53 47 21 55 177 129 28 91 193 131 8 134 263 65 11 58 206 93 30 114 300 108 295 41 277 25 1 146 92
202 30 1619 24 82 58 38 30 35 22 40 37 190 47 118 76 101 53 149 115 273 13 91 127 277 24 230 89 177 11 46 74 265 80 178 122 268 142 213 57 94 103 300 18 160 8 66 77 43 109 129 23 186 90 51 144 21 124 298 58 68 69 82
203 30 1574 25 185 75 215 62 13 11 77 36 234 11 184 23 254 1 61 6 238 108 128 106 87 106 50 128 42 90 120 39 104 31 132 7 149 120 120 92 214 131 268 3 167 38 27 92 72 130 210 104 43 54 232 71 292 45 163 83 132 140 151
204 30 1719 63 105 6 27 19 50 73 300 68 44 13 119 142 261 87 238 78 170 109 135 126 161 91 258 16 277 2 125 111 245 105 79 100 140 74 33 54 48 147 253 52 279 75 281 19 187 63 207 117 194 65 163 117 133 10 130 18 220 129 44
205 30 1690 57 168 70 164 83 233 97 162 115 155 71 92 3 248 35 107 142 287 47 63 89 183 93 288 21 83 129 207 102 60 42 180 110 94 21 292 75 197 5 182 32 45 45 137 112 43 65 92 5 280 51 213 52 258 149 190 78 63 117 211
206 30 1935 97 278 126 221 34 259 141 156 144 37 142 97 59 42 117 135 95 43 14 98 113 39 150 298 75 90 111 289 48 154 96 182 53 20 59 269 1 138 132 255 98 299 9 296 86 26 48 238 31 142 115 159 104 223 109 210 5 29 7 156
207 30 1636 85 184 16 72 5 101 75 21 128 147 144 251 39 37 67 214 67 190 25 253 142 152 38 45 11 32 87 236 82 118 37 37 138 145 42 300 121 274 111 30 34 104 49 102 148 145 7 127 44 111 127 156 59 253 48 275 51 168 18 161
208 30 1521 72 299 88 280 20 245 19 129 29 72 34 278 37 178 120 123 71 85 38 154 54 134 38 127 37 295 79 152 88 61 60 99 15 93 119 67 97 68 142 203 142 123 44 6 108 169 80 4 27 170 45 74 46 291 60 290 50 104 43 72
209 30 2140 77 157 147 14 129 24 35 87 112 145 137 203 23 286 93 165 1 9 110 30 103 288 83 146 109 151 70 56 149 287 20 25 148 78 44 86 71 26 45 34 137 207 132 180 45 140 147 185 46 281 78 26 37 140 112 153 110 63 125 99
210 30 2013 78 176 91 92 90 91 108 269 81 18 28 28 7 94 97 257 32 265 18 300 44 300 134 80 80 1 139 182 126 1 108 220 21 22 81 259 141 101 101 206 147 252 50 144 99 163 84 45 88 14 43 180 98 289 122 284 93 146 88 12
211 30 1655 108 107 32 161 5 178 113 135 106 70 26 40 100 212 47 99 148 52 92 68 79 36 76 101 42 288 100 207 131 160 13 200 30 210 47 170 72 149 46 68 30 212 106 48 14 200 119 200 56 218 72 59 35 153 78 222 37 120 109 7
212 30 1768 1 246 25 23 10 139 80 99 57 267 38 244 89 150 36 177 114 286 50 269 120 197 125 27 108 102 87 106 108 202 5 64 106 227 111 28 60 34 21 216 131 111 82 273 120 277 76 220 123 94 83 295 109 10 37 101 24 154 75 5
213 30 1818 134 225 137 136 73 23 132 14 83 245 60 51 4 81 22 109 113 286 6 277 1 155 142 17 37 139 105 16 25 16 91 94 59 286 87 212 31 182 77 24 149 144 74 3 98 194 84 252 63 195 86 164 144 251 54 109 41 75 61 189
214 30 1870 111 135 66 8 89 121 79 10 127 105 119 139 9 172 6 121 144 129 88 111 133 278 15 233 101 50 84 173 110 246 117 22 65 46 125 240 10 136 105 20 68 268 37 134 108 102 20 99 1 134 38 146 104 240 91 175 70 278 98 233
215 30 1590 13 61 149 82 15 145 90 172 84 291 36 7 123 109 94 60 81 17 34 242 42 212 51 213 134 257 120 101 39 85 27 144 48 144 15 62 65 157 80 225 64 214 17 157 48 93 49 192 104 243 39 65 117 61 133 122 49 283 28 30
216 30 1988 135 189 122 262 56 135 40 76 79 75 64 275 122 38 119 238 46 73 19 291 64 102 141 51 93 100 52 130 147 144 148 16 36 13 104 142 7 293 104 252 58 51 41 166 43 254 120 169 138 132 93 70 112 16 54 150 82 122 46 83
217 30 1664 58 109 136 68 96 125 33 100 23 166 60 282 20 198 11 197 71 262 98 14 53 200 126 57 148 40 6 232 63 89 88 289 8 176 85 191 138 252 32 188 43 77 21 125 71 288 8 137 64 201 133 176 105 209 107 85 73 282 103 121
218 30 1707 144 42 31 51 23 212 78 84 31 60 14 73 134 294 93 105 128 103 55 161 125 245 50 50 48 70 98 249 38 137 41 283 131 188 59 210 107 10 114 55 10 273 7 205 21 266 68 142 53 105 21 145 74 281 117 184 132 251 89 189
219 30 2027 55 98 138 90 103 20 137 227 84 88 88 58 124 140 55 125 81 55 34 52 72 256 52 15 76 101 116 12 119 281 125 123 109 43 69 280 69 72 45 61 80 92 94 263 44 228 41 287 78 244 91 217 150 295 36 42 46 72 123 86
220 30 2029 8 246 21 45 127 204 150 273 28 283 10 17 47 45 86 211 126 231 99 11 120 30 80 61 85 247 124 97 111 150 37 90 91 235 15 84 115 128 76 172 5 25 122 237 120 5 86 226 123 38 43 148 129 36 118 248 127 4 108 98
221 30 1892 150 81 7 299 120 80 39 79 47 147 140 132 19 167 131 66 70 160 76 19 42 131 13 233 97 136 124 289 146 85 26 116 131 221 138 18 27 39 129 181 94 185 55 242 40 93 150 65 92 254 90 24 27 121 9 16 26 105 111 122
222 30 1881 140 197 67 93 13 153 42 185 80 67 17 215 142 45 57 104 94 96 148 177 119 210 3 163 134 111 2 171 140 260 116 46 107 86 63 130 84 210 122 54 54 266 107 293 71 94 34 186 78 294 17 279 55 298 110 296 16 108 120 198
223 30 1504 24 118 47 216 143 16 37 11 70 20 8 226 59 249 24 170 66 110 34 269 25 181 96 111 53 125 111 41 117 151 148 176 3 245 87 263 107 53 56 45 45 263 149 86 3 46 33 173 18 37 144 219 100 222 44 176 27 153 2 271
224 30 1716 14 120 67 42 28 145 62 63 142 161 39 31 10 165 4 208 13 189 65 59 142 147 132 186 130 94 82 144 5 137 125 124 68 28 141 236 73 171 9 197 33 230 91 147 88 284 32 12 78 9 40 292 39 102 148 42 100 132 145 273
225 30 1825 124 8 82 142 97 261 121 174 147 77 139 99 77 77 18 214 3 67 54 41 64 199 72 296 35 280 88 153 22 296 35 276 86 48 16 212 26 167 65 100 20 70 11 147 132 213 128 41 10 165 115 259 108 143 149 196 111 250 127 83
226 30 1813 14 105 101 141 147 45 9 287 94 95 86 22 84 211 19 299 42 65 82 180 48 297 65 218 93 261 140 152 46 275 89 160 116 249 120 139 10 57 32 8 143 93 94 236 137 2 127 65 144 1 22 122 7 246 18 214 88 146 50 205
227 30 1718 72 133 120 108 19 71 4 159 120 232 42 229 86 250 65 204 88 206 83 90 45 258 22 162 119 203 26 205 113 47 86 269 61 143 81 229 28 218 92 55 133 166 61 214 55 300 103 172 26 76 63 98 99 58 147 265 55 189 34 130
228 30 1812 74 188 4 51 55 102 46 27 72 43 52 230 20 28 147 243 106 189 56 37 104 116 5 192 131 2 42 153 41 167 52 107 138 96 107 115 108 123 6 227 81 19 95 260 10 262 144 221 72 261 47 160 142 131 138 224 124 216 47 288
229 30 2068 65 254 1 34 105 175 101 187 48 298 7 150 45 106 129 251 150 156 27 14 3 120 1 60 69 210 117 228 146 56 147 229 104 35 110 204 123 61 68 277 76 297 43 117 52 288 147 257 127 246 145 106 44 204 98 83 146 102 142 299
230 30 1770 109 154 143 21 35 231 55 294 46 114 65 181 116 269 48 194 86 287 117 259 21 186 113 63 53 74 146 50 7 131 98 209 50 57 146 70 4 72 15 95 146 10 45 192 77 201 39 83 103 160 103 234 31 190 94 147 97 160 5 231
231 30 1668 145 238 32 221 15 201 68 266 75 282 9 256 86 35 82 137 15 201 101 112 96 31 123 262 32 217 137 191 4 63 139 45 126 226 144 271 56 66 140 116 87 273 56 44 9 155 46 76 20 15 67 284 23 55 116 147 14 278 23 289
232 30 1651 47 167 56 58 1 72 114 124 136 106 67 54 29 81 18 189 47 47 127 299 67 212 26 39 43 101 63 148 107 214 36 105 67 212 26 280 67 192 71 7 30 229 50 257 77 49 136 236 63 62 17 180 77 237 147 142 105 50 147 147
233 30 1816 75 237 8 176 135 268 125 217 107 245 6 264 132 188 134 289 126 209 65 254 123 268 22 198 106 110 1 23 28 156 91 69 15 89 139 164 78 160 115 9 68 28 55 140 80 113 46 188 31 107 107 278 63 49 63 179 30 103 96 55
234 30 1828 109 293 39 103 2 300 85 298 20 245 12 68 80 226 71 135 131 30 105 113 86 61 55 160 84 237 127 299 134 142 25 60 131 243 72 296 2 89 64 204 63 136 111 297 43 35 83 144 122 17 127 227 49 9 89 196 74 65 90 73
235 30 1800 96 39 76 108 50 184 38 248 74 297 20 52 76 217 90 80 29 214 67 218 30 288 146 177 129 126 22 150 59 93 72 68 144 89 99 268 92 114 39 65 73 68 130 139 136 208 23 275 125 14 73 52 25 70 75 270 19 28 124 136
236 30 1812 126 186 6 99 81 226 129 255 36 70 109 110 127 181 51 149 48 14 83 36 145 125 89 224 12 68 31 55 120 126 44 287 51 240 4 88 102 96 123 106 102 294 69 277 76 228 36 146 149 107 55 238 97 151 51 4 22 39 91 139
237 30 1588 73 210 136 227 88 41 99 129 85 273 36 138 41 6 86 269 19 238 77 248 107 274 25 223 9 67 74 40 53 230 76 91 62 226 11 86 41 22 81 253 66 155 107 148 18 199 30 93 41 81 59 248 46 82 50 284 141 86 148 149
238 30 1740 98 298 110 9 77 92 45 163 37 175 39 123 2 37 142 192 94 204 17 5 147 275 29 222 14 218 131 242 143 237 19 18 29 69 112 275 100 214 9 44 105 210 28 54 67 148 125 86 77 243 5 102 10 152 110 56 125 146 130 240
239 30 1715 50 68 109 15 98 219 69 22 74 210 94 278 74 10 116 112 38 282 65 112 42 256 141 144 53 48 8 236 88 7 90 269 30 288 112 26 34 270 71 79 24 290 2 176 78 253 90 125 61 189 67 158 125 37 122 19 118 113 1 161
240 30 1773 100 298 82 30 26 20 119 203 31 293 17 296 64 41 85 130 68 138 59 127 30 205 31 163 142 68 119 298 14 142 4 125 24 39 100 29 57 231 32 92 98 284 50 167 97 148 145 82 133 289 134 89 150 281 41 136 35 248 130 285
241 30 1907 105 215 113 52 122 64 141 45 39 16 118 47 72 47 106 161 55 157 85 239 121 172 55 21 36 156 64 119 29 181 131 25 96 225 84 126 124 49 80 256 42 224 63 261 81 2 5 232 66 226 92 146 87 289 22 236 135 41 15 228
242 30 1882 62 183 120 112 75 16 128 156 141 173 83 77 8 11 18 132 53 217 116 119 88 32 92 196 145 124 131 107 88 158 2 24 99 18 19 125 61 184 74 84 39 134 89 163 61 283 118 297 20 206 50 16 148 168 99 95 3 279 123 252
243 30 1860 146 101 95 162 17 111 107 210 118 79 64 23 100 139 29 5 39 70 92 191 53 249 68 178 47 283 102 180 67 31 30 111 50 232 128 14 20 148 131 179 147 45 56 100 40 125 52 259 115 103 12 225 86 11 148 73 112 256 55 156
244 30 2156 1 257 107 201 98 169 41 48 60 201 128 115 97 298 107 68 141 47 105 135 56 152 139 260 117 132 83 161 20 184 28 244 149 283 30 169 135 49 4 177 147 24 99 137 145 9 19 139 140 5 74 288 63 79 129 95 84 209 150 191
245 30 1564 51 71 120 218 94 276 121 100 35 248 113 140 128 77 11 68 24 154 7 270 59 132 75 131 38 63 8 136 106 266 50 139 51 125 111 89 10 251 40 200 73 49 40 78 93 220 110 101 72 241 128 101 57 138 33 246 95 120 3 235
246 30 1851 34 234 18 214 73 34 123 240 100 166 88 174 26 259 101 202 134 62 54 78 139 264 61 300 131 223 47 85 43 91 102 131 10 192 81 243 33 88 111 210 136 43 52 163 14 237 150 27 91 159 60 189 77 252 100 75 47 179 78 66
247 30 1632 58 83 149 93 79 298 42 91 67 109 68 226 60 193 11 74 65 142 81 60 115 140 64 216 29 250 1 284 69 95 84 89 6 161 17 27 84 165 60 167 92 140 14 80 76 109 123 159 110 241 117 290 70 199 68 44 71 189 91 9
248 30 1981 125 78 133 186 71 134 46 20 86 64 49 254 99 13 73 104 104 36 149 150 120 119 30 159 138 299 82 212 56 166 87 69 38 151 18 100 11 113 30 21 121 115 77 259 9 182 122 145 51 207 142 72 3 150 143 144 135 235 129 44
249 30 1465 124 42 39 14 57 69 138 71 44 61 96 68 11 108 7 138 18 136 104 251 140 122 93 101 104 172 42 254 67 55 2 157 98 254 115 121 6 193 22 52 23 14 59 275 33 299 75 151 57 136 42 10 117 177 16 206 22 282 61 40
250 30 1668 98 186 130 57 78 258 65 63 50 41 8 137 12 276 101 108 62 297 72 57 111 163 112 171 53 100 72 127 81 110 66 178 4 168 36 115 68 288 84 220 145 216 83 30 104 93 53 214 44 300 73 96 46 283 106 147 38 204 30 96
251 30 1656 47 53 47 161 86 84 97 288 84 188 3 237 82 299 28 58 122 131 45 141 129 79 42 183 102 49 142 115 115 292 55 274 78 83 31 277 15 1 15 194 9 63 48 31 26 293 89 60 82 203 86 71 40 21 130 1 88 108 107 150
252 30 1756 116 246 37 163 59 221 86 289 6 83 94 35 131 145 26 121 34 211 107 242 25 180 80 231 130 30 143 227 64 210 126 44 83 294 21 238 101 208 31 16 47 80 6 297 111 256 57 147 86 19 46 61 26 11 27 5 139 148 150 247
253 30 2004 126 74 104 156 62 147 49 215 80 27 70 190 36 20 45 86 127 276 126 164 105 228 134 275 44 234 39 63 78 67 115 42 76 244 129 164 123 298 42 105 98 58 10 167 125 161 117 32 91 31 20 268 90 235 32 256 113 114 99 213
254 30 2118 21 202 105 123 37 178 49 226 94 124 123 53 143 71 136 285 135 4 82 194 143 73 42 287 51 133 85 6 116 88 80 123 138 32 136 96 147 273 92 110 77 151 59 88 84 29 50 157 25 287 46 186 77 72 78 183 81 276 116 285
255 30 2143 130 132 99 42 136 287 78 256 147 40 138 300 9 70 81 1 124 82 72 52 93 172 92 87 24 48 42 218 130 173 53 112 58 141 59 192 71 203 143 62 134 124 142 65 114 176 110 235 85 54 7 81 80 97 120 77 39 298 69 75
256 30 1720 108 136 52 26 104 243 93 260 43 44 123 173 88 154 120 35 44 58 47 57 43 171 69 198 15 231 56 193 35 89 84 140 31 137 125 53 101 228 64 123 18 119 78 118 139 279 132 136 18 266 56 290 57 214 102 226 28 192 77 14
257 30 1800 60 247 31 293 56 99 119 240 13 22 54 56 12 70 132 158 138 152 48 24 34 110 83 124 141 137 25 215 144 263 87 293 87 136 49 124 108 238 136 234 133 62 109 12 1 215 40 145 24 82 62 2 71 158 77 254 53 126 123 246
258 30 1311 28 101 12 213 80 72 91 31 114 160 16 128 13 60 13 195 80 205 40 253 11 110 16 105 43 75 10 186 102 55 85 220 122 8 93 21 6 148 11 83 24 179 114 186 128 184 91 90 5 176 4 80 23 288 70 166 101 124 93 38
259 30 1909 101 69 82 269 70 293 5 259 65 211 121 68 131 128 134 271 64 112 89 31 132 25 61 211 76 29 105 96 35 79 46 211 117 198 9 200 129 294 128 178 39 155 28 15 72 78 127 79 50 171 107 182 85 106 139 111 10 31 30 192
260 30 1940 37 203 39 123 121 78 97 37 139 204 113 107 89 184 92 156 32 140 45 265 79 159 24 137 142 149 5 194 66 249 77 213 114 266 64 84 101 122 114 77 62 263 32 282 144 81 32 253 72 229 145 2 52 268 50 172 144 215 102 5
261 30 1865 16 49 138 101 20 196 135 294 67 56 13 122 122 180 110 287 83 50 100 2 76 252 74 130 33 115 108 292 68 109 88 213 83 102 68 170 73 100 124 259 71 216 113 36 145 91 78 113 18 172 32 102 77 39 45 114 53 9 101 161
262 30 2154 78 238 141 77 105 95 131 103 101 178 69 251 39 263 51 283 89 278 47 70 53 138 131 174 88 46 148 5 22 117 122 113 70 90 104 218 110 94 14 260 133 87 95 117 51 253 74 253 122 292 1 287 131 48 114 220 111 96 148 175
263 30 2047 16 132 34 51 148 176 140 270 25 205 54 47 70 109 44 261 103 91 110 18 149 102 64 39 4 227 108 72 150 214 19 206 10 100 64 52 145 214 90 76 128 144 59 29 148 44 66 189 64 245 146 103 140 254 138 274 100 110 23 104
264 30 1782 71 215 40 100 48 40 22 272 16 218 7 186 38 240 53 260 86 189 120 172 116 199 45 267 85 242 81 118 126 270 75 85 150 97 22 192 47 43 148 278 114 45 137 292 93 234 24 259 62 133 52 69 83 292 118 58 79 239 70 172
265 30 1929 61 280 67 132 103 258 111 263 28 193 80 157 109 228 147 144 21 150 122 255 146 226 42 91 44 189 95 237 64 109 32 268 132 246 145 162 61 181 130 163 60 41 98 164 80 5 24 217 113 207 51 298 119 218 33 111 3 207 91 83
266 30 1656 107 42 104 78 12 58 19 180 144 190 46 275 140 29 29 274 102 174 112 195 129 130 72 250 16 214 78 238 67 230 10 300 57 271 8 250 86 64 4 137 53 196 131 82 140 149 12 177 75 78 50 146 62 211 7 285 76 197 123 91
267 30 1790 119 130 5 13 136 55 49 9 29 293 57 136 26 24 62 230 53 21 149 81 102 226 94 248 129 273 45 129 89 280 2 251 11 91 22 148 104 246 50 138 32 81 140 50 98 216 150 215 113 258 132 154 49 255 64 299 89 83 38 56
268 30 1448 22 244 25 77 58 79 135 97 43 234 3 121 28 191 9 281 32 198 23 95 44 240 100 194 56 258 2 38 129 70 49 150 61 108 56 23 51 181 19 8 148 112 111 198 53 175 58 42 72 258 121 270 103 204 78 34 23 265 98 292
269 30 1672 50 36 75 163 29 211 66 70 8 78 109 12 90 6 107 155 88 266 145 237 64 168 35 198 111 163 22 104 72 25 16 133 96 199 90 146 70 27 96 72 83 16 41 295 79 171 147 128 40 202 46 229 39 256 11 106 99 299 66 211
270 30 1968 107 226 28 23 25 107 138 255 136 12 106 39 76 42 105 298 51 278 67 115 70 98 74 49 50 249 75 23 67 168 104 241 117 22 46 144 144 9 89 145 66 24 10 246 139 63 18 174 134 295 66 72 39 213 65 206 111 44 138 64
271 30 1609 117 14 121 235 71 213 128 282 106 232 15 36 20 296 133 12 21 118 7 261 136 212 91 208 34 272 22 259 49 240 19 162 146 46 86 171 50 256 16 127 119 222 91 21 31 146 106 169 7 46 31 67 40 206 12 202 74 135 113 261
272 30 2008 119 216 31 286 58 43 107 208 90 299 122 287 35 97 70 274 109 158 106 220 17 263 17 277 108 95 126 214 15 294 129 168 146 272 44 241 143 234 76 246 129 28 51 29 105 278 109 258 131 17 71 194 4 16 48 163 106 88 89 31
273 30 1864 45 52 139 104 35 220 28 271 8 250 52 38 76 219 10 79 75 227 98 59 30 285 125 24 81 89 40 214 81 78 83 199 59 203 63 210 70 157 132 285 41 59 38 65 146 105 139 46 106 156 60 291 143 150 118 98 64 87 146 256
274 30 1670 29 68 58 174 140 34 137 144 30 41 134 54 98 66 83 193 46 161 67 198 35 127 34 163 7 140 52 208 127 79 9 127 94 285 52 116 24 200 22 227 127 147 74 129 78 15 4 152 92 262 84 190 96 228 121 240 70 173 64 141
275 30 1488 57 198 40 4 47 200 23 213 43 35 2 233 9 68 16 236 138 63 6 46 131 50 105 90 9 17 20 26 4 245 109 37 10 209 106 228 103 271 17 271 83 18 53 40 146 138 31 203 15 226 150 176 127 55 148 279 69 295 44 146
276 30 1711 22 237 65 170 145 41 59 290 7 124 1 137 148 227 17 53 108 58 70 83 22 127 125 51 57 219 124 200 48 107 70 197 141 204 141 263 69 240 30 49 47 10 6 56 23 198 99 294 41 41 148 149 144 1 70 49 5 209 87 83
277 30 1729 77 234 64 300 63 82 73 276 43 282 29 251 97 294 33 146 89 104 8 114 25 248 129 139 105 252 14 295 16 270 139 147 80 238 101 180 80 64 23 6 93 196 129 74 108 158 125 61 54 131 63 219 2 216 128 165 23 195 149 166
278 30 1533 12 230 78 226 3 200 42 286 69 191 70 12 147 243 14 27 43 167 110 295 144 102 74 170 69 194 36 76 2 250 50 73 11 298 135 94 44 228 130 7 35 144 27 260 102 202 110 249 72 117 141 121 33 128 99 184 4 211 11 148
279 30 1890 93 295 110 49 62 120 68 192 46 235 77 282 120 261 57 225 105 147 113 195 126 23 32 95 26 152 145 21 131 100 109 140 91 281 41 173 86 121 102 160 76 213 42 48 11 288 39 208 70 122 15 26 43 215 123 121 131 49 73 249
280 30 1804 95 162 1 105 35 226 137 15 104 85 131 292 115 64 113 91 40 129 68 118 107 102 89 1 52 7 130 188 16 78 41 143 102 256 26 261 82 7 60 35 106 71 27 52 129 41 7 21 38 165 38 136 62 190 92 22 116 140 97 175
281 30 1501 27 74 83 281 21 90 141 127 34 38 53 201 19 160 37 248 100 142 56 86 122 40 34 7 59 105 112 187 3 249 65 135 66 164 7 292 10 237 5 227 26 190 31 221 136 175 40 109 32 273 143 256 65 276 111 158 94 295 145 215
282 30 1908 135 171 1 80 141 293 39 2 115 108 24 81 83 143 116 91 85 18 73 274 82 172 51 149 5 181 118 96 25 73 31 218 72 23 139 205 45 118 133 175 73 184 103 281 137 100 93 102 77 48 41 177 86 159 135 179 88 160 40 125
283 30 1615 95 287 28 136 72 237 123 242 126 178 88 160 138 273 55 288 106 277 47 169 12 206 52 39 14 124 24 187 1 158 52 250 94 34 69 152 52 98 144 149 132 126 17 84 41 208 39 51 45 172 97 9 93 81 59 2 42 205 62 181
284 30 1540 61 104 37 4 95 138 121 283 74 128 21 72 33 207 70 71 13 206 68 149 29 58 122 277 9 196 8 139 53 166 132 199 21 18 95 248 47 280 56 37 60 139 121 194 40 83 35 295 23 7 71 40 114 139 120 83 82 216 94 83
285 30 1872 35 75 2 93 135 95 75 205 76 64 26 77 149 14 46 64 149 115 42 177 120 110 118 173 150 119 132 20 3 52 73 226 51 158 69 116 59 293 117 276 121 63 30 278 101 97 4 295 113 205 27 273 86 238 138 172 38 197 55 206
286 30 1513 9 58 11 143 48 12 114 2 87 290 126 116 76 268 51 90 114 235 36 143 144 14 39 213 31 2 14 41 42 298 8 241 44 75 135 231 19 86 13 217 80 81 35 171 26 68 130 184 1 145 122 158 122 40 106 259 81 37 28 128
287 30 1607 97 143 106 131 57 64 116 153 25 125 120 83 101 50 19 106 51 258 21 41 96 226 128 200 80 91 2 241 41 218 83 28 18 173 95 222 125 239 17 285 100 13 89 221 17 73 47 11 14 221 108 91 96 26 96 166 1 207 43 286
288 30 1789 56 189 61 276 105 49 60 213 107 136 37 193 101 62 3 300 105 231 139 239 37 208 55 79 150 16 72 156 115 194 15 146 95 11 23 32 72 157 129 300 78 45 31 217 92 228 8 248 66 225 63 242 61 138 34 82 132 88 135 246
289 30 1844 130 83 47 13 129 274 10 203 1 111 34 187 41 220 84 63 6 183 105 198 96 119 8 60 106 213 60 116 103 248 80 7 103 225 18 7 125 136 94 283 72 159 96 16 135 156 108 71 54 80 129 229 16 175 149 296 141 105 25 156
290 30 1658 131 115 99 194 130 196 78 37 11 168 95 236 90 220 138 168 36 157 95 26 86 267 3 235 92 82 3 77 127 5 40 164 109 143 4 269 46 239 97 101 55 29 77 95 86 195 17 274 22 136 120 166 4 296 51 197 124 163 7 170
291 30 1712 93 294 144 64 58 227 54 166 60 48 79 115 132 287 13 143 47 4 32 203 4 285 34 100 4 182 34 110 130 195 149 246 82 81 113 225 131 287 82 126 139 182 88 157 39 202 52 254 52 123 134 22 24 160 30 279 24 249 84 258
292 30 1759 144 122 118 154 81 219 2 280 53 52 36 57 40 293 46 106 61 252 134 117 116 123 89 200 80 263 42 294 17 195 33 168 53 41 77 36 104 172 43 243 112 243 84 202 52 58 116 55 41 183 99 37 88 55 104 224 68 105 66 29
293 30 1682 39 149 4 36 18 169 124 127 104 10 148 124 43 234 4 143 94 164 21 14 36 271 50 232 37 255 63 174 109 239 26 151 29 281 20 41 5 191 33 52 133 170 115 16 116 229 62 22 129 237 98 36 119 285 146 7 94 265 84 38
294 30 1940 137 169 68 267 101 186 140 179 139 208 34 299 79 184 37 107 7 228 101 108 83 76 44 44 83 192 28 239 146 183 99 195 30 291 107 57 2 124 132 294 58 107 27 133 26 241 73 203 111 126 116 279 141 236 38 93 107 152 132 84
295 30 1708 82 44 79 292 42 189 43 82 94 36 26 25 87 12 108 119 50 88 100 58 111 32 56 126 20 106 142 134 28 139 127 159 85 128 15 201 92 280 147 23 95 111 114 30 12 237 63 222 29 45 11 219 108 63 97 79 49 219 24 13
296 30 1574 89 182 95 253 35 87 6 238 10 187 44 206 41 256 45 65 64 193 93 5 70 281 68 62 104 30 145 222 145 78 119 140 53 245 68 293 19 58 1 180 60 104 64 224 82 180 115 194 58 289 118 54 57 161 30 116 30 27 40 106
297 30 1839 143 236 53 79 142 252 123 46 5 198 145 108 7 265 105 143 37 293 7 130 124 173 54 87 86 195 76 169 81 98 74 108 95 254 53 190 81 67 3 254 120 115 121 143 25 181 121 220 35 263 26 178 49 117 150 272 145 3 13 199
298 30 1673 64 112 61 27 109 279 142 205 15 206 89 26 114 29 149 23 72 171 77 36 29 120 122 132 27 110 80 128 97 112 56 185 110 171 23 236 125 224 38 253 5 110 70 176 21 288 28 2 5 103 64 219 135 100 66 60 17 158 82 132
299 30 1452 114 268 68 216 67 286 37 1 58 49 119 289 120 10 32 139 79 130 34 113 15 275 57 198 20 143 6 227 83 14 34 58 95 53 66 5 81 78 57 208 99 28 28 11 48 2 8 18 66 246 13 254 35 111 56 293 108 164 112 246
300 30 1721 70 229 130 232 140 52 33 195 12 126 48 190 33 128 60 87 117 8 49 282 19 136 75 293 58 265 7 158 50 107 120 10 33 105 30 101 106 60 105 127 115 153 138 193 52 108 103 117 4 276 52 55 30 101 148 221 122 106 93 87
