1 20 1139 22 18 26 50 122 238 90 187 17 20 33 56 88 167 91 175 10 22 129 257 41 99 143 286 147 294 5 25 82 165 99 198 110 215 73 149 14 22 82 152
2 20 1021 106 211 45 97 5 19 141 281 50 86 5 30 101 195 86 173 53 93 91 192 96 199 25 72 9 37 125 245 53 98 99 202 25 68 80 152 30 68 52 95
3 20 1355 83 177 95 199 144 286 89 186 81 170 30 46 143 285 89 167 52 87 41 88 96 195 106 206 13 52 72 147 112 223 118 238 104 204 107 218 7 11 112 218
4 20 1132 82 168 117 234 131 262 81 157 30 66 53 121 48 82 116 225 50 85 71 144 46 99 123 249 16 55 100 191 49 117 57 125 33 47 97 191 40 98 76 146
5 20 1129 139 278 66 137 96 201 145 290 31 64 121 244 117 236 11 40 35 74 73 133 117 237 21 62 116 238 15 49 96 190 83 158 39 74 25 55 25 62 41 76
6 20 1173 119 241 91 172 15 29 29 76 84 175 96 195 72 155 60 130 20 52 116 233 10 13 143 284 19 45 69 129 120 237 66 137 7 36 97 194 138 275 96 194
7 20 1332 49 80 99 192 87 175 122 245 37 66 18 40 76 162 147 295 97 200 88 171 105 216 71 138 65 124 43 100 26 54 140 279 149 297 40 81 60 120 146 292
8 20 1234 149 298 137 276 83 164 28 43 34 59 70 130 66 146 33 79 62 114 142 282 137 272 100 208 129 255 12 13 58 124 15 12 107 213 43 99 57 119 81 172
9 20 1282 139 277 2 22 16 35 50 94 80 153 68 139 24 37 80 151 148 294 68 145 13 5 118 231 74 157 124 243 72 130 122 247 61 120 68 148 127 250 149 298
10 20 1086 122 246 67 126 36 65 45 85 37 93 134 270 101 201 47 81 10 4 58 103 18 37 121 247 49 98 64 137 66 139 121 239 108 209 42 66 67 150 45 93
11 20 1096 40 84 61 111 132 263 141 282 145 289 70 139 7 22 2 28 37 63 50 93 102 211 45 79 149 298 48 79 1 28 86 174 48 114 26 34 43 89 138 278
12 20 1237 44 100 14 4 6 38 47 90 90 168 42 70 112 229 135 272 49 78 119 236 135 269 39 66 95 181 145 289 99 188 50 97 117 230 49 117 129 252 31 83
13 20 1288 74 134 23 47 106 217 126 253 53 88 145 290 18 51 84 158 95 199 132 263 58 108 126 251 76 142 49 107 110 214 22 50 130 264 89 187 27 57 68 123
14 20 1392 98 205 71 136 144 287 150 300 96 190 99 189 101 207 89 169 144 286 35 57 79 148 75 163 71 131 63 115 66 120 76 155 44 75 58 131 65 126 116 225
15 20 1486 55 120 139 277 95 199 120 236 135 267 128 258 63 122 15 24 105 208 135 271 59 105 111 226 81 172 25 72 18 56 120 234 113 230 63 138 140 278 138 274
16 20 1156 107 206 62 140 141 282 90 168 30 52 123 244 104 214 2 25 1 18 30 80 119 232 30 67 68 145 139 277 60 109 62 109 62 117 9 34 62 120 144 286
17 20 1385 3 23 147 294 114 221 21 37 41 88 131 263 137 273 70 148 45 100 54 109 146 290 92 173 69 150 48 110 87 161 20 44 140 280 129 261 104 206 134 269
18 20 1100 28 53 3 19 79 162 75 154 68 122 93 187 62 116 139 278 18 50 37 51 109 211 79 149 117 235 7 41 85 171 137 275 22 49 22 44 55 110 140 279
19 20 1196 89 170 20 52 54 99 33 66 21 17 131 261 128 257 139 279 69 145 125 254 22 57 105 209 40 67 48 95 46 93 133 268 6 13 137 274 35 49 114 228
20 20 1236 122 246 36 60 66 119 100 197 136 271 84 156 58 96 71 127 132 262 55 110 70 143 65 118 116 232 41 59 24 56 132 267 10 6 18 53 146 292 63 139
21 20 1401 143 285 135 270 19 17 70 131 81 162 50 82 101 199 25 39 86 184 104 202 24 66 112 231 99 206 90 170 98 197 104 202 65 129 111 214 127 252 108 222
22 20 938 133 264 44 108 35 91 80 171 90 178 13 16 98 200 12 34 9 25 1 4 4 9 114 225 3 22 3 25 104 210 107 215 146 290 98 206 38 58 41 86
23 20 1016 113 234 13 18 86 185 57 129 98 195 2 4 15 52 44 97 69 151 12 29 73 159 43 95 131 263 74 155 4 2 109 218 45 86 87 183 116 226 80 154
24 20 1258 147 294 117 228 95 192 58 121 140 280 112 217 71 153 137 273 19 37 49 109 20 56 147 293 74 137 61 126 6 26 47 106 18 55 36 66 80 154 139 279
25 20 1256 103 206 64 143 45 75 145 290 56 100 150 299 58 127 68 130 72 146 82 176 81 164 44 71 3 9 131 263 37 95 21 30 68 147 146 291 126 247 70 145
26 20 1196 13 43 77 166 59 133 24 72 125 252 119 242 147 294 55 105 14 47 115 224 67 131 3 23 33 44 142 284 131 259 39 62 140 280 4 9 75 156 114 220
27 20 1245 44 93 58 124 69 133 60 109 129 253 115 237 62 122 135 273 87 174 27 68 108 222 22 64 25 57 126 246 128 253 134 268 33 62 44 74 75 140 76 160
28 20 1199 49 90 99 201 14 49 13 17 52 99 66 130 13 36 128 252 102 213 9 41 70 148 30 80 73 134 142 284 131 258 140 279 46 108 135 266 126 251 61 133
29 20 1172 100 199 21 43 126 255 145 289 54 94 78 142 101 204 16 16 111 218 130 256 144 287 21 63 106 211 52 90 34 66 64 113 23 41 68 150 20 39 51 112
30 20 1288 54 108 91 183 45 91 105 205 106 214 143 286 59 133 17 52 69 145 41 82 73 146 77 149 119 231 147 293 102 206 28 66 121 241 84 169 58 110 71 146
31 20 1117 146 290 64 130 113 221 4 18 51 118 93 176 149 298 126 249 41 98 34 50 18 47 17 50 97 201 56 130 66 138 78 157 114 228 5 15 6 14 119 241
32 20 1243 105 206 49 100 90 191 115 223 58 131 113 227 117 231 8 10 2 12 24 57 138 275 118 237 135 269 33 53 95 200 88 176 4 16 98 188 137 272 27 67
33 20 1262 7 3 83 178 101 193 77 142 147 294 26 30 126 250 118 232 40 66 114 231 106 217 113 227 28 39 39 71 73 160 59 136 150 300 48 110 89 179 34 48
34 20 1148 29 34 103 212 78 142 53 115 136 271 82 168 71 149 128 255 72 143 13 8 114 229 143 286 48 77 116 237 48 91 12 25 81 170 2 9 55 117 52 117
35 20 1039 19 25 149 297 109 217 27 69 107 206 32 51 147 294 8 18 37 80 19 32 78 165 55 112 6 15 1 10 39 82 46 81 120 235 114 230 84 162 102 209
36 20 1168 146 290 138 278 22 37 70 131 32 52 111 229 4 17 87 185 57 109 69 127 67 120 30 58 96 201 124 244 106 208 20 41 95 192 112 221 36 54 39 79
37 20 1117 3 11 99 187 74 140 58 106 132 264 106 211 26 64 28 76 71 155 140 281 85 171 132 265 3 29 150 299 25 45 16 5 54 125 27 76 144 288 24 70
38 20 1448 74 157 56 96 141 280 95 195 83 158 81 171 64 111 127 255 132 263 121 238 94 198 53 87 23 33 144 289 95 185 97 202 64 130 143 286 6 6 117 235
39 20 1068 46 82 39 60 106 207 56 125 5 10 31 45 90 187 37 90 132 264 104 205 34 89 59 115 138 276 82 163 119 242 6 21 60 119 111 215 30 55 51 117
40 20 1210 42 102 138 273 83 166 50 81 96 197 4 10 122 239 61 124 68 127 20 24 8 2 49 104 27 58 78 159 138 278 133 265 23 53 104 202 121 240 148 295
41 20 1272 57 112 96 184 75 156 51 105 95 195 21 27 108 220 148 295 121 237 121 244 100 194 98 190 38 72 2 6 60 113 3 12 132 268 122 241 96 195 46 75
42 20 1157 147 294 58 118 103 200 31 48 86 174 139 278 43 82 24 69 112 232 70 154 117 226 56 125 61 106 74 155 57 117 124 242 58 123 7 12 5 4 75 153
43 20 1436 112 223 68 143 32 57 77 166 52 108 27 51 56 124 136 273 142 282 127 250 105 215 106 203 135 269 114 230 129 253 81 161 90 183 20 24 60 109 126 251
44 20 1034 71 156 10 34 23 24 108 216 38 95 68 145 50 117 141 281 4 25 39 61 150 300 116 236 125 245 55 99 7 34 25 46 50 98 91 183 1 23 121 246
45 20 1116 98 185 8 11 133 267 29 74 64 125 56 104 41 60 98 187 52 86 88 184 91 185 48 95 51 94 49 102 123 240 68 131 72 152 81 155 89 180 56 104
46 20 979 42 80 135 267 4 24 76 155 96 191 75 161 24 40 15 45 107 210 117 238 6 2 67 137 51 95 15 56 63 137 100 197 10 23 93 190 109 225 19 50
47 20 1307 58 108 130 259 10 45 127 249 42 87 136 271 77 142 140 280 48 78 14 55 66 121 96 183 135 269 41 62 93 177 87 179 146 291 126 253 33 81 29 69
48 20 1220 52 110 95 181 23 70 98 201 56 98 145 288 106 205 17 17 127 255 115 224 144 287 82 149 71 154 76 164 90 180 28 50 117 229 13 22 49 102 21 39
49 20 1056 1 3 27 63 138 276 46 93 137 274 65 118 72 149 11 34 70 130 81 159 8 26 68 144 81 165 83 152 82 154 76 149 100 198 107 206 2 25 65 137
50 20 1128 38 55 19 56 12 14 25 60 120 239 134 269 148 295 12 48 98 198 102 197 5 31 122 241 32 87 33 72 88 173 115 234 46 74 39 73 111 228 112 230
51 20 1271 141 280 39 82 6 31 14 39 16 41 107 214 94 179 101 200 121 239 61 129 143 287 72 153 122 243 35 63 127 251 63 124 128 257 44 70 121 246 34 88
52 20 1324 16 16 96 189 84 173 60 114 42 70 70 144 101 207 127 251 67 138 101 199 88 178 39 56 140 282 134 266 127 256 85 177 5 14 130 258 19 40 125 244
53 20 1324 54 110 58 117 113 227 19 39 131 265 84 180 107 220 123 239 31 44 82 159 117 234 61 114 64 124 122 239 150 300 105 203 31 65 25 59 47 105 132 265
54 20 1106 112 226 103 204 23 45 54 120 58 106 112 223 106 217 18 9 129 258 78 163 74 162 72 137 23 27 90 185 105 206 9 39 19 14 102 201 14 39 82 176
55 20 1118 21 26 84 168 93 184 83 177 99 206 38 78 3 2 50 105 129 259 105 212 19 15 120 237 23 56 28 48 133 263 146 292 133 264 24 54 22 23 45 78
56 20 1017 148 296 58 105 1 30 14 7 10 9 27 61 61 135 50 91 94 185 112 219 26 49 132 261 77 148 51 81 100 204 72 144 67 149 23 37 76 144 73 142
57 20 1204 54 95 55 110 129 256 33 90 59 129 80 166 74 144 138 273 67 145 6 31 115 232 57 121 105 211 108 216 33 56 57 95 24 62 55 112 128 258 129 256
58 20 1224 138 276 42 86 147 293 27 60 67 146 141 283 75 139 13 10 69 135 52 88 19 28 150 299 108 213 92 179 95 192 75 161 38 87 87 183 25 40 71 147
59 20 1270 74 136 19 32 136 274 150 299 45 91 4 5 36 73 116 237 46 97 72 139 136 273 91 175 115 234 65 115 124 245 135 267 24 47 22 39 145 289 33 76
60 20 1200 123 246 71 133 28 46 88 185 11 28 1 11 46 98 82 174 61 116 108 211 136 273 36 63 139 280 64 121 81 148 46 97 114 224 1 20 148 295 117 230
61 20 1252 9 44 114 230 116 229 107 213 64 139 129 256 60 128 97 196 57 104 86 181 25 42 142 284 35 50 117 228 140 279 134 264 19 17 19 29 52 122 44 108
62 20 1099 35 68 150 300 36 74 109 222 97 183 12 33 17 9 144 287 28 56 35 87 89 181 128 254 150 299 35 86 115 231 39 92 64 116 34 61 37 68 20 37
63 20 1160 86 173 72 136 63 126 98 197 18 38 78 167 42 62 134 268 87 181 3 5 112 221 64 134 50 116 99 204 98 193 83 157 93 191 28 38 67 140 76 165
64 20 894 47 101 54 106 59 134 19 36 90 172 82 159 132 266 34 66 67 147 81 173 89 182 2 7 33 50 72 145 82 159 28 45 19 14 23 51 51 85 54 118
65 20 1140 125 248 35 70 15 21 66 121 24 37 68 146 128 256 126 249 128 255 124 244 15 25 65 115 118 237 95 184 64 131 6 21 21 62 136 269 54 117 13 43
66 20 1396 119 239 123 250 11 18 22 33 133 262 57 99 19 42 35 79 28 77 121 240 146 293 111 216 56 116 120 241 69 152 95 178 113 229 103 198 150 300 115 229
67 20 1144 102 205 27 41 129 254 21 55 74 161 149 297 22 38 75 145 15 48 93 175 71 157 121 246 72 140 50 95 109 221 24 57 9 42 114 233 118 235 35 52
68 20 1026 12 2 146 292 45 86 90 175 130 258 31 83 73 136 41 81 53 122 73 132 94 186 145 288 48 78 122 246 23 51 16 48 45 102 2 19 84 180 10 40
69 20 1140 45 105 14 24 40 67 96 202 137 275 10 38 132 260 128 255 143 287 147 293 11 43 48 107 56 121 18 10 100 200 144 288 28 45 4 31 94 192 30 62
70 20 1138 81 163 96 180 108 210 74 142 134 264 115 227 50 95 59 130 36 80 21 48 7 8 141 280 16 18 38 84 101 208 51 105 57 126 53 108 64 144 121 235
71 20 1299 76 165 145 289 106 210 81 153 77 149 21 18 42 73 43 95 2 31 91 188 143 287 64 121 42 93 101 208 125 252 133 264 57 116 143 286 88 166 44 73
72 20 1282 136 271 96 182 21 39 6 28 142 285 98 201 145 291 76 149 73 147 90 176 3 8 116 238 16 57 142 283 101 193 99 196 37 85 33 80 145 289 28 43
73 20 1044 5 12 107 208 90 191 130 260 76 143 1 1 20 64 114 229 129 255 36 84 122 247 32 49 51 114 2 7 32 54 68 149 78 169 15 50 56 115 141 280
74 20 1192 142 283 136 269 90 172 107 215 137 272 58 111 22 58 119 232 21 57 45 94 120 241 81 161 20 14 20 44 74 159 50 107 60 107 10 12 85 180 93 178
75 20 1498 28 62 43 72 142 285 105 219 102 205 122 244 87 180 72 157 15 22 104 212 140 279 122 244 89 186 63 111 95 188 54 111 133 267 117 233 118 237 122 244
76 20 984 19 59 32 63 123 249 62 133 20 61 82 169 37 75 85 168 3 5 52 113 143 287 4 4 134 270 18 48 51 113 146 291 42 86 54 116 79 152 45 76
77 20 1325 140 280 141 282 122 246 146 290 84 172 25 30 105 203 114 227 118 233 7 7 32 60 12 32 19 57 109 210 60 116 123 246 82 159 133 264 15 17 70 142
78 20 1135 93 191 21 38 59 107 47 92 91 184 60 111 105 209 18 19 92 182 84 162 69 140 124 244 127 253 144 286 94 197 68 122 13 46 39 81 10 43 61 127
79 20 997 121 240 20 54 43 77 61 106 21 66 4 16 29 58 104 215 130 262 109 214 48 81 17 56 5 8 105 216 110 215 52 103 62 128 35 59 100 203 71 146
80 20 1106 107 218 26 43 64 133 38 75 58 110 144 287 42 104 43 85 48 108 96 183 60 130 72 150 104 204 1 7 114 223 118 236 47 98 35 90 110 219 56 96
81 20 1364 92 176 147 295 130 256 126 253 136 275 105 205 116 236 120 245 47 79 71 146 20 51 96 182 22 58 114 232 17 17 119 233 150 300 17 22 7 2 54 121
82 20 1049 9 27 101 203 144 288 2 2 27 41 148 296 62 114 69 134 17 20 53 86 19 14 113 217 39 57 10 35 91 192 87 168 150 300 60 133 46 95 65 136
83 20 1082 64 131 36 84 145 290 47 74 19 26 120 243 140 280 92 187 124 250 24 63 117 232 33 53 78 157 25 34 76 138 98 199 38 78 41 70 5 14 31 46
84 20 1346 48 105 60 137 150 299 147 293 14 50 115 227 58 129 138 277 110 214 8 25 144 286 48 110 30 36 115 228 12 8 85 176 124 247 85 165 78 150 114 231
85 20 1331 94 184 92 181 27 67 61 136 136 272 146 292 123 249 109 217 107 223 14 52 36 72 121 242 31 78 101 199 138 277 96 200 17 15 102 197 70 150 43 105
86 20 1323 9 30 131 263 123 246 132 268 105 218 96 182 69 143 33 82 12 4 134 267 13 52 138 274 141 281 106 213 13 34 96 195 81 162 17 34 130 261 75 161
87 20 1148 16 36 130 260 130 264 89 172 57 115 123 246 27 66 84 169 110 224 69 145 24 24 115 234 37 75 1 13 115 226 102 195 5 29 137 276 39 57 26 26
88 20 1128 13 23 63 131 111 216 126 247 112 231 89 169 39 84 42 82 64 112 81 157 16 43 128 253 39 73 61 117 31 60 82 168 113 228 54 95 25 41 121 243
89 20 1050 66 116 73 159 40 61 125 246 76 139 8 43 36 60 24 57 49 115 14 27 28 65 33 84 32 46 91 190 45 84 136 274 143 285 44 73 129 255 121 240
90 20 1384 135 271 100 191 123 248 107 221 107 211 9 3 95 200 105 206 120 236 119 242 132 263 13 31 73 154 127 250 85 177 98 195 67 145 31 84 62 112 23 61
91 20 1380 69 149 110 222 71 147 113 232 12 21 64 117 86 162 34 87 62 124 59 122 140 278 105 206 106 220 133 264 131 261 131 265 2 29 60 114 93 195 145 290
92 20 1228 95 193 29 65 116 236 112 230 23 39 57 132 57 122 30 61 137 272 41 78 100 191 10 29 147 294 18 57 147 295 4 21 113 220 121 245 36 58 143 287
93 20 1084 80 171 23 51 41 95 78 161 36 66 68 133 121 243 133 262 142 284 85 177 10 26 25 40 28 33 24 66 141 281 50 99 104 203 8 2 21 30 138 272
94 20 1388 88 179 113 224 142 282 120 240 67 138 34 53 94 191 126 251 71 145 100 191 116 225 144 289 90 172 26 59 64 120 24 71 64 125 150 300 62 107 40 68
95 20 1372 43 97 116 228 114 227 87 186 46 85 118 240 123 244 74 151 41 99 3 28 121 246 61 136 91 188 26 31 79 155 136 272 103 213 81 160 138 274 115 233
96 20 1250 7 20 120 235 41 94 40 69 78 163 38 94 14 33 134 266 107 211 106 203 53 92 123 245 149 297 12 14 103 210 8 27 127 250 130 255 92 175 81 154
97 20 1380 132 265 70 139 98 202 67 140 16 39 12 31 146 292 39 60 12 22 37 93 94 195 99 201 54 121 143 286 124 250 121 241 148 296 82 170 132 267 100 202
98 20 988 25 46 35 83 76 155 92 185 7 39 1 23 110 225 44 67 137 276 44 93 57 101 60 123 2 4 66 134 56 121 66 139 28 61 142 285 40 84 147 293
99 20 1108 150 300 80 159 8 39 19 37 28 35 75 144 9 34 118 239 18 55 68 124 97 199 93 197 60 128 42 82 102 207 126 250 141 281 35 53 57 106 60 118
100 20 1267 84 168 121 239 114 221 138 274 12 3 135 267 126 251 10 41 15 52 114 223 124 250 131 265 50 92 26 55 48 79 140 281 4 29 55 118 96 195 41 80
101 20 888 24 25 76 145 26 67 22 37 35 85 27 41 99 193 56 126 43 73 45 90 29 61 119 242 86 175 122 241 13 6 30 54 137 272 55 112 49 114 18 41
102 20 1017 14 33 15 29 118 234 103 213 53 104 20 58 15 5 42 92 116 226 136 274 39 76 14 28 52 94 64 121 62 117 126 251 74 136 50 106 105 200 54 118
103 20 1261 20 17 116 238 139 280 21 20 26 57 129 254 84 168 54 113 18 39 138 277 98 193 114 232 77 150 134 264 147 294 33 44 112 217 17 12 83 178 17 23
104 20 1244 61 138 98 189 124 244 12 40 142 284 87 176 107 210 81 163 117 228 58 132 94 184 54 113 59 133 96 188 86 163 40 77 71 150 98 204 51 86 20 43
105 20 920 114 232 87 184 2 11 68 136 14 5 45 72 31 45 65 132 126 253 150 299 79 163 27 71 13 10 11 3 53 94 72 155 22 62 24 69 20 21 128 252
106 20 979 39 61 18 52 33 50 64 120 13 43 57 110 36 66 38 82 138 274 45 102 107 213 147 293 40 94 22 52 18 52 93 176 57 121 118 242 57 112 84 157
107 20 1208 31 49 33 69 122 247 136 271 91 174 117 231 118 239 97 184 86 174 14 24 1 20 91 180 134 264 130 258 5 5 91 185 26 70 93 192 16 36 78 157
108 20 1182 104 198 11 5 52 93 125 247 11 14 98 202 36 76 86 174 109 225 35 76 29 79 136 271 129 255 80 152 13 43 144 288 112 229 33 44 63 129 72 138
109 20 1286 20 25 140 279 70 156 40 94 41 104 14 4 110 227 129 259 83 169 68 139 64 119 121 241 19 35 100 208 97 191 52 110 135 271 98 199 102 197 105 211
110 20 1088 51 110 38 65 148 295 70 126 50 98 21 35 20 34 88 182 55 120 97 203 47 108 103 202 60 136 146 292 76 141 12 43 146 290 95 180 37 63 1 23
111 20 1070 40 87 138 274 71 134 15 53 112 218 142 282 20 19 79 172 98 199 6 1 54 91 52 100 138 277 47 113 139 278 3 3 61 117 109 212 13 15 1 5
112 20 1436 45 76 92 189 101 201 70 143 144 287 103 200 52 89 47 85 150 300 89 186 32 78 118 230 125 252 68 129 56 100 86 181 81 163 127 253 127 255 83 165
113 20 1116 45 78 54 99 108 213 143 284 114 226 33 66 99 201 5 34 5 14 141 283 28 55 66 130 27 66 148 295 38 75 83 158 146 291 62 115 10 34 40 72
114 20 1582 37 75 146 291 49 110 131 261 149 298 123 241 148 296 81 153 106 210 110 218 20 34 149 298 132 263 95 196 67 131 23 56 92 194 31 51 142 285 147 293
115 20 1088 9 1 146 292 80 171 49 99 116 232 47 101 115 229 52 116 8 26 72 147 41 83 59 104 70 142 3 29 104 205 97 186 43 64 1 20 116 233 132 266
116 20 1168 143 284 22 35 87 175 137 274 11 38 12 25 22 67 98 188 76 149 4 25 127 249 121 242 48 87 51 92 73 153 134 270 45 71 140 280 88 186 21 21
117 20 1195 108 219 6 38 66 137 103 213 15 15 75 134 100 192 51 108 84 170 87 176 120 237 110 227 120 237 90 186 74 133 4 28 122 238 46 90 53 99 60 117
118 20 1136 99 202 5 7 78 143 106 216 8 20 138 275 9 2 148 296 89 189 57 120 41 95 38 57 99 205 48 82 147 294 93 184 2 26 130 262 6 10 79 156
119 20 1196 147 293 103 203 101 193 122 247 8 31 121 239 37 84 26 31 36 75 48 97 114 233 93 178 83 172 145 290 17 24 88 179 57 99 24 70 32 74 93 192
120 20 1234 83 159 137 275 40 67 74 133 107 220 71 152 65 142 13 32 22 61 134 271 106 209 62 124 27 55 34 48 145 289 10 41 99 201 146 291 31 78 137 272
121 20 1339 33 62 10 46 144 288 138 275 92 184 90 191 67 140 125 250 21 18 77 148 89 186 149 298 19 28 49 81 144 288 123 249 126 249 73 156 33 82 72 150
122 20 1224 83 173 4 22 71 135 7 11 31 60 14 34 87 170 60 132 67 140 76 156 136 271 90 189 70 138 20 43 104 204 98 196 78 168 143 287 143 287 149 298
123 20 936 145 291 29 37 25 57 8 16 61 105 61 104 140 279 133 268 22 52 32 59 12 4 17 46 22 25 8 40 116 224 148 295 97 188 25 48 31 50 39 98
124 20 1232 93 177 112 222 16 9 12 47 148 296 45 93 49 81 12 46 95 180 43 68 35 92 28 60 134 265 63 140 102 202 145 289 122 243 75 163 104 212 108 222
125 20 1056 138 277 7 41 77 153 127 253 118 240 59 109 55 122 22 57 62 117 76 145 3 15 15 22 114 226 129 259 145 290 25 61 72 131 68 135 2 14 7 41
126 20 1305 36 67 82 173 142 282 92 191 98 191 41 101 74 136 52 89 133 269 82 168 23 67 83 169 106 204 46 105 102 204 64 144 56 113 41 95 143 285 136 270
127 20 1068 8 12 46 93 4 20 116 230 74 157 111 230 17 9 105 201 2 19 93 189 137 274 24 53 126 247 146 290 4 16 79 152 87 180 103 200 31 83 22 36
128 20 1146 114 229 136 271 18 39 45 104 6 2 61 113 25 34 72 139 17 18 130 262 40 72 107 204 141 280 77 148 118 236 19 14 83 157 40 99 79 149 105 217
129 20 1344 141 281 13 35 147 293 127 258 73 149 126 247 147 292 24 37 58 128 62 108 50 83 108 210 41 94 67 130 28 42 149 298 80 166 38 93 61 127 141 280
130 20 1236 87 167 140 278 71 146 7 17 134 265 80 157 61 130 107 216 80 157 123 247 71 155 17 9 22 58 22 42 56 120 135 268 94 182 71 144 127 255 40 75
131 20 1183 23 60 116 232 41 88 26 66 94 187 49 108 127 256 145 290 5 11 84 169 30 46 56 97 131 264 17 16 142 284 124 252 103 198 95 195 26 32 45 106
132 20 1061 11 28 17 35 112 227 133 264 89 173 27 66 128 259 149 297 117 234 5 10 84 169 8 43 27 46 36 63 50 102 143 284 57 96 13 5 77 150 44 97
133 20 991 22 54 68 150 11 20 16 39 74 136 56 115 115 233 17 58 55 115 79 146 139 278 37 87 60 131 80 155 20 58 150 299 80 153 57 113 67 145 36 76
134 20 1199 137 274 31 38 7 28 94 190 13 40 71 125 17 48 124 253 74 163 113 218 80 170 21 24 54 96 27 49 20 31 87 182 140 280 138 276 102 199 149 298
135 20 1433 122 240 87 173 114 222 80 161 109 222 51 88 98 205 65 141 133 269 121 238 74 135 46 78 31 66 126 247 79 161 134 266 134 268 132 261 29 69 27 68
136 20 1176 77 148 127 250 3 15 114 225 56 108 74 148 93 185 58 116 41 102 44 76 60 135 56 102 124 252 75 160 20 38 144 288 63 114 110 225 78 155 54 97
137 20 1297 108 210 28 48 66 139 24 45 59 110 134 268 115 228 47 83 138 272 3 33 117 229 66 147 87 162 135 268 25 66 97 196 75 153 83 170 65 121 150 299
138 20 960 72 139 122 239 36 60 103 198 21 37 29 50 78 145 4 16 27 67 85 164 63 120 75 149 137 270 26 68 36 59 83 157 20 45 84 158 31 54 68 134
139 20 1046 21 18 148 295 70 136 89 173 106 207 49 107 38 82 53 115 131 259 106 219 120 243 101 195 61 122 13 38 12 36 75 144 69 147 8 44 18 32 20 18
140 20 1331 126 250 81 174 106 220 9 29 142 281 95 197 103 214 86 162 97 202 57 116 28 72 91 188 104 201 25 29 54 95 9 29 121 245 90 191 124 246 116 234
141 20 1252 127 251 75 158 47 99 65 127 142 283 122 237 39 75 96 187 82 158 47 93 34 81 139 280 149 297 128 256 8 29 19 45 85 177 84 154 47 82 31 82
142 20 1113 90 168 5 14 150 300 62 122 124 244 70 154 146 291 58 103 52 86 101 198 68 122 66 145 18 43 24 39 3 20 139 277 25 55 40 85 75 161 76 166
143 20 1220 85 181 83 177 61 134 26 68 21 34 126 248 69 135 68 137 131 263 80 160 142 284 48 87 66 119 120 235 31 65 40 72 105 206 25 54 57 124 141 281
144 20 1188 5 15 6 17 104 216 17 46 99 193 148 296 75 149 24 58 147 294 111 215 42 65 100 202 86 174 75 135 21 19 81 172 83 162 57 121 81 151 123 247
145 20 1052 118 234 143 284 55 94 25 60 12 5 139 279 29 79 25 56 22 28 71 139 47 115 113 227 26 30 10 44 123 243 8 20 86 164 65 113 49 110 150 300
146 20 1140 6 23 73 131 88 172 88 163 36 84 72 131 148 294 10 6 16 36 32 75 24 65 75 143 115 235 117 239 118 235 69 141 74 144 144 288 18 16 103 204
147 20 1133 86 174 59 102 99 201 104 208 43 91 142 282 93 182 73 154 75 143 15 49 58 100 31 78 131 259 93 183 122 238 109 219 24 27 6 29 15 12 39 97
148 20 1104 72 140 28 78 147 293 27 67 125 246 107 208 15 45 134 270 87 180 14 45 18 20 66 128 64 141 143 284 58 130 11 5 114 227 75 139 41 87 34 66
149 20 1404 50 116 99 188 115 231 64 143 6 21 132 259 81 161 69 130 122 239 116 238 136 270 82 171 100 208 78 148 113 219 63 140 105 216 98 193 12 1 114 234
150 20 1202 127 254 131 261 135 271 83 168 127 253 95 183 53 108 65 133 30 44 1 11 132 262 3 4 125 255 29 59 75 159 57 103 68 136 17 33 45 71 105 212
151 20 1084 41 87 21 63 74 135 87 179 138 275 36 80 41 78 114 228 7 10 28 30 103 200 24 31 75 152 16 38 76 158 115 227 125 254 101 195 114 235 19 14
152 20 1088 140 280 66 121 107 222 37 89 122 238 95 185 35 91 69 129 95 187 100 192 27 68 33 44 68 148 110 220 52 95 72 154 4 25 90 175 20 48 18 10
153 20 1222 116 236 82 158 150 300 84 155 25 40 78 152 132 260 135 270 91 191 85 172 56 106 13 1 107 208 67 138 13 46 38 89 75 155 67 149 37 84 77 155
154 20 1280 2 14 115 232 5 30 88 177 149 298 52 90 130 256 7 36 74 138 97 182 135 267 24 49 76 142 91 175 84 158 66 117 87 166 54 126 145 291 119 236
155 20 1033 46 99 125 246 3 6 55 114 34 52 123 249 144 288 8 35 2 29 43 71 142 282 74 135 51 87 114 228 82 156 53 87 72 130 41 62 35 91 45 89
156 20 1181 47 99 147 294 65 132 147 294 111 229 43 80 34 46 26 57 41 98 12 38 42 80 30 65 123 244 145 289 63 108 127 253 73 145 92 193 56 126 53 121
157 20 1049 79 147 11 35 48 103 124 251 79 146 149 299 42 104 5 33 93 193 30 48 79 148 130 264 76 156 71 150 69 144 86 180 22 36 46 91 34 90 39 78
158 20 1178 113 229 54 123 21 56 49 105 38 86 56 113 24 65 20 22 80 169 124 248 23 34 135 269 53 123 108 215 72 146 54 107 79 155 109 224 114 220 147 294
159 20 1268 22 31 17 27 139 278 107 220 81 164 62 112 5 4 70 150 119 239 76 145 100 207 127 253 36 74 135 267 61 125 59 135 106 217 131 262 15 48 118 230
160 20 1224 125 254 104 212 50 111 13 2 71 155 145 289 89 184 31 82 35 88 54 117 86 184 57 103 127 251 21 58 104 212 128 252 2 2 76 155 133 263 79 159
161 20 1112 65 122 6 40 74 154 140 282 116 229 98 187 15 25 16 17 8 26 104 209 43 91 108 210 87 179 86 159 18 26 147 292 127 255 14 26 6 9 113 229
162 20 1008 54 115 150 300 22 29 32 64 34 49 60 131 42 61 12 41 144 288 100 195 138 277 51 81 35 59 46 107 8 9 36 66 120 242 33 70 120 244 23 21
163 20 1351 52 93 30 39 40 59 99 202 139 276 21 28 115 223 145 291 97 186 67 126 68 146 104 199 77 159 123 243 1 3 15 49 101 200 114 223 131 260 150 299
164 20 1101 15 37 139 276 64 142 93 188 50 99 34 63 90 183 26 62 68 119 18 34 67 147 108 209 22 39 32 58 86 175 110 213 46 102 141 283 75 164 93 189
165 20 1307 71 128 135 271 13 32 125 251 57 130 41 69 144 287 2 33 68 142 39 59 140 279 109 226 12 41 72 141 107 216 27 71 138 274 130 263 73 146 131 258
166 20 1057 9 30 31 84 144 287 70 149 120 243 138 275 11 31 47 80 60 130 95 183 10 34 125 250 25 47 26 27 42 96 94 190 49 88 46 111 30 71 150 300
167 20 1165 37 64 95 187 15 48 142 282 130 261 52 114 24 71 124 248 138 278 52 98 36 78 8 38 146 291 62 127 109 216 46 101 116 226 20 44 9 15 96 194
168 20 1030 78 164 77 147 84 172 38 67 119 235 11 41 131 259 78 163 83 176 28 72 81 153 135 271 82 166 75 160 20 53 25 52 5 6 77 143 27 74 34 69
169 20 989 129 255 133 263 60 136 101 210 19 17 3 10 4 18 58 130 3 33 47 83 29 77 112 220 82 160 53 101 101 197 62 133 123 241 55 122 24 66 39 63
170 20 1104 122 242 25 29 119 233 114 223 42 72 128 260 85 176 120 240 11 8 95 178 34 81 57 103 137 275 18 26 56 127 63 127 26 49 1 22 13 22 115 233
171 20 1387 91 169 136 272 98 191 147 294 134 267 26 76 129 258 84 171 85 174 79 163 11 32 84 163 49 118 5 3 83 169 107 221 144 287 128 252 48 85 66 145
172 20 766 3 13 50 95 31 73 32 67 84 159 28 39 108 211 38 64 26 55 30 42 12 47 118 235 19 60 21 61 65 138 29 42 105 212 112 218 17 57 30 41
173 20 1009 15 49 22 60 136 272 50 110 48 107 139 278 97 196 93 193 80 166 93 186 30 50 4 10 63 140 133 269 65 132 10 22 49 118 23 38 61 138 51 111
174 20 1164 81 164 125 250 110 215 80 173 99 191 126 252 33 87 3 35 94 178 3 12 135 272 31 38 133 267 52 94 120 242 25 29 28 77 144 288 17 22 16 37
175 20 1020 31 71 58 126 150 299 54 104 56 116 13 25 66 140 131 262 113 230 108 212 53 87 145 289 38 71 62 118 17 48 62 136 33 64 28 35 53 101 4 9
176 20 1028 141 282 147 293 55 121 129 262 7 30 13 30 128 253 1 14 87 181 65 140 75 143 23 23 12 42 96 203 42 74 72 157 101 202 14 4 4 21 73 146
177 20 1172 141 283 78 146 10 5 57 118 133 265 125 245 126 247 27 45 94 178 82 176 46 92 149 298 126 249 14 7 31 74 76 154 19 37 13 48 23 30 96 191
178 20 1159 113 232 69 144 133 264 37 79 31 80 95 191 123 243 4 23 86 181 101 194 7 29 71 133 21 30 96 180 15 44 20 26 42 102 92 182 150 300 143 284
179 20 1035 49 105 27 47 59 134 77 155 134 266 91 175 66 139 105 202 137 274 7 27 9 5 117 232 94 190 79 166 49 115 45 71 78 164 12 16 12 17 47 92
180 20 1211 24 43 93 194 84 166 114 227 111 221 147 293 25 48 74 144 27 49 55 106 70 138 28 64 7 23 129 262 87 166 88 172 15 51 97 194 147 293 92 187
181 20 1256 87 175 90 190 145 290 12 11 99 197 121 239 148 296 15 6 19 15 50 91 140 278 67 148 130 258 128 256 11 7 81 160 63 132 16 42 103 203 46 89
182 20 908 118 235 42 100 146 292 112 222 12 18 143 287 10 42 8 20 4 7 5 28 25 50 30 82 7 14 126 256 79 157 117 226 74 160 19 55 55 127 3 29
183 20 1461 147 293 109 214 138 274 105 206 55 128 148 295 95 194 64 141 80 152 21 17 67 142 68 152 123 243 114 223 83 160 83 174 10 6 140 281 125 248 52 114
184 20 1301 128 258 32 57 48 82 55 105 90 173 116 225 89 172 39 77 130 261 135 272 55 108 122 242 79 159 84 176 16 50 11 8 57 111 137 270 107 218 97 194
185 20 1399 33 61 33 77 138 275 124 244 19 24 101 197 136 272 92 172 118 234 107 208 12 6 130 259 120 241 115 227 83 166 51 99 61 137 100 192 131 264 45 105
186 20 1003 51 109 14 27 39 66 71 125 123 251 19 41 27 72 125 251 106 221 24 53 98 187 22 35 39 64 48 107 78 146 11 13 97 186 60 122 84 177 118 230
187 20 1224 81 159 68 148 139 277 12 32 79 169 66 121 120 239 101 211 93 187 84 157 81 171 78 164 146 290 6 19 27 49 82 166 54 97 37 74 90 188 87 166
188 20 1064 110 212 127 256 41 65 21 50 31 82 15 13 46 72 11 32 45 101 5 4 48 96 112 218 114 231 88 164 93 175 62 109 141 282 96 197 58 105 66 143
189 20 1257 112 221 61 111 61 132 81 160 126 254 55 120 105 208 33 81 98 199 35 60 73 152 80 152 116 238 58 102 67 134 117 239 31 78 114 232 74 152 75 145
190 20 1308 131 262 57 128 82 153 90 184 74 150 106 204 61 122 125 253 15 48 54 95 97 184 144 288 92 189 18 19 57 96 109 211 19 60 119 239 144 288 42 92
191 20 1088 135 268 57 117 91 182 70 129 51 88 37 51 70 133 31 39 46 109 21 34 91 173 17 58 79 155 148 296 69 134 63 115 124 248 87 162 11 9 63 117
192 20 1332 89 185 81 150 136 270 137 271 129 256 138 278 80 165 132 268 64 112 93 186 88 171 88 185 97 184 71 150 27 49 22 42 92 195 69 125 8 30 25 47
193 20 1140 128 252 34 44 31 52 56 108 45 99 102 200 138 277 18 62 46 80 60 122 55 122 129 256 97 190 26 56 71 141 31 52 145 290 55 128 25 70 133 265
194 20 1224 71 148 54 116 77 153 123 246 18 23 1 2 122 243 92 188 122 247 36 76 103 204 94 180 47 93 126 246 52 115 24 51 140 279 133 268 10 13 85 161
195 20 1201 123 250 10 35 76 159 123 248 105 205 72 129 52 109 11 35 4 36 110 221 140 277 63 133 93 192 106 216 71 126 115 222 64 139 53 110 43 67 68 141
196 20 1288 149 296 113 223 67 143 77 151 105 211 89 188 56 117 10 2 102 205 95 185 108 218 18 20 75 148 70 135 47 81 56 100 132 266 139 280 32 63 70 139
197 20 1264 134 265 111 223 98 190 114 232 67 136 44 81 78 150 16 35 142 282 64 121 69 126 51 85 119 231 65 140 16 39 29 53 26 47 121 241 143 286 74 152
198 20 1245 23 56 138 275 75 146 63 131 9 16 73 140 77 166 116 238 27 74 54 90 65 119 73 159 119 243 142 283 46 85 133 265 34 67 107 220 68 153 115 235
199 20 1256 85 179 58 100 143 285 45 91 103 211 17 20 95 191 69 125 54 110 106 215 99 194 116 237 104 214 75 153 17 15 65 122 124 243 39 85 32 72 124 252
200 20 1232 105 210 23 34 66 139 39 85 86 170 27 58 84 165 70 128 111 219 109 211 62 139 145 288 93 193 91 177 60 134 86 182 69 129 49 96 129 256 36 58
201 20 1134 26 69 10 36 49 89 84 163 99 197 6 29 144 288 143 284 148 294 1 21 67 118 146 292 78 164 67 129 57 129 120 234 77 153 6 39 54 91 36 84
202 20 1326 119 238 132 263 136 273 135 271 88 187 14 45 90 181 82 157 89 183 11 2 53 96 145 291 28 36 80 155 93 188 74 153 141 282 7 1 133 269 8 27
203 20 1301 4 24 138 277 122 240 26 35 29 79 109 221 92 175 150 299 109 225 135 271 89 173 14 40 99 195 125 248 138 274 102 211 20 57 102 205 5 29 19 60
204 20 1169 17 46 120 236 42 102 114 221 142 282 103 204 92 183 84 155 97 204 43 82 83 159 67 139 10 46 119 233 101 210 4 2 106 205 13 44 76 144 29 63
205 20 1426 27 40 120 238 68 133 39 64 122 240 117 230 105 217 135 270 83 167 13 49 102 195 5 14 138 276 119 233 147 293 105 210 56 98 66 146 147 293 69 142
206 20 1022 36 68 141 282 16 14 42 93 52 97 82 168 88 164 62 107 123 246 1 19 1 23 64 140 98 191 143 286 105 215 17 42 97 199 39 82 68 124 3 27
207 20 1264 1 15 100 204 128 259 140 282 4 28 104 198 85 162 8 13 3 31 94 198 96 193 37 87 136 273 41 69 108 219 148 296 149 298 103 207 64 142 31 42
208 20 1280 39 68 81 156 89 173 147 293 84 158 128 253 138 274 149 298 100 191 98 204 91 183 29 82 92 188 12 49 30 55 127 256 103 196 37 71 7 9 19 18
209 20 1305 16 22 104 211 131 258 27 41 57 97 134 269 94 185 52 87 65 144 46 99 58 132 73 147 76 156 146 292 47 87 140 280 107 222 11 6 148 294 100 203
210 20 1268 61 111 149 297 139 278 92 184 137 275 50 101 37 91 111 217 136 269 61 124 102 205 42 98 48 89 5 18 43 92 78 148 52 108 60 112 66 124 117 239
211 20 1194 60 117 81 151 145 290 100 196 35 70 24 42 27 29 137 273 33 50 15 3 2 15 122 239 89 175 14 8 144 287 115 226 93 182 72 158 137 273 48 82
212 20 1151 54 106 111 215 95 187 116 234 66 120 132 261 33 59 65 116 56 129 55 118 150 299 28 48 40 61 68 121 17 54 29 74 47 74 128 255 117 234 32 48
213 20 1241 30 75 60 135 62 118 76 158 67 142 104 208 132 263 118 234 48 113 69 127 129 255 38 54 107 206 93 185 133 263 16 10 88 179 1 5 41 92 140 282
214 20 1372 72 145 38 66 44 94 1 18 17 31 99 200 79 160 121 245 104 203 122 239 145 289 136 271 58 123 80 159 93 186 95 189 123 241 80 158 84 159 125 251
215 20 1165 125 246 40 90 9 15 74 144 11 17 122 238 101 210 22 33 121 241 77 140 103 207 107 208 89 171 66 126 98 186 31 76 20 41 130 258 78 143 33 76
216 20 1154 22 44 43 100 26 42 62 138 67 136 93 185 119 239 91 192 36 83 109 218 57 122 148 296 55 119 97 189 40 83 78 152 114 227 107 218 1 12 78 143
217 20 1107 148 295 9 16 138 275 68 152 39 75 97 186 119 239 49 91 103 198 2 33 7 32 87 163 150 300 4 32 30 72 143 287 48 112 103 206 22 28 18 36
218 20 1229 1 9 113 232 97 189 148 296 106 208 124 253 77 141 101 196 43 73 68 142 96 191 77 146 71 140 5 25 12 29 144 287 56 117 1 19 148 296 49 108
219 20 1700 106 208 72 141 138 275 144 286 109 221 123 241 112 223 111 221 86 180 125 245 76 137 114 221 115 237 130 260 48 115 42 73 142 284 102 201 91 177 139 279
220 20 1119 68 142 15 47 36 64 112 229 109 220 125 250 103 211 87 169 31 77 115 234 76 145 23 47 87 180 55 106 87 165 11 25 9 23 148 295 5 19 97 191
221 20 1352 147 293 119 232 52 91 125 249 63 109 127 255 94 187 93 175 80 150 17 17 19 42 77 158 47 84 129 258 99 191 13 31 121 243 127 256 90 190 52 94
222 20 1196 2 33 108 215 74 135 23 22 120 233 64 131 62 133 7 15 99 193 125 247 79 160 148 296 79 149 114 222 23 41 94 199 23 46 131 259 21 43 99 201
223 20 1144 121 242 90 187 121 237 148 295 30 65 33 81 60 126 52 98 76 141 75 147 24 31 91 183 72 145 14 9 19 23 74 139 17 12 49 78 133 262 132 265
224 20 1097 26 53 10 38 119 242 53 101 74 137 2 18 83 153 150 299 32 44 35 74 42 81 136 271 39 74 82 170 50 90 6 5 31 55 135 272 135 270 132 263
225 20 1156 12 17 55 108 91 185 26 47 41 102 95 186 86 167 120 245 68 139 74 162 28 39 55 110 118 241 112 222 110 217 112 215 125 253 59 112 43 88 16 28
226 20 1301 74 139 119 237 121 245 81 154 71 156 83 180 21 64 113 227 132 261 48 85 128 256 48 96 105 209 81 166 79 161 10 34 7 21 100 190 107 217 99 191
227 20 1183 70 152 58 103 137 274 60 115 49 89 55 125 94 189 85 179 81 153 97 188 106 208 135 270 78 169 32 47 37 62 54 119 40 96 38 78 115 236 58 126
228 20 1192 130 263 120 244 4 22 105 217 59 125 113 220 7 24 1 7 41 75 104 199 150 299 113 232 6 13 1 2 65 127 57 98 47 113 123 241 133 263 111 225
229 20 1200 92 177 6 4 139 280 91 190 30 59 100 204 145 288 119 241 4 21 94 185 85 178 112 223 30 75 90 180 19 13 115 235 30 53 34 84 145 290 20 44
230 20 1170 92 188 83 165 36 80 107 216 63 113 30 66 82 167 63 114 54 116 129 256 66 121 85 169 59 117 144 286 74 156 96 181 39 67 109 220 15 50 37 76
231 20 1461 100 208 106 214 147 293 64 120 66 124 85 157 103 202 35 92 139 275 78 160 125 251 14 39 144 288 86 178 13 26 134 270 9 29 115 222 138 274 126 252
232 20 1045 8 19 13 27 123 243 24 65 141 283 66 123 134 269 115 233 2 30 97 200 29 59 18 41 65 142 89 185 95 194 7 4 123 243 48 76 75 153 35 92
233 20 1359 131 259 147 294 31 51 96 188 136 272 4 27 107 218 9 36 101 203 141 282 78 145 119 233 57 103 140 278 110 223 97 192 48 94 34 67 40 92 73 132
234 20 1180 79 146 4 1 117 238 18 44 149 298 29 64 77 155 100 197 120 242 60 112 37 68 125 250 71 144 5 10 20 44 124 243 123 249 3 31 141 281 74 156
235 20 980 59 112 73 159 134 269 10 10 20 42 98 195 2 21 58 129 126 250 118 233 44 82 46 92 120 234 90 191 70 137 50 110 2 27 32 70 62 116 11 29
236 20 1547 113 227 123 251 148 295 68 149 91 175 70 131 87 183 108 212 15 20 30 41 136 275 93 182 111 225 97 188 132 260 88 172 75 144 137 272 85 165 127 251
237 20 1068 30 69 108 217 27 66 115 227 130 255 47 90 26 43 10 6 81 167 3 20 45 74 80 172 42 72 29 40 84 169 100 197 102 206 117 236 88 173 72 141
238 20 955 112 228 108 209 40 93 1 24 3 32 59 101 11 18 116 233 47 75 74 147 105 206 24 58 44 109 99 194 1 23 87 180 92 172 3 9 67 116 101 204
239 20 1190 19 51 67 137 137 272 150 299 113 224 80 147 29 41 137 275 57 113 118 229 71 156 51 104 92 172 26 30 105 202 8 3 35 87 52 95 43 87 98 194
240 20 1379 149 297 57 121 50 109 144 287 148 295 72 138 48 112 89 182 36 73 119 239 141 280 62 137 4 12 104 207 78 147 147 292 75 159 42 76 55 121 104 212
241 20 1135 10 21 73 143 119 238 99 197 85 177 122 244 143 285 122 238 46 112 33 65 147 293 11 34 49 86 116 236 12 20 30 35 66 128 44 68 46 106 46 102
242 20 1216 54 120 81 148 60 135 147 294 43 92 1 1 54 121 79 165 92 179 110 225 43 106 75 159 150 298 4 12 83 175 136 271 3 7 59 123 122 245 125 248
243 20 1268 76 148 139 278 67 132 69 146 112 226 97 199 95 200 102 213 16 46 2 6 42 76 46 87 19 22 88 182 99 201 81 162 147 292 94 192 52 100 142 284
244 20 1420 144 287 142 285 77 143 128 253 111 218 145 289 85 164 76 157 139 277 54 90 65 141 12 41 147 293 51 88 15 18 7 8 50 81 69 133 128 255 131 264
245 20 1306 28 48 28 40 142 282 109 212 69 144 86 174 100 209 99 189 143 285 87 164 81 151 145 291 71 137 72 134 72 140 57 121 132 265 39 93 70 149 3 27
246 20 996 11 24 47 112 148 294 37 62 88 169 41 95 37 77 147 293 37 89 20 17 72 148 124 249 16 47 33 85 68 134 8 42 111 224 132 263 24 34 44 82
247 20 1315 8 26 107 209 147 293 145 290 112 220 53 104 140 278 46 88 107 221 17 51 105 200 7 3 126 250 30 50 97 200 137 271 57 119 29 73 141 283 33 64
248 20 1220 24 50 33 55 65 138 90 179 61 126 105 208 11 45 116 225 101 206 51 96 136 270 101 204 33 58 87 166 47 94 11 43 77 162 117 233 131 263 128 257
249 20 1259 72 140 106 204 104 208 116 237 15 49 116 235 11 1 134 269 77 155 84 178 30 67 89 174 51 96 97 186 89 187 85 178 123 249 145 289 3 25 27 67
250 20 1336 34 86 49 82 91 173 1 21 126 247 116 235 133 263 66 139 52 98 115 235 148 296 82 152 69 144 65 124 46 98 112 229 116 233 118 229 48 91 83 176
251 20 1256 123 250 49 90 94 194 67 144 34 74 58 112 26 51 63 128 77 156 63 139 8 28 145 290 127 251 149 298 80 146 51 115 102 203 92 178 47 81 115 232
252 20 1329 148 295 111 228 96 188 139 277 57 106 63 120 69 153 61 107 122 239 86 163 98 190 5 9 149 297 1 7 19 64 52 100 138 275 62 119 135 268 51 91
253 20 888 130 259 68 146 24 27 19 47 99 197 76 142 13 7 39 88 100 199 72 148 70 142 2 12 102 200 82 160 17 10 15 29 70 145 52 98 54 107 7 39
254 20 1084 34 47 144 288 83 177 69 122 29 33 68 146 61 133 20 59 77 147 102 199 54 97 13 37 135 272 69 147 108 212 81 160 5 23 90 191 71 145 43 69
255 20 1378 51 90 33 67 31 63 149 297 118 233 101 207 114 229 143 287 112 225 16 27 102 198 118 237 49 101 74 157 20 40 133 265 85 176 76 146 94 198 104 208
256 20 1180 78 146 8 21 147 294 49 98 93 194 98 190 79 147 16 44 122 241 59 123 55 116 66 131 134 266 94 183 75 134 20 54 37 57 102 195 138 275 6 26
257 20 1116 51 84 19 39 116 237 10 2 117 235 30 76 111 222 38 90 98 189 4 14 12 12 146 292 145 289 34 84 146 291 11 30 138 276 29 69 80 156 60 111
258 20 1112 90 192 118 231 104 206 14 54 147 293 111 219 23 46 131 260 17 32 100 191 99 194 45 106 105 211 28 79 8 33 26 52 71 137 17 42 19 23 117 234
259 20 1189 47 90 12 10 12 29 106 206 141 282 56 96 125 247 19 30 20 65 48 91 52 104 140 277 40 78 133 262 19 20 138 275 105 208 115 236 127 255 32 80
260 20 1216 35 50 147 294 62 134 13 2 83 167 111 228 118 237 101 209 125 246 87 163 54 122 88 177 33 69 73 150 9 35 29 36 100 194 127 250 18 16 107 213
261 20 1388 83 176 135 272 146 292 68 121 86 161 53 120 118 233 11 7 123 247 89 182 105 215 91 186 23 31 122 249 139 280 26 43 31 67 56 121 83 164 148 295
262 20 1164 81 170 64 141 62 141 8 28 53 112 25 38 81 152 130 259 50 115 82 155 27 36 141 280 100 199 85 157 13 51 41 68 92 181 75 146 130 264 116 234
263 20 1244 114 235 97 196 39 84 42 92 120 244 137 274 70 142 49 100 73 131 121 244 55 115 100 209 134 270 123 250 101 196 2 16 21 19 16 7 88 176 54 120
264 20 1249 75 150 12 30 68 133 63 135 111 229 102 210 106 205 49 92 95 194 81 148 34 78 87 166 35 64 128 254 114 231 54 91 80 154 126 256 95 184 47 109
265 20 1546 107 218 137 271 54 99 130 262 82 173 60 124 16 14 84 161 121 239 112 220 146 292 50 102 82 150 126 256 98 188 104 207 119 240 89 166 104 215 112 228
266 20 1188 74 152 90 173 8 19 84 170 79 150 145 289 119 240 131 260 48 116 32 67 55 114 55 118 118 242 80 152 40 88 54 103 16 9 99 196 38 65 121 239
267 20 1480 29 77 128 259 101 205 132 266 143 287 90 186 46 86 25 59 125 246 120 233 77 145 62 110 133 269 144 286 78 169 70 142 1 1 146 292 120 237 81 172
268 20 1164 8 31 11 48 46 103 97 185 65 131 127 257 133 262 92 193 110 214 72 142 122 241 6 24 116 231 1 20 41 94 108 216 98 200 88 173 16 32 99 194
269 20 1212 101 209 97 194 103 212 129 253 4 12 55 112 148 296 130 259 104 201 52 116 57 104 58 119 2 32 106 211 149 297 24 48 20 43 23 66 74 159 79 157
270 20 1168 149 298 100 205 82 158 59 134 96 201 32 62 101 200 125 252 75 139 33 57 16 30 150 299 106 216 5 37 47 78 12 2 85 176 10 32 105 203 72 137
271 20 1549 67 124 141 283 60 108 107 206 39 84 82 163 115 227 101 207 96 195 94 193 87 180 86 184 137 273 75 136 72 151 73 143 137 275 127 256 107 205 134 271
272 20 1248 98 205 138 277 21 40 144 287 127 252 100 193 47 91 41 82 39 84 128 258 26 48 115 222 25 71 112 220 65 124 15 48 125 249 69 150 23 32 102 202
273 20 994 131 263 127 258 19 17 62 108 32 43 63 141 27 61 89 170 81 152 82 153 126 249 106 203 8 40 30 57 66 137 49 112 31 53 21 40 70 150 23 59
274 20 1232 85 179 38 79 57 104 121 237 119 237 40 66 25 74 104 216 119 240 73 158 116 231 144 287 101 208 47 92 51 120 115 224 105 203 45 103 30 44 5 10
275 20 1341 145 290 15 9 136 271 11 45 127 256 123 242 144 287 69 131 124 252 35 71 123 240 16 57 23 30 23 49 98 188 49 86 81 171 111 227 144 288 80 153
276 20 1248 146 292 38 58 47 89 46 79 124 252 50 85 41 89 138 278 119 235 5 10 115 231 93 191 123 240 36 71 79 156 55 98 59 131 137 274 15 21 95 199
277 20 1052 103 210 25 66 1 20 27 77 116 231 65 120 24 40 1 19 82 159 6 10 35 49 54 91 51 114 55 112 86 167 2 9 146 291 149 298 140 280 148 295
278 20 1300 73 158 123 249 136 269 52 92 22 67 57 105 57 122 85 173 19 12 74 151 150 300 17 28 84 180 99 198 130 259 2 19 101 210 124 242 125 251 96 184
279 20 1332 39 99 81 168 17 17 25 63 47 108 147 293 144 288 55 120 91 175 101 206 120 235 23 52 137 273 119 233 2 14 98 196 99 195 136 270 56 116 128 251
280 20 873 22 57 89 169 100 208 55 92 95 180 32 82 7 19 120 234 13 1 110 220 49 82 50 90 110 212 4 21 14 49 11 43 103 210 5 35 39 59 64 144
281 20 1298 76 154 95 200 125 249 122 242 87 173 114 233 50 96 144 288 64 128 103 201 71 140 16 58 63 126 2 27 31 79 130 260 146 291 45 94 82 172 57 127
282 20 1364 56 98 115 223 73 142 105 214 142 283 19 21 87 168 36 68 79 143 78 161 102 210 97 190 124 248 121 243 150 300 126 254 14 46 143 286 19 33 20 38
283 20 1040 9 16 57 105 86 159 24 29 28 40 5 21 78 160 88 166 76 146 26 56 90 168 122 247 93 188 28 45 119 234 2 34 144 287 64 118 38 94 124 250
284 20 1327 5 19 70 136 65 119 98 201 71 127 137 275 89 176 146 292 71 151 124 247 129 256 97 196 131 260 86 180 122 248 18 24 88 184 24 55 15 42 73 140
285 20 1251 145 289 105 218 100 196 18 29 70 145 67 133 113 231 92 179 43 79 133 264 3 32 55 92 28 46 33 45 104 204 120 240 14 22 137 276 108 219 76 143
286 20 889 12 49 59 132 108 210 99 192 30 71 61 123 31 53 24 46 30 69 36 58 126 254 138 277 26 57 117 239 10 17 6 15 1 3 31 38 72 141 95 185
287 20 1256 92 184 43 97 54 94 149 298 75 152 141 281 54 91 69 148 133 266 41 78 29 73 25 43 111 229 73 158 84 159 83 169 119 241 99 201 47 90 49 102
288 20 1105 18 60 135 270 22 24 24 29 53 122 14 10 145 290 1 20 7 41 47 88 1 25 45 99 65 136 82 171 148 296 122 244 124 248 147 294 118 235 64 130
289 20 1240 58 106 86 172 132 263 114 223 26 41 100 207 23 41 117 230 110 227 127 253 76 160 76 165 50 90 39 71 119 239 109 225 83 164 28 53 58 113 20 48
290 20 1318 117 238 128 253 12 36 114 229 14 29 131 264 64 113 109 225 88 186 144 289 36 52 50 83 118 240 39 95 68 146 51 89 119 238 126 255 55 112 65 145
291 20 1186 31 74 59 108 28 55 140 277 17 38 20 23 127 253 62 119 140 282 88 168 68 127 36 92 31 62 81 163 120 242 8 25 143 285 97 189 65 130 122 240
292 20 1513 115 234 42 63 108 210 149 297 104 211 144 286 115 228 85 167 125 252 142 284 146 291 66 119 91 171 148 296 12 33 6 14 111 218 6 5 57 119 120 239
293 20 1153 114 231 51 109 111 223 26 48 130 258 74 134 27 43 11 14 89 186 14 34 97 201 4 31 132 263 6 5 103 208 15 43 150 300 148 294 139 275 1 29
294 20 1244 119 232 41 77 19 22 18 16 20 26 95 185 59 119 51 95 75 157 137 271 46 105 139 275 115 232 89 166 23 46 133 265 89 186 134 270 107 211 47 102
295 20 740 18 37 8 16 22 54 65 117 93 189 26 74 11 39 149 298 34 66 41 87 25 55 75 156 62 108 11 7 36 84 11 27 23 64 1 19 108 215 106 207
296 20 1128 25 68 21 47 60 111 52 93 66 116 75 158 60 124 107 220 134 264 84 160 14 33 36 89 105 213 22 35 116 232 146 292 82 164 66 146 76 138 63 120
297 20 1301 14 6 25 49 150 300 22 23 60 135 131 261 119 239 85 175 68 146 81 164 129 254 139 274 63 133 123 247 40 86 70 140 17 25 24 72 127 251 140 279
298 20 1217 19 44 63 132 117 236 65 131 117 234 10 17 18 47 129 254 50 94 84 167 82 166 117 235 81 169 78 154 46 72 124 245 54 125 144 286 32 67 92 186
299 20 1155 21 30 129 260 102 197 42 88 110 215 21 65 75 155 5 16 32 47 45 88 112 218 65 123 5 34 51 110 52 117 149 297 78 146 117 236 94 190 139 279
300 20 1502 34 85 141 281 144 286 142 282 59 104 117 233 95 182 14 17 113 220 150 300 75 143 111 228 48 96 96 194 53 90 59 132 1 25 128 256 150 299 148 296
