1 20 898 22 69 1 31 26 77 68 152 122 249 6 41 90 191 126 256 17 60 39 100 33 89 45 110 88 188 18 63 91 193 37 96 10 47 86 184 129 262 69 154
2 20 1229 136 274 143 287 93 197 147 294 85 183 5 38 14 54 5 38 117 240 82 178 78 169 99 209 71 157 110 228 30 84 73 162 92 195 14 55 61 139 82 177
3 20 1156 120 246 106 220 76 167 45 110 104 217 5 39 99 208 141 283 78 171 50 120 20 65 5 39 128 260 101 211 26 76 86 185 83 178 53 125 29 81 91 193
4 20 1168 96 203 119 244 25 75 141 283 9 46 125 255 125 254 11 49 53 126 44 110 99 207 112 230 25 74 132 267 80 173 36 94 30 84 102 213 52 123 45 111
5 20 1310 83 179 142 285 95 200 144 288 144 288 32 88 89 189 130 263 81 175 125 255 30 84 33 89 143 287 65 146 89 190 11 49 52 124 11 50 41 103 98 206
6 20 1275 107 222 106 220 38 97 13 54 145 290 72 159 91 194 112 231 69 153 118 242 113 233 104 217 46 113 107 221 122 250 7 43 68 151 112 231 23 72 21 68
7 20 1164 104 217 117 241 70 156 131 265 109 225 81 176 50 120 30 84 93 198 53 125 136 275 48 116 27 78 116 238 17 59 50 119 21 67 71 158 86 185 46 113
8 20 1328 123 251 111 230 16 58 143 287 100 210 8 43 49 117 148 295 57 133 120 245 33 90 15 57 97 204 59 136 40 101 140 282 76 166 47 115 140 281 139 281
9 20 1400 66 148 101 212 96 203 142 285 145 291 32 86 31 85 87 186 121 247 116 238 117 239 110 228 11 49 126 257 35 92 93 197 73 161 16 58 117 240 116 239
10 20 1304 133 270 116 239 136 275 15 56 130 264 96 203 62 141 83 180 28 80 39 101 62 142 25 74 95 200 25 74 114 234 41 103 58 133 133 270 119 244 120 245
11 20 1270 10 48 15 57 72 159 29 81 136 275 84 181 118 242 96 202 104 217 72 159 131 266 60 138 116 238 20 66 110 228 116 238 88 189 10 47 58 134 143 286
12 20 1222 19 64 96 202 69 153 40 102 120 245 43 107 66 148 102 213 7 42 134 271 97 205 80 173 138 278 35 93 96 202 97 205 132 267 49 118 9 46 99 209
13 20 1420 87 186 87 186 122 249 99 208 37 96 52 123 18 61 90 192 76 166 130 263 147 295 113 233 97 204 128 261 88 189 47 114 105 219 124 253 71 158 57 132
14 20 1458 52 123 43 106 128 260 26 76 87 187 140 282 30 83 149 298 106 221 40 102 78 170 60 138 76 166 146 292 147 295 69 154 149 298 28 80 137 276 132 267
15 20 1178 64 145 28 80 35 93 34 91 45 111 70 155 34 91 66 148 142 285 33 89 117 240 62 140 37 96 142 285 12 51 137 276 48 116 100 209 138 278 129 262
16 20 1097 12 52 46 112 58 135 106 220 15 57 28 80 107 222 77 168 43 106 124 253 57 133 95 201 81 176 127 258 69 154 139 280 54 126 2 33 11 49 121 248
17 20 1019 84 181 50 120 55 128 80 174 34 91 68 151 95 201 24 73 45 110 80 173 31 85 148 295 44 108 68 152 119 243 13 53 19 64 118 242 25 75 74 163
18 20 1287 124 253 11 49 72 160 8 44 122 249 124 252 61 139 71 157 68 153 129 262 127 258 18 62 149 298 107 222 61 139 122 250 93 196 67 150 39 100 36 94
19 20 1123 45 111 61 140 37 96 140 281 134 271 142 286 101 211 75 165 47 115 26 77 10 47 34 91 58 134 23 71 18 63 77 168 121 248 131 265 49 118 75 165
20 20 1146 119 243 66 149 106 220 121 247 58 134 108 224 14 54 42 104 18 63 67 150 149 298 45 111 86 185 17 60 40 101 91 193 61 139 36 94 132 268 57 132
21 20 1153 58 135 145 290 94 198 70 155 75 165 7 42 99 208 2 32 140 281 37 96 41 103 50 119 53 124 102 213 137 276 45 110 39 100 149 299 51 122 48 116
22 20 1078 1 31 142 286 86 184 97 204 48 117 140 282 26 76 22 69 43 107 87 187 138 278 128 260 9 45 44 108 123 251 14 55 9 46 6 40 38 99 147 294
23 20 1194 59 136 90 192 3 34 42 105 29 82 112 232 121 247 135 272 150 300 49 118 1 32 119 243 65 146 135 273 57 133 39 101 32 87 95 201 15 57 145 290
24 20 1197 99 209 1 32 50 120 65 146 117 239 48 116 49 118 148 295 129 261 1 31 31 86 140 281 81 175 74 162 11 50 23 71 80 174 106 221 118 241 126 257
25 20 1235 53 124 10 48 145 290 91 193 18 63 116 239 84 181 23 71 95 201 135 272 132 267 71 158 58 134 42 105 126 256 71 158 76 166 34 90 49 117 115 237
26 20 1422 29 83 22 68 97 205 130 264 146 293 89 190 133 268 27 77 89 190 68 151 23 71 133 269 98 207 136 275 71 158 46 112 144 288 57 132 150 300 90 191
27 20 1067 73 160 99 208 13 53 101 212 115 237 89 190 25 75 144 289 29 81 35 92 38 97 79 172 26 77 75 164 145 290 71 158 23 72 63 144 25 75 66 149
28 20 1400 76 167 90 191 44 109 32 87 58 134 137 277 65 146 64 144 116 238 18 63 123 250 55 128 117 241 139 279 105 219 95 201 135 272 120 246 26 76 135 273
29 20 1369 128 260 119 243 63 142 62 140 15 57 57 132 105 218 66 149 135 273 109 226 59 136 23 71 111 229 124 253 81 175 132 267 25 74 144 289 18 62 136 274
30 20 1251 1 31 113 233 120 246 63 143 130 264 140 282 12 51 138 277 48 116 36 95 107 222 9 45 62 142 141 284 141 283 126 257 90 191 6 41 30 84 51 121
31 20 1091 48 116 104 216 130 264 2 33 129 263 1 31 57 132 35 93 45 111 45 110 25 74 117 241 30 84 136 274 119 243 26 76 30 84 99 208 68 152 118 242
32 20 1010 25 75 60 137 36 94 62 141 14 55 62 142 45 111 9 46 119 244 62 141 63 142 144 288 29 82 85 183 3 35 120 246 147 295 42 106 114 234 22 68
33 20 1345 65 147 41 104 94 199 131 265 119 245 137 276 77 169 70 156 113 233 45 111 111 230 54 127 82 177 146 292 53 125 92 196 5 39 69 155 130 264 48 116
34 20 1237 87 186 6 40 20 66 85 183 140 282 61 139 129 262 131 265 104 216 70 155 134 272 93 197 31 85 28 80 68 152 3 36 108 224 79 173 95 200 75 164
35 20 1073 68 152 14 55 93 198 79 171 62 141 41 104 139 280 80 173 18 62 116 238 37 95 5 39 109 226 16 59 79 172 29 81 117 241 86 184 7 42 147 294
36 20 1089 77 168 137 276 144 288 22 69 94 198 22 69 76 167 55 129 77 169 140 282 48 116 12 50 89 190 27 78 20 65 113 233 54 126 43 107 33 89 79 172
37 20 1359 6 41 131 265 71 157 128 260 100 209 139 280 123 252 69 154 111 229 125 255 137 277 22 69 118 242 105 218 76 167 40 101 35 93 48 117 69 154 46 113
38 20 1294 133 269 136 275 6 40 80 173 137 277 55 129 35 93 10 48 114 235 86 184 142 286 122 250 108 225 36 94 40 101 66 148 20 65 100 210 56 131 136 275
39 20 930 84 181 9 46 58 133 1 32 71 158 7 42 132 267 57 132 55 129 76 167 70 156 91 194 65 146 28 80 116 238 76 166 41 103 3 36 24 73 99 208
40 20 1262 128 260 10 48 38 97 18 62 126 257 146 293 40 101 63 144 131 265 123 251 143 286 86 185 135 273 92 196 19 63 19 64 70 156 37 97 81 176 73 161
41 20 1313 9 46 101 212 47 114 25 75 42 106 86 184 150 299 104 216 36 94 24 73 131 266 112 231 149 298 99 207 143 287 90 192 12 51 98 206 80 173 104 218
42 20 1394 65 146 75 164 111 229 11 50 127 259 39 100 108 223 138 278 122 250 133 268 56 131 44 110 146 292 35 92 145 291 80 174 135 273 90 191 70 155 13 52
43 20 1006 98 207 104 216 12 52 102 213 9 46 96 202 1 31 49 117 65 147 83 179 4 37 39 99 78 170 114 235 54 127 3 36 117 240 3 35 123 252 104 218
44 20 1327 107 222 96 203 146 292 1 32 98 207 146 292 38 98 18 62 41 103 92 194 14 56 113 234 149 298 13 53 56 130 86 185 149 298 57 132 141 284 98 205
45 20 1203 2 33 78 170 15 57 135 273 44 108 111 229 69 154 139 280 12 51 5 39 93 198 73 161 142 285 43 106 111 229 131 265 108 223 74 162 115 237 4 37
46 20 1344 109 225 89 189 45 111 62 140 87 186 134 271 116 238 21 67 80 174 48 115 107 223 147 295 20 66 117 240 17 61 95 201 94 199 58 135 95 201 140 282
47 20 1159 112 230 21 67 71 157 132 267 137 275 79 172 19 63 75 164 49 118 116 239 20 65 123 250 147 294 81 175 74 164 21 67 61 140 90 191 6 40 15 57
48 20 1308 47 114 119 244 18 62 129 262 36 94 59 136 80 174 48 117 139 280 125 254 113 234 103 214 83 179 64 145 140 282 45 110 26 76 145 291 60 138 56 130
49 20 1271 150 299 3 34 58 133 126 257 68 152 50 119 72 160 85 182 82 177 146 292 81 176 83 179 44 108 21 68 3 36 81 176 131 265 119 244 37 96 149 298
50 20 1384 46 112 68 151 130 264 146 293 18 61 126 256 13 52 70 156 97 204 51 121 13 53 123 252 77 169 137 276 59 135 140 282 24 72 150 300 125 254 118 242
51 20 1181 133 269 147 294 68 152 55 129 56 130 14 54 130 264 115 236 19 64 67 151 59 136 3 34 120 246 33 89 6 40 142 285 115 237 131 265 25 75 39 99
52 20 1129 140 282 69 154 4 37 81 175 75 165 101 212 114 234 3 35 59 137 44 108 96 202 58 135 108 225 69 154 53 124 60 138 32 88 129 262 2 34 115 237
53 20 1439 62 141 69 154 135 273 149 298 87 187 71 158 27 79 118 242 108 224 139 280 22 68 137 276 25 75 99 208 126 256 10 47 128 259 51 122 134 270 102 212
54 20 1029 63 144 44 109 24 73 75 164 30 84 76 166 119 244 108 225 49 118 45 111 99 208 96 203 14 55 135 273 13 53 53 125 52 122 61 140 66 149 65 147
55 20 1357 106 221 128 260 20 66 102 214 143 287 9 46 8 45 138 277 70 156 111 230 30 84 137 276 73 161 18 62 142 286 80 174 131 265 12 52 140 281 99 207
56 20 1314 138 278 135 272 17 60 126 257 58 134 61 139 126 257 128 260 100 210 69 153 21 68 77 167 126 256 138 279 145 291 19 64 54 126 26 77 78 171 1 32
57 20 1020 87 186 16 58 34 90 111 229 46 112 130 264 13 53 144 289 80 174 21 68 137 277 106 220 68 153 52 123 24 73 34 90 73 160 64 145 12 51 23 71
58 20 1355 68 153 139 279 20 65 76 166 51 121 116 239 83 178 54 127 79 171 91 193 87 185 45 111 81 176 105 218 48 116 106 221 94 199 143 286 149 297 59 136
59 20 1240 17 59 129 261 69 154 110 227 41 104 76 166 73 162 73 161 77 168 55 129 119 243 12 50 147 294 18 62 102 213 97 204 28 79 111 229 121 247 75 165
60 20 1237 88 188 58 133 54 127 71 157 96 203 72 159 146 292 45 111 64 144 90 192 113 233 29 81 4 36 105 219 51 121 142 286 93 196 18 61 149 298 59 135
61 20 1180 22 69 41 104 129 261 34 91 17 61 18 62 109 226 17 60 121 248 97 205 124 253 56 131 149 299 66 149 102 213 78 170 85 182 114 234 91 194 5 39
62 20 1367 24 73 89 190 6 40 84 180 119 244 124 253 99 208 105 218 52 124 49 117 87 187 90 191 150 300 115 237 1 32 58 133 139 281 113 233 88 188 117 241
63 20 1173 8 45 61 139 2 33 96 202 24 72 106 221 138 279 38 98 118 242 94 198 135 272 81 176 33 89 37 96 95 201 138 279 88 189 74 163 4 37 97 204
64 20 1036 28 81 137 277 19 64 27 79 114 234 65 147 7 43 46 112 83 178 147 294 101 211 15 56 77 169 15 57 147 295 60 138 26 76 14 55 126 257 41 104
65 20 1289 38 97 40 101 30 84 114 235 110 227 106 221 122 248 113 233 94 199 28 79 27 79 39 99 56 131 73 161 146 292 59 136 149 299 150 300 70 156 48 115
66 20 1158 89 190 84 181 34 90 17 60 23 72 29 81 6 41 103 214 135 272 78 170 8 44 53 125 109 227 136 275 52 124 82 177 103 216 71 158 108 225 128 260
67 20 1139 72 158 78 169 13 52 30 83 114 235 91 193 143 287 110 227 48 116 8 45 116 239 132 268 48 115 60 137 12 52 77 168 81 176 120 245 2 33 69 154
68 20 1233 90 192 55 129 100 210 52 124 125 255 64 145 19 64 39 100 149 297 85 183 109 226 70 155 27 79 120 245 107 222 13 53 32 87 37 97 147 294 102 213
69 20 996 28 81 80 174 37 96 96 203 19 64 59 137 78 170 124 253 55 129 86 185 6 41 82 178 1 31 68 151 97 204 39 100 88 188 46 113 37 97 120 246
70 20 1346 114 235 107 223 84 180 49 118 102 213 119 244 147 295 146 292 25 75 138 278 138 278 22 70 54 128 70 156 32 87 32 86 42 106 111 229 147 293 4 36
71 20 1168 101 211 87 187 143 286 57 132 56 130 69 153 28 81 67 151 12 52 30 84 70 155 96 202 142 285 124 253 33 90 106 220 45 111 20 66 79 172 95 200
72 20 1036 112 230 56 130 36 95 16 59 39 99 83 178 111 229 3 35 91 193 99 207 9 45 74 163 37 96 58 134 35 92 132 266 99 208 106 220 74 164 26 76
73 20 1295 28 81 136 275 71 157 142 286 140 282 127 258 85 183 80 174 132 268 91 194 3 35 46 112 26 76 136 274 150 299 120 246 25 74 63 143 16 58 2 33
74 20 1414 146 293 27 78 147 294 144 289 93 196 24 72 145 291 106 220 74 163 122 250 56 131 11 49 141 284 3 35 95 200 113 233 83 179 35 93 81 176 122 250
75 20 1317 8 45 127 259 97 204 132 267 62 141 121 247 49 118 94 199 145 290 53 125 7 42 23 70 42 105 144 290 109 225 95 201 41 103 97 204 137 277 64 146
76 20 892 143 287 55 129 6 40 9 46 62 141 117 241 79 172 60 138 46 112 44 109 39 100 18 62 106 221 27 79 56 130 131 265 5 39 7 41 74 163 31 86
77 20 1356 90 191 128 260 37 96 131 266 132 268 70 156 104 217 55 129 34 92 141 284 59 136 63 144 138 278 77 168 82 177 75 165 119 244 126 257 6 41 28 80
78 20 1064 60 138 73 162 111 229 13 53 30 83 62 142 51 121 133 269 53 124 42 105 140 282 138 278 1 31 83 180 73 161 50 119 8 44 96 203 109 226 4 36
79 20 1116 122 249 23 71 61 140 83 180 68 153 32 88 20 66 29 82 8 44 39 101 49 117 102 213 27 79 86 184 78 170 93 197 138 278 148 296 133 270 56 131
80 20 1226 95 201 104 216 33 89 121 247 66 148 148 296 21 68 120 246 57 133 66 148 96 203 21 68 75 165 107 222 51 121 94 199 95 201 110 228 21 68 32 87
81 20 1115 115 236 148 295 69 154 121 248 9 46 121 247 109 225 100 209 39 99 98 206 35 92 38 98 63 142 2 33 84 181 60 138 47 114 3 34 40 102 93 197
82 20 1308 143 287 122 250 31 85 96 202 103 215 46 112 16 58 133 270 147 295 57 132 58 134 84 182 103 215 33 88 31 85 35 92 86 184 91 194 139 281 82 178
83 20 1279 65 146 24 72 142 284 112 232 150 300 70 155 145 290 117 240 3 36 56 130 130 264 61 140 8 44 74 163 113 234 57 133 88 188 124 253 2 33 58 134
84 20 1096 7 42 71 158 5 39 18 62 61 139 75 165 88 187 137 277 112 231 72 159 68 152 112 231 32 88 53 125 77 168 141 283 52 123 94 198 27 79 68 151
85 20 1451 122 250 136 275 85 182 142 284 48 115 127 257 33 89 105 219 116 238 106 220 5 39 135 273 60 137 114 235 93 197 129 261 13 53 81 175 74 163 90 191
86 20 1088 20 66 31 85 60 138 27 79 126 257 62 141 58 134 71 157 147 295 10 47 115 237 23 71 11 49 108 224 81 176 38 99 139 280 68 152 116 239 50 120
87 20 1155 141 284 33 88 4 37 120 246 39 100 22 69 150 300 106 221 116 238 132 267 125 254 24 73 55 129 30 84 7 42 130 263 25 74 65 147 50 120 70 156
88 20 1142 92 194 1 32 128 260 121 247 140 281 90 192 98 205 8 44 8 44 64 146 133 269 115 236 29 82 128 260 64 145 61 139 56 130 50 120 41 104 1 32
89 20 1089 7 42 52 122 11 49 88 189 124 253 91 194 98 206 48 115 78 170 51 122 44 109 49 117 95 201 123 251 2 33 68 151 60 137 72 159 120 246 81 176
90 20 1099 89 189 91 193 56 131 43 106 39 100 42 106 60 138 135 273 19 64 4 36 57 132 119 244 76 167 92 195 96 203 65 147 75 164 136 275 24 72 56 130
91 20 1209 119 243 107 223 40 101 117 240 124 253 6 41 49 118 67 150 93 197 51 122 49 118 15 57 146 293 63 144 124 253 100 209 56 130 10 48 83 180 93 196
92 20 1322 109 227 136 274 19 63 112 232 124 253 58 135 41 103 130 264 70 155 10 47 145 291 127 259 1 32 42 106 85 183 136 274 76 166 77 168 15 57 140 281
93 20 1116 48 117 7 43 14 56 149 298 66 148 32 87 96 202 17 61 135 272 87 186 41 103 8 44 93 196 24 73 87 186 105 219 146 293 30 83 126 257 84 181
94 20 1097 127 258 29 82 110 227 2 33 52 123 100 210 95 200 24 73 23 71 149 297 98 206 114 236 56 131 20 65 145 290 44 110 106 220 28 80 17 59 33 89
95 20 1148 100 209 115 237 15 56 144 289 52 123 82 176 2 33 71 158 131 265 76 167 135 272 90 192 79 171 28 81 55 129 117 241 13 53 13 52 69 153 49 117
96 20 1096 21 68 68 151 27 79 1 32 78 170 27 77 108 223 138 277 95 201 46 112 84 181 137 276 80 173 65 146 28 80 72 158 107 223 11 50 108 224 70 155
97 20 1004 81 175 65 147 8 44 103 215 68 151 121 247 81 175 98 206 83 179 2 33 82 177 25 74 76 167 62 140 100 210 61 140 107 222 9 45 2 34 22 70
98 20 1316 130 263 65 146 112 232 132 268 38 97 9 46 19 64 128 260 12 51 52 124 25 75 105 219 120 246 59 136 134 271 121 248 148 296 81 176 12 50 144 289
99 20 1195 98 207 102 212 30 84 5 39 130 264 122 249 45 110 32 88 149 298 33 89 98 205 88 189 54 127 115 236 122 249 46 112 15 56 39 100 60 137 111 229
100 20 1294 112 231 145 290 111 230 141 283 18 63 39 100 91 194 6 40 126 257 14 55 107 222 16 58 104 216 107 221 91 194 94 199 11 50 101 212 63 142 121 247
101 20 1356 61 140 105 219 143 288 85 182 72 158 125 255 122 249 74 162 35 93 51 121 127 258 37 96 63 142 73 160 128 261 97 204 44 109 12 51 121 248 120 246
102 20 1178 140 282 30 84 16 59 30 84 96 203 54 127 84 181 110 228 60 137 52 123 42 106 27 77 70 155 100 209 101 211 124 253 127 258 42 106 67 149 101 211
103 20 1364 65 147 88 189 87 186 39 100 1 31 140 282 148 295 134 270 50 119 127 258 123 251 85 183 116 238 5 39 85 183 130 263 55 128 19 64 83 179 125 254
104 20 1308 69 153 54 127 87 187 58 134 85 183 113 233 88 188 19 63 82 176 131 266 132 268 84 182 141 283 107 222 126 257 123 250 2 33 31 85 22 69 82 178
105 20 1274 117 240 88 188 61 139 48 116 64 145 58 135 122 250 3 35 150 300 102 213 105 219 22 69 31 86 86 184 25 74 107 222 47 115 116 239 132 267 109 226
106 20 1256 112 231 101 212 103 214 70 156 23 71 76 166 54 127 122 250 58 135 32 87 112 232 59 136 106 221 120 245 18 62 1 31 129 262 82 177 78 170 114 235
107 20 1132 142 285 72 160 44 108 23 71 20 66 90 192 108 225 105 218 53 125 9 46 134 271 19 65 6 40 102 213 61 140 14 54 110 227 82 178 142 286 80 173
108 20 1210 27 78 84 181 78 170 93 198 59 136 83 179 143 287 99 208 130 264 38 98 86 184 3 36 55 129 51 122 57 131 64 145 50 120 94 199 129 262 90 192
109 20 945 104 216 19 64 8 44 120 245 47 114 23 71 108 224 28 80 51 121 133 269 10 47 146 293 38 98 133 270 14 56 24 73 93 197 22 69 16 59 45 110
110 20 1085 77 169 148 296 128 259 58 135 31 85 1 31 148 296 14 55 17 61 10 48 48 115 27 78 98 206 61 140 129 262 50 119 46 113 94 198 60 138 112 231
111 20 1042 26 77 67 150 132 267 24 72 77 168 43 107 51 121 1 31 100 210 101 211 72 159 76 167 67 151 143 288 23 71 51 122 76 166 42 105 73 161 58 135
112 20 1233 54 128 23 71 55 128 81 175 129 262 50 120 33 90 150 299 59 135 125 254 80 173 112 230 74 163 54 127 138 278 3 36 67 151 122 249 6 40 127 258
113 20 1214 98 206 57 132 107 222 105 218 88 189 108 223 86 185 33 89 45 111 57 132 1 31 24 72 119 245 55 129 86 184 128 261 107 222 129 261 57 132 28 80
114 20 1127 55 129 42 106 82 177 147 293 107 223 27 78 97 205 67 150 136 275 141 283 141 283 75 165 21 67 13 53 34 90 69 154 65 146 52 123 19 63 19 64
115 20 1422 150 299 94 198 108 223 63 143 92 196 44 109 95 200 101 211 75 165 134 270 38 98 113 233 87 187 128 260 25 74 49 118 71 158 102 212 135 272 74 163
116 20 1174 19 63 63 142 136 274 134 271 150 299 149 298 45 111 79 171 4 37 38 98 54 127 35 93 52 124 37 97 70 155 36 95 78 170 116 239 127 258 46 112
117 20 1247 72 159 55 128 136 274 129 262 91 194 33 89 115 237 120 245 65 147 11 49 124 252 47 114 135 272 31 86 24 73 73 162 22 69 66 148 145 291 65 147
118 20 1200 112 230 105 219 123 251 71 157 71 157 37 97 28 80 47 114 88 188 134 270 11 50 90 192 1 32 66 148 96 202 46 112 98 206 82 177 134 270 61 139
119 20 1136 108 224 38 98 136 275 96 203 36 94 49 117 139 280 148 296 64 145 44 108 81 175 6 41 46 112 97 204 114 235 42 105 1 31 14 54 38 99 124 253
120 20 1356 111 230 117 241 24 74 65 147 9 45 27 79 147 294 114 234 104 217 116 238 57 133 107 222 72 159 64 145 124 253 129 262 40 101 60 137 111 229 97 204
121 20 964 57 131 40 102 86 185 129 262 25 74 53 125 142 286 60 137 35 93 13 53 117 241 5 39 140 282 53 126 134 270 5 39 19 63 19 64 19 63 54 127
122 20 1267 143 286 44 108 149 298 121 248 35 93 67 150 150 300 137 276 36 95 81 175 109 226 107 222 97 204 3 35 12 51 100 210 17 60 7 42 144 289 25 74
123 20 1328 79 171 35 93 132 268 89 189 100 210 128 260 43 107 150 299 147 295 35 92 130 263 115 236 98 206 39 100 123 251 64 144 27 78 34 90 55 128 37 97
124 20 1104 20 66 67 150 2 33 86 184 84 181 72 159 40 102 63 144 73 161 98 205 91 194 18 62 85 182 78 169 141 283 42 105 5 38 134 271 95 201 87 187
125 20 1156 3 36 41 103 73 162 112 231 59 136 64 144 104 218 50 119 136 275 99 208 116 239 98 206 58 133 83 179 28 80 93 197 111 229 28 80 22 69 67 150
126 20 1274 76 167 139 280 136 274 47 114 103 215 54 127 70 155 59 135 144 288 19 64 69 154 90 192 30 84 82 177 54 127 132 267 117 241 34 91 71 158 67 150
127 20 902 81 175 139 281 89 190 104 218 2 34 82 178 33 90 24 73 72 159 87 186 82 178 51 121 28 80 44 108 19 63 12 50 23 72 89 190 51 121 16 58
128 20 1145 114 235 19 63 125 255 47 115 35 93 76 166 15 57 50 120 66 148 33 88 24 72 46 113 68 153 122 249 128 259 103 215 126 257 34 91 128 260 73 162
129 20 1027 19 64 15 57 62 141 65 147 8 44 118 242 100 209 95 200 42 105 64 145 93 197 6 40 102 213 21 67 138 278 136 274 23 71 54 127 110 227 13 53
130 20 1204 142 285 119 244 97 203 123 251 140 281 11 49 65 147 22 70 42 105 133 269 5 38 57 132 15 56 19 63 89 190 35 93 102 213 28 80 141 283 121 247
131 20 1491 146 293 138 278 111 229 25 75 56 130 95 201 120 245 96 202 69 154 138 277 95 200 2 33 113 232 116 239 103 215 10 48 150 300 98 205 115 237 68 152
132 20 1134 102 213 90 191 27 78 40 102 129 262 15 57 21 68 114 235 74 163 142 285 149 298 57 131 22 69 61 139 75 165 53 125 15 57 126 256 93 196 13 53
133 20 1396 150 299 121 247 135 273 72 160 53 126 50 120 59 136 109 226 109 225 24 72 107 222 9 45 142 285 114 235 125 255 118 242 76 166 35 93 16 58 121 247
134 20 1124 20 66 146 293 66 148 45 110 64 145 90 191 51 121 130 264 40 101 31 85 144 290 73 161 27 79 41 104 72 159 53 126 137 275 73 161 9 46 94 199
135 20 1160 145 290 25 75 48 115 15 57 122 249 123 250 23 71 93 198 16 58 120 246 45 111 120 246 2 33 114 235 84 180 150 299 10 47 130 264 20 66 45 110
136 20 1304 14 55 67 149 40 102 32 88 96 202 150 300 137 276 143 287 10 48 9 46 16 58 124 253 132 267 14 54 128 260 77 168 143 287 139 279 147 294 13 53
137 20 1196 135 273 48 116 115 236 56 131 113 232 18 61 7 43 100 209 84 181 144 288 123 250 28 81 40 102 4 37 39 99 134 271 94 199 100 210 30 83 84 181
138 20 1100 81 176 79 171 96 202 1 32 108 224 22 70 74 162 52 123 134 271 9 46 115 236 53 125 50 119 62 141 59 137 123 252 36 94 104 217 21 67 97 205
139 20 1275 59 135 141 283 51 122 16 59 35 93 38 98 105 218 101 211 130 263 51 122 88 188 57 132 130 264 53 124 87 186 64 144 147 295 121 247 8 44 112 231
140 20 1266 146 292 145 290 125 255 106 220 62 141 81 175 30 84 77 169 48 116 21 67 9 45 42 106 35 93 43 106 112 231 2 32 146 293 91 193 119 244 143 288
141 20 1316 64 145 45 111 42 105 108 224 101 211 128 261 125 255 99 208 133 270 24 72 57 133 84 181 143 287 101 211 88 187 22 70 44 108 25 74 77 167 136 275
142 20 1287 96 202 12 50 21 67 68 153 6 41 116 238 142 285 131 266 98 205 116 239 145 291 129 262 76 166 68 152 73 161 83 179 90 191 55 129 3 35 81 175
143 20 1206 147 294 16 58 147 295 142 284 89 190 101 211 12 51 99 208 60 137 37 96 115 236 33 89 123 250 145 290 71 157 28 81 37 95 59 137 5 39 42 105
144 20 1051 11 49 6 41 43 107 32 87 18 62 82 178 107 222 24 73 90 192 145 291 130 263 97 204 76 166 37 96 1 32 61 140 73 162 20 66 147 294 114 234
145 20 1219 129 262 36 94 36 94 118 243 122 249 119 244 32 87 32 87 51 122 122 250 2 34 81 176 32 88 45 110 68 153 132 267 78 171 140 282 15 56 134 271
146 20 1275 93 198 141 283 63 144 21 67 142 284 106 221 136 274 6 41 90 191 29 81 107 222 95 200 137 277 27 78 58 133 61 139 22 69 117 240 119 243 24 72
147 20 1081 124 253 45 110 93 197 120 246 81 176 81 175 73 162 20 65 6 41 20 66 86 184 74 162 136 275 50 119 107 221 60 137 28 79 10 48 53 125 85 183
148 20 1385 93 198 19 64 105 219 28 80 93 197 43 108 24 72 142 286 98 205 105 219 150 299 102 212 95 200 122 249 91 194 87 186 114 235 72 160 134 270 15 56
149 20 1471 104 217 109 226 140 281 69 154 122 249 85 183 89 190 126 256 63 143 12 52 95 200 67 151 54 127 86 184 133 269 96 202 117 241 62 141 118 242 92 196
150 20 1266 85 183 104 217 19 64 136 275 32 86 77 168 123 250 137 276 62 141 120 246 20 66 136 274 82 177 106 220 37 97 78 171 85 183 65 147 3 34 76 167
151 20 1300 108 224 143 288 79 173 4 37 67 150 134 271 118 243 18 62 111 229 51 121 118 241 146 292 73 161 42 106 83 179 54 128 107 222 79 172 45 111 45 111
152 20 1198 7 42 140 282 58 133 141 284 76 167 122 249 116 238 146 292 1 31 84 181 100 209 25 75 16 58 105 218 23 70 114 236 65 147 118 243 34 92 7 42
153 20 1044 58 134 32 86 67 150 12 52 97 205 19 63 133 269 109 226 3 34 60 138 61 139 123 251 84 181 82 178 47 114 133 268 61 139 15 57 39 101 70 156
154 20 1059 72 159 93 196 117 241 21 67 69 154 59 135 35 93 47 114 69 154 91 193 98 207 60 138 35 93 105 219 65 146 18 62 30 84 92 195 64 145 84 181
155 20 1219 69 154 84 181 124 253 23 72 127 259 53 126 144 288 1 31 94 198 144 290 68 152 12 52 13 53 132 266 39 100 88 188 10 48 136 275 61 139 102 213
156 20 1180 121 247 70 155 20 65 119 244 43 107 46 112 61 139 15 56 21 68 143 287 4 37 13 53 98 205 29 82 78 170 104 217 136 274 130 264 116 238 109 226
157 20 1128 48 116 24 74 17 61 137 277 5 39 69 154 105 219 131 266 110 227 33 89 52 123 74 163 62 141 97 204 35 93 42 105 100 209 103 215 71 158 96 202
158 20 1148 107 222 112 232 26 77 50 119 64 145 99 207 38 98 73 162 58 134 53 126 144 289 37 96 42 105 144 289 43 107 71 158 48 116 119 243 96 203 11 49
159 20 1238 121 247 72 159 112 231 104 218 38 97 1 31 90 192 114 236 19 64 118 242 76 167 47 114 93 196 35 93 143 287 110 227 80 174 56 130 18 63 101 211
160 20 1485 29 82 147 295 146 293 130 264 7 41 126 257 86 185 136 275 149 298 105 218 43 107 116 239 120 245 120 246 137 276 47 114 22 69 71 157 100 209 20 65
161 20 919 96 202 9 45 22 69 120 245 114 235 110 228 17 61 27 78 119 244 13 54 150 300 13 52 17 61 40 101 7 42 46 113 54 127 125 254 41 104 9 46
162 20 972 101 211 92 194 144 288 117 240 2 33 75 164 27 79 36 95 148 296 119 243 62 141 34 91 69 154 56 130 17 61 36 95 53 125 1 31 19 64 7 42
163 20 1128 4 38 39 100 6 40 10 47 118 242 91 193 141 284 87 186 43 107 150 300 8 44 60 138 130 264 46 113 87 186 65 147 100 210 73 161 64 145 89 191
164 20 1396 115 237 145 291 107 222 47 114 8 43 19 63 44 108 120 245 121 248 140 281 105 219 92 195 102 213 124 252 113 232 24 73 122 249 117 241 48 117 33 89
165 20 950 78 170 83 179 25 74 31 86 76 166 7 42 98 206 104 217 38 98 83 179 41 103 38 97 5 39 86 184 31 86 25 75 117 240 48 116 114 234 60 138
166 20 1474 150 299 66 149 147 294 104 218 14 54 138 277 115 237 49 118 58 134 129 262 138 278 129 262 110 227 29 83 8 44 99 209 144 288 42 105 48 116 126 257
167 20 1129 2 33 115 237 52 123 12 52 31 85 85 183 110 227 124 253 68 151 85 183 47 113 78 169 53 125 114 235 114 236 29 82 94 198 56 130 92 196 51 121
168 20 1539 117 241 61 140 136 274 136 274 105 219 146 293 44 108 123 252 114 235 109 226 67 151 107 223 148 296 14 56 140 281 36 94 79 172 121 247 90 192 31 85
169 20 1397 101 212 50 119 138 278 118 241 96 202 137 277 17 60 22 70 102 214 17 60 70 156 122 249 43 106 145 291 120 246 9 46 107 223 131 266 79 171 123 250
170 20 1366 132 268 146 292 105 218 144 289 96 202 16 58 69 153 102 213 33 88 129 262 12 51 24 73 134 271 49 118 13 53 148 296 138 279 12 51 141 283 65 147
171 20 1388 90 192 13 53 99 208 96 203 97 204 81 175 76 167 17 60 77 168 130 263 108 224 75 165 131 266 65 147 16 59 86 184 130 264 76 167 130 264 142 285
172 20 1194 44 109 57 132 80 173 123 251 81 175 27 78 115 236 84 181 87 186 110 228 121 248 69 153 111 229 24 72 9 46 115 237 121 247 37 97 77 168 1 31
173 20 1088 115 237 26 76 102 213 8 43 5 39 125 255 137 276 143 287 39 99 7 43 26 76 1 32 125 254 13 53 70 155 63 144 94 199 111 230 24 73 126 257
174 20 1064 112 232 135 273 89 189 30 84 39 100 97 204 42 105 69 154 64 144 12 51 81 175 56 130 16 59 108 225 128 260 32 86 39 100 63 142 61 139 57 132
175 20 1084 72 159 82 177 97 205 113 233 94 199 54 126 31 85 25 75 48 116 121 248 93 197 21 67 66 148 11 49 73 161 137 277 40 101 17 61 125 254 36 95
176 20 1001 8 45 8 45 144 290 36 95 36 95 24 74 100 210 49 117 143 286 14 56 71 158 28 80 106 221 33 89 136 274 32 87 21 67 91 194 127 259 45 110
177 20 1510 136 275 125 254 143 286 91 193 44 109 23 70 129 262 23 72 121 247 70 155 45 111 135 273 90 192 100 209 16 59 123 250 124 253 107 223 136 274 107 222
178 20 1352 9 46 35 93 95 201 141 283 105 218 55 129 120 246 24 72 119 243 135 272 132 267 80 174 13 53 90 192 73 161 118 242 127 258 22 70 85 183 113 233
179 20 1369 65 147 67 149 133 269 31 85 145 290 62 141 28 81 23 71 120 246 131 265 69 154 128 259 110 228 90 191 71 158 101 212 113 232 146 292 12 52 67 150
180 20 1356 29 82 86 184 21 68 34 90 142 285 62 140 82 178 59 137 92 195 140 281 44 108 105 219 45 110 106 221 147 293 133 269 42 104 131 266 65 147 131 266
181 20 1355 2 33 1 32 141 284 60 138 49 118 93 196 143 287 145 290 127 259 36 94 95 201 94 198 29 81 100 210 116 239 122 249 112 231 146 293 23 70 60 137
182 20 1252 150 299 57 132 108 225 30 84 77 168 137 276 39 100 41 104 59 135 100 210 10 48 10 48 100 209 147 295 86 184 18 62 138 277 147 295 107 223 4 37
183 20 1247 113 233 28 80 121 247 127 259 36 94 33 90 143 288 120 246 2 33 80 174 135 273 23 71 92 195 41 104 122 249 78 170 105 219 36 94 56 131 68 151
184 20 1250 121 247 98 207 133 269 3 36 142 284 135 273 85 182 120 246 10 47 92 196 25 74 48 116 28 80 8 43 24 73 131 265 141 283 92 195 50 119 77 168
185 20 1058 46 112 8 44 40 102 21 67 43 107 138 277 13 54 49 117 88 189 90 192 113 232 70 156 142 284 41 104 120 246 77 168 67 150 96 202 34 91 27 79
186 20 1255 106 221 126 256 74 162 71 158 90 192 100 210 8 43 116 238 11 50 144 289 126 257 90 191 35 92 26 76 101 211 64 144 48 116 24 73 145 291 64 145
187 20 1276 150 300 80 174 62 142 5 39 40 102 35 93 15 57 43 106 118 242 116 239 33 90 114 235 69 154 87 186 150 300 46 112 52 124 118 241 140 282 123 251
188 20 1400 74 164 89 189 41 104 135 272 3 35 132 267 121 248 123 250 61 139 140 281 91 194 110 228 26 77 13 53 79 172 57 132 136 275 84 181 103 215 133 268
189 20 1214 72 159 138 278 16 58 115 237 105 219 118 241 7 43 90 192 120 245 28 79 41 104 116 239 40 101 42 105 78 170 112 232 38 98 136 274 14 54 92 195
190 20 1173 61 139 107 222 54 127 106 220 12 51 53 126 19 64 123 250 82 177 149 297 45 111 12 51 52 123 103 215 111 230 8 44 104 216 127 258 9 47 130 263
191 20 1194 92 196 16 58 81 175 39 99 45 111 132 267 120 245 70 156 71 158 98 205 123 251 67 151 101 211 16 59 96 202 12 52 95 201 146 293 34 92 39 99
192 20 1465 12 51 72 159 37 97 136 275 94 199 124 252 99 208 104 217 54 127 128 259 143 288 70 155 124 253 107 222 121 248 61 139 148 296 8 45 82 177 108 225
193 20 1196 135 272 100 209 99 209 110 228 25 75 64 144 35 92 122 249 76 166 95 201 92 196 83 179 7 42 19 64 143 286 1 31 29 82 20 66 131 265 110 228
194 20 1108 44 109 4 36 137 276 128 260 44 110 93 196 57 133 24 72 60 137 93 198 2 34 75 165 66 148 92 195 56 131 113 233 66 148 109 226 28 80 95 200
195 20 1148 123 252 40 102 86 185 147 293 105 218 38 98 150 300 56 131 80 174 69 153 8 43 139 280 19 63 76 166 28 79 15 57 75 164 52 124 9 45 121 248
196 20 1351 124 253 18 62 129 262 68 151 25 75 97 204 115 237 93 197 147 295 60 138 109 226 42 105 71 158 102 214 93 197 126 256 59 136 141 284 35 93 35 93
197 20 1028 57 131 49 118 60 137 73 162 8 43 84 180 81 176 121 247 56 131 114 235 5 39 138 279 12 52 12 52 17 60 135 272 48 116 126 256 80 173 10 48
198 20 1237 15 57 136 274 114 235 27 79 124 253 103 215 131 266 145 291 50 120 46 113 26 77 85 183 48 116 16 58 140 281 141 283 4 36 8 44 133 269 55 128
199 20 1012 96 203 98 206 41 103 74 162 144 290 24 72 12 51 76 166 45 110 26 76 125 255 22 69 56 130 35 92 128 260 27 79 37 97 99 208 45 110 56 130
200 20 1071 43 107 30 83 45 111 75 165 29 81 88 188 119 244 127 259 86 184 98 205 122 250 28 81 13 52 26 76 30 84 60 137 137 276 44 108 55 129 84 181
201 20 1096 138 278 18 62 92 196 84 180 14 54 92 195 15 56 75 165 118 243 52 122 103 216 127 258 53 126 67 150 20 66 129 261 15 56 11 49 42 105 106 221
202 20 1062 19 64 136 274 131 265 39 100 68 152 14 54 78 170 52 123 43 107 64 145 45 111 62 141 49 117 126 257 56 131 74 163 18 61 50 120 99 208 105 218
203 20 1130 54 126 116 238 60 138 20 65 11 49 116 239 135 273 139 281 136 274 21 68 10 48 26 76 93 197 129 261 21 68 84 181 76 167 54 127 94 198 18 62
204 20 1315 138 278 129 263 98 206 55 129 114 235 120 246 77 169 55 128 134 270 13 53 147 294 143 287 33 89 8 44 112 231 11 49 17 60 15 56 83 180 142 286
205 20 1266 44 108 54 127 61 140 141 284 98 205 39 99 124 252 36 94 12 51 120 246 142 285 113 234 87 187 83 179 107 223 33 89 81 175 83 179 117 240 8 43
206 20 1216 145 291 94 199 55 129 54 128 95 201 59 135 142 285 96 202 57 132 86 184 27 79 40 102 66 149 71 158 115 237 98 206 133 270 51 122 17 61 20 66
207 20 1068 95 201 114 235 123 252 87 186 140 282 2 33 13 54 96 203 68 152 81 175 14 55 14 54 45 110 15 56 31 86 23 71 65 147 85 182 126 256 98 207
208 20 1045 114 234 79 172 104 216 27 78 127 258 13 53 32 87 11 49 29 81 53 125 33 88 72 159 129 262 22 69 128 260 24 74 138 278 20 65 24 73 128 260
209 20 897 79 172 39 100 22 70 18 62 123 250 33 89 27 78 64 145 41 104 13 54 121 248 57 133 62 140 36 94 58 135 38 99 96 202 138 278 12 51 45 111
210 20 1292 107 221 84 180 147 294 87 187 40 102 125 255 22 69 103 215 18 62 122 249 93 197 14 54 57 132 108 223 118 242 150 299 57 133 69 154 84 182 10 47
211 20 1228 31 85 39 100 33 88 88 187 122 249 130 264 136 274 72 159 91 193 28 81 117 240 47 114 118 242 116 239 97 204 12 52 86 184 94 198 14 55 65 147
212 20 1076 10 48 12 52 71 158 26 76 19 64 121 247 91 193 67 151 134 270 11 49 130 264 32 87 5 39 64 145 91 194 96 202 26 76 132 268 93 197 115 236
213 20 1106 88 187 78 170 79 172 142 286 104 217 2 33 11 49 32 86 52 124 33 89 125 254 52 123 11 49 54 127 98 206 123 251 36 94 90 191 86 185 87 185
214 20 1324 141 284 35 92 97 204 29 82 140 281 136 274 80 174 129 262 28 80 80 173 36 94 13 53 123 250 144 289 104 217 112 232 126 256 33 89 6 40 63 144
215 20 1316 72 158 53 125 88 187 20 66 32 87 140 282 57 132 70 156 150 300 40 101 126 257 41 104 148 296 14 55 12 51 110 228 145 290 129 261 115 237 83 179
216 20 1336 68 152 92 196 64 144 41 104 121 248 59 136 19 63 70 155 100 209 139 280 97 204 58 135 52 124 97 204 135 272 123 252 98 205 104 217 102 213 32 87
217 20 1002 82 178 16 58 51 121 106 221 38 98 40 101 148 296 32 87 70 155 15 56 50 119 72 159 21 67 60 138 20 66 57 131 88 188 114 234 55 128 118 242
218 20 1246 140 282 47 113 130 263 103 214 55 129 60 137 146 292 146 293 87 187 76 167 20 65 12 51 129 261 146 292 68 152 95 200 18 61 37 95 42 105 1 32
219 20 1249 128 260 127 259 40 101 103 215 138 278 21 68 71 157 44 109 15 57 139 279 112 232 8 44 142 285 15 57 20 66 15 56 79 173 148 297 98 206 99 208
220 20 1025 27 79 49 118 54 127 13 53 52 123 61 139 138 278 119 244 47 114 147 295 139 281 58 134 3 34 72 160 61 140 53 126 109 227 17 61 13 52 50 120
221 20 1026 26 76 16 59 44 108 83 180 59 136 45 111 25 75 92 195 116 238 101 211 72 159 70 156 89 191 144 289 45 110 103 214 36 94 52 124 18 63 47 115
222 20 1340 150 300 18 62 89 189 134 270 32 88 118 243 118 242 16 58 125 255 110 227 68 153 41 103 56 130 29 81 86 185 132 267 81 176 81 176 127 259 64 144
223 20 1162 92 195 83 180 67 151 52 123 45 110 36 94 54 128 39 100 108 223 58 134 143 286 49 119 114 234 62 141 33 89 77 168 99 208 100 210 5 39 137 277
224 20 1212 85 183 141 283 148 297 28 80 75 165 66 149 65 146 27 78 114 235 148 295 135 272 38 98 73 162 83 180 27 78 146 293 7 42 62 142 37 96 10 48
225 20 1336 40 101 49 118 127 257 37 97 79 171 146 292 77 168 49 119 119 244 131 266 58 133 149 298 78 170 123 251 26 76 148 297 16 58 81 175 32 87 106 220
226 20 1466 110 227 69 153 20 65 61 139 149 298 149 298 132 267 63 143 95 200 123 251 67 150 66 148 23 71 105 219 92 195 142 285 31 85 46 112 142 285 148 296
227 20 1118 78 170 22 70 9 47 3 35 26 76 29 81 146 293 31 85 80 174 133 269 49 118 80 174 116 238 87 185 47 115 101 212 115 236 71 157 52 124 123 252
228 20 924 7 43 103 215 72 159 93 197 41 103 83 178 59 136 21 68 70 155 88 188 3 34 138 277 104 217 59 136 97 204 22 69 43 106 4 37 1 32 48 115
229 20 1384 120 246 116 238 104 216 132 268 121 248 115 236 143 287 13 53 22 70 48 116 87 186 85 183 137 276 95 201 11 49 120 246 12 50 81 176 22 69 147 294
230 20 1151 26 76 76 167 60 138 4 37 119 244 127 258 3 36 121 247 87 187 48 116 42 106 51 121 43 107 73 161 109 226 134 271 118 241 45 110 13 53 140 282
231 20 1091 88 187 144 289 21 67 18 62 23 71 108 223 115 236 6 40 145 291 66 148 100 210 103 216 131 266 15 57 34 91 75 164 5 39 100 210 16 58 51 122
232 20 1267 84 180 93 197 87 185 94 198 120 246 36 94 110 228 142 285 120 246 39 100 90 191 114 235 74 162 6 41 4 38 126 256 122 249 8 45 46 113 69 154
233 20 1068 53 125 60 138 60 138 46 112 99 207 108 223 5 38 69 154 78 169 15 56 106 220 120 246 8 44 17 60 86 184 138 278 79 171 9 47 31 85 148 297
234 20 1357 89 190 143 287 57 132 102 213 41 104 119 243 38 98 13 53 99 207 138 278 48 115 30 83 147 294 103 214 93 197 65 147 2 33 131 266 130 264 109 225
235 20 1246 36 95 68 152 79 171 72 159 18 61 147 294 129 262 103 215 60 137 101 211 15 56 122 249 129 261 8 44 31 85 117 239 121 247 55 129 37 96 110 228
236 20 1128 11 49 36 94 89 190 48 116 82 177 114 235 129 261 93 197 21 68 83 179 111 229 145 291 100 210 17 60 49 118 88 188 98 205 57 133 16 59 24 74
237 20 1212 32 88 109 225 93 198 113 233 18 62 83 179 37 97 137 276 97 205 40 102 30 83 74 162 7 43 107 222 129 262 71 157 126 256 65 146 135 273 13 54
238 20 1364 22 69 126 256 134 271 146 293 106 221 44 108 62 141 80 173 27 79 78 170 34 91 13 53 145 290 63 144 10 48 134 270 99 208 98 207 146 292 139 280
239 20 1462 125 255 137 277 15 57 91 193 33 89 63 142 10 48 145 290 144 289 113 233 138 278 43 107 92 196 73 161 90 192 144 289 67 150 106 221 125 255 74 163
240 20 1309 10 47 77 169 43 107 89 190 125 255 149 298 149 299 19 64 49 118 49 118 15 57 144 289 67 151 123 251 131 265 126 256 36 95 73 160 130 264 33 90
241 20 1068 72 160 103 215 79 172 83 179 114 235 4 37 114 234 71 157 46 113 7 42 33 89 69 153 31 85 73 160 14 55 93 196 87 186 54 126 60 138 129 263
242 20 1534 102 214 76 167 97 203 136 274 75 165 90 191 138 277 70 156 66 149 20 66 84 181 104 217 49 118 98 207 76 166 78 170 143 287 143 287 130 264 143 288
243 20 1235 149 298 43 106 140 282 145 291 149 297 29 83 10 47 25 74 100 209 8 44 77 168 61 140 5 39 61 139 6 40 140 281 91 194 133 268 150 299 22 69
244 20 828 32 87 62 141 12 51 23 72 17 60 112 231 22 70 21 67 8 43 7 42 143 288 116 238 8 43 148 296 45 111 97 205 34 90 25 74 72 160 31 86
245 20 1113 39 100 141 283 130 264 93 197 20 65 112 231 61 139 16 58 12 51 12 52 138 278 148 296 24 73 45 110 89 189 49 117 17 61 12 51 139 280 95 201
246 20 1354 43 108 13 53 35 92 150 300 28 80 91 193 134 271 10 47 63 144 134 271 102 213 70 155 145 290 36 95 122 249 82 177 75 165 141 283 104 216 115 237
247 20 1365 124 252 44 109 138 277 138 278 7 43 145 291 77 168 75 164 127 259 50 119 118 241 134 271 59 136 40 102 55 129 122 249 22 68 116 239 62 140 54 127
248 20 1029 41 104 3 35 98 207 15 56 58 133 114 235 54 127 129 263 85 183 145 291 74 162 25 74 112 230 72 159 15 56 68 152 74 162 2 34 3 35 100 209
249 20 1360 148 297 78 170 36 94 60 138 82 177 128 260 142 285 42 105 92 196 120 246 98 206 48 115 41 103 144 289 74 163 18 62 52 123 24 73 133 270 140 281
250 20 1396 103 214 23 72 136 274 83 179 95 200 106 220 13 53 46 112 125 254 102 214 73 160 64 145 147 294 56 131 80 173 41 103 121 248 143 287 53 126 136 275
251 20 1028 115 237 8 44 65 147 46 112 83 180 4 38 24 73 106 221 116 238 60 137 74 162 124 252 111 230 149 298 17 60 9 46 105 218 8 44 2 33 59 135
252 20 1244 50 120 116 239 93 198 94 199 137 276 104 217 24 73 90 191 126 256 7 43 146 292 4 37 4 37 97 204 79 172 48 115 87 187 110 228 103 215 36 95
253 20 1076 145 291 22 69 55 128 135 272 114 235 81 176 136 275 42 105 18 61 87 186 45 110 128 260 6 41 49 117 61 139 41 103 25 75 28 80 72 159 56 130
254 20 1097 35 92 130 263 143 287 40 101 51 122 107 221 1 31 141 284 2 33 77 169 42 105 118 242 82 176 19 63 11 50 83 179 29 81 40 102 142 286 79 172
255 20 1393 105 218 136 274 120 246 141 284 23 70 13 52 104 217 147 294 58 134 127 258 146 292 73 161 95 200 126 256 24 72 147 294 31 85 24 73 44 109 58 134
256 20 1076 62 142 5 39 50 119 17 60 108 224 27 78 41 104 115 237 67 150 59 136 28 80 35 92 149 298 58 134 80 174 109 225 38 97 136 274 61 139 101 212
257 20 1154 37 96 77 168 87 186 36 95 140 282 8 44 71 157 99 208 7 42 85 183 134 272 4 36 80 174 57 132 61 139 113 234 107 223 97 204 80 174 63 143
258 20 1209 104 217 71 157 144 289 17 60 7 43 22 69 119 243 22 70 68 153 56 130 114 234 135 272 64 145 94 199 33 90 71 157 89 190 127 258 115 237 40 102
259 20 1272 108 224 23 72 116 239 116 239 76 166 41 104 97 204 26 76 120 245 94 198 77 168 49 119 110 227 127 257 121 247 145 291 100 209 5 38 28 81 12 52
260 20 1156 84 180 89 189 30 84 31 86 56 130 22 69 131 266 103 215 17 60 26 77 142 286 75 165 124 252 149 298 103 215 19 63 95 201 107 222 26 76 16 58
261 20 1369 136 274 62 142 11 49 93 198 17 60 80 173 112 231 112 231 133 269 59 137 89 190 42 105 27 78 115 237 128 261 116 238 149 298 21 68 117 240 93 198
262 20 876 51 121 78 170 84 182 79 171 8 44 24 73 146 292 27 79 50 120 36 94 49 118 50 120 80 174 143 287 17 61 57 133 4 36 13 53 22 69 77 168
263 20 1108 44 109 110 227 23 71 22 69 106 221 68 152 138 278 11 49 74 163 16 59 94 199 74 162 23 71 56 130 89 190 115 237 103 214 17 59 147 295 55 128
264 20 1312 79 172 12 52 139 280 85 182 37 95 124 252 60 137 126 256 80 174 48 117 20 65 129 262 150 299 98 206 80 173 46 112 57 132 75 165 67 150 129 262
265 20 1259 89 189 77 168 137 276 94 200 31 85 6 40 7 41 116 238 94 198 97 205 13 54 113 232 71 157 1 31 17 61 114 235 124 253 150 300 74 163 149 298
266 20 1152 2 32 80 174 131 265 21 68 22 69 54 128 27 78 27 79 59 135 20 65 54 126 87 187 125 254 140 281 90 191 138 279 74 162 102 213 38 98 149 298
267 20 1466 86 184 122 249 35 92 87 186 73 161 114 234 24 73 80 173 90 191 109 225 120 246 51 122 21 67 98 207 137 276 65 147 124 253 133 269 143 287 121 247
268 20 1152 74 163 12 50 46 112 30 84 31 86 87 186 126 256 7 43 79 172 91 194 134 270 56 131 134 271 96 202 132 267 22 69 29 82 110 228 27 79 118 242
269 20 1059 77 169 41 103 127 259 11 49 3 34 9 46 28 80 101 212 114 234 55 128 56 131 59 135 74 163 75 165 93 197 76 166 58 134 79 172 41 103 147 295
270 20 1299 34 90 60 137 145 290 56 130 38 97 124 253 141 284 75 164 131 265 20 66 70 155 144 290 49 118 63 142 30 83 110 227 133 268 78 171 69 153 54 127
271 20 1031 92 196 108 225 22 69 28 81 50 120 66 149 103 216 24 73 68 152 59 136 43 108 134 271 78 169 115 236 66 149 47 114 35 93 138 277 10 47 3 36
272 20 1380 144 288 117 239 39 99 66 148 146 292 87 186 7 42 135 272 43 107 25 74 126 256 97 205 89 189 75 165 93 197 83 179 101 212 65 146 38 98 150 299
273 20 938 116 239 72 159 52 124 122 248 30 84 36 95 36 94 103 215 12 51 21 68 59 136 29 81 56 130 78 170 22 70 4 37 96 202 27 78 117 240 85 183
274 20 947 63 143 52 123 75 165 74 162 137 275 16 58 26 76 127 259 36 94 36 94 83 178 34 91 20 66 90 191 84 182 17 60 31 86 51 121 68 153 64 144
275 20 1272 21 67 11 49 148 296 132 268 70 156 55 129 89 190 50 119 106 220 37 97 49 118 111 230 38 99 95 200 53 125 112 231 131 265 32 87 106 220 144 289
276 20 1056 120 245 101 212 25 75 61 139 82 177 13 53 110 228 12 52 108 224 75 164 54 126 69 154 118 241 8 44 150 300 18 62 67 149 20 65 14 55 96 203
277 20 1399 42 105 81 176 144 289 106 221 147 294 9 45 109 226 142 285 3 35 95 201 118 242 103 214 146 293 86 185 14 55 97 204 138 279 57 133 84 181 28 80
278 20 1360 91 193 117 240 104 216 26 76 25 74 16 58 54 126 28 80 9 46 106 220 121 247 127 258 90 192 145 291 124 254 46 113 116 239 98 207 131 265 127 258
279 20 1189 75 165 116 238 47 115 92 194 65 147 61 140 142 284 108 225 122 249 4 37 39 99 71 157 96 202 45 110 82 177 47 114 47 114 73 162 34 91 121 248
280 20 1136 127 258 149 298 49 118 128 260 80 173 8 44 110 228 19 64 98 207 85 182 125 254 84 180 4 36 47 114 34 90 31 86 139 279 10 48 90 192 3 36
281 20 1158 87 186 150 300 48 116 62 141 70 155 124 253 26 76 70 156 139 280 146 292 87 186 58 134 28 80 52 123 10 48 101 212 42 106 68 152 14 55 66 148
282 20 1220 18 63 94 199 24 73 52 122 3 34 113 233 139 281 47 113 25 74 93 198 40 101 94 199 75 164 138 278 76 167 143 287 41 103 85 183 142 286 83 178
283 20 1242 61 140 124 254 26 76 128 259 21 68 53 124 126 256 34 91 69 154 59 136 68 153 76 167 131 265 107 223 80 174 81 175 142 286 74 162 48 116 45 110
284 20 969 15 57 120 246 15 56 31 85 86 185 40 102 49 118 105 219 41 104 25 74 90 192 57 131 122 249 141 283 84 181 1 32 5 38 90 191 6 41 89 190
285 20 1267 149 298 17 61 110 228 99 208 44 110 148 297 86 184 75 165 71 158 24 73 107 221 147 295 49 118 111 229 23 72 42 106 9 45 100 210 87 187 86 184
286 20 1085 75 164 4 37 21 68 9 45 81 175 135 272 83 179 57 133 57 132 107 221 81 176 13 54 123 251 97 205 27 79 118 242 53 125 143 287 18 63 55 129
287 20 1055 25 75 103 216 12 51 26 77 139 281 108 224 29 82 140 281 25 75 92 196 22 69 32 88 71 157 68 152 47 115 150 300 113 234 80 174 26 77 11 49
288 20 984 140 282 123 251 43 107 8 44 13 52 87 186 86 184 36 94 65 146 8 45 49 118 121 247 150 300 40 101 55 129 6 41 19 63 103 215 73 161 6 40
289 20 982 51 122 88 188 1 31 36 95 115 237 72 159 18 63 148 295 11 49 10 47 40 102 16 58 89 190 32 87 111 230 24 72 131 265 75 164 45 110 115 236
290 20 1232 117 241 131 265 118 242 61 139 69 154 91 194 74 162 63 144 144 289 119 244 18 61 22 68 103 215 63 144 5 38 86 185 87 186 59 136 11 49 99 208
291 20 1185 104 217 78 169 43 107 98 205 142 285 54 126 93 198 45 111 73 161 117 240 75 165 38 97 15 57 129 261 58 135 7 43 31 85 129 262 131 265 22 70
292 20 1050 58 133 122 249 7 42 109 225 101 211 24 73 14 55 6 41 119 244 15 57 27 78 39 99 142 286 41 103 72 160 54 127 28 80 142 285 147 294 46 113
293 20 1336 116 239 125 254 40 102 107 222 32 88 15 56 121 248 134 271 126 257 87 187 110 228 14 55 123 252 18 61 34 92 66 148 61 139 64 144 134 271 143 286
294 20 1104 58 134 134 271 11 49 31 86 114 235 72 159 75 165 22 69 41 103 96 203 34 91 69 154 68 152 50 120 135 272 99 208 6 41 115 237 86 184 64 145
295 20 1288 6 41 99 207 132 266 9 45 81 175 78 170 69 154 36 95 122 250 7 42 116 239 137 277 136 274 32 86 82 176 119 244 100 210 137 277 78 170 34 90
296 20 1367 13 53 63 142 140 282 105 218 134 271 98 206 63 142 12 52 12 50 114 235 146 292 9 45 127 259 76 166 131 266 70 155 135 273 86 184 83 178 92 195
297 20 1072 76 167 95 201 26 77 53 125 84 181 65 147 87 187 30 84 25 74 1 32 61 139 66 148 99 208 132 268 33 88 3 34 59 136 73 160 125 255 148 296
298 20 1021 78 170 75 165 121 247 57 132 32 87 68 152 79 171 17 60 75 165 45 110 12 51 105 218 101 211 25 74 41 103 96 203 21 68 136 274 74 162 19 64
299 20 960 105 219 138 279 53 125 36 95 101 212 41 103 65 147 114 234 86 185 7 42 69 154 28 79 1 31 103 216 21 67 24 72 31 85 75 165 86 184 16 58
300 20 1390 76 166 109 227 115 237 49 117 125 254 145 290 101 211 28 81 114 235 148 296 19 64 6 40 96 202 140 282 82 176 66 149 26 77 107 222 149 298 37 96
