1 20 1077 22 1 26 12 122 1 90 21 17 7 33 8 88 3 91 7 10 15 129 12 41 23 143 16 147 15 5 3 5 20 82 13 99 12 110 5 73 16 14 11
2 20 991 14 20 106 13 45 18 5 17 141 13 50 4 5 22 101 5 86 14 53 5 91 25 96 20 25 24 9 21 125 2 53 8 99 19 25 22 80 6 30 17
3 20 1301 45 22 83 24 95 24 144 6 89 22 81 21 30 6 143 11 89 2 52 2 41 17 96 18 106 7 13 25 72 16 112 12 118 19 104 8 107 21 7 12
4 20 1090 23 4 82 18 117 12 131 19 81 9 30 16 53 23 48 5 116 3 50 4 71 15 46 18 123 19 16 24 100 2 49 25 57 20 33 3 97 10 40 24
5 20 1134 47 24 139 13 66 17 96 24 145 6 31 15 121 20 117 19 11 21 35 16 73 3 117 20 21 23 116 23 15 22 96 11 83 5 39 11 25 16 25 19
6 20 1143 58 23 119 20 91 2 15 12 29 23 84 20 96 18 72 22 60 20 20 19 116 15 10 10 143 7 19 16 69 7 120 8 66 17 7 23 97 14 138 6
7 20 1292 97 22 49 2 99 5 87 15 122 17 37 9 18 15 76 22 147 19 97 22 88 8 105 21 71 10 65 9 43 22 26 15 140 5 149 18 40 13 60 13
8 20 1287 147 12 149 5 137 22 83 11 28 6 34 8 70 6 66 24 33 20 62 7 142 2 137 8 100 23 129 5 12 8 58 18 15 5 107 13 43 21 57 16
9 20 1123 127 12 139 9 2 2 121 3 84 9 55 14 34 12 95 4 45 14 31 25 44 12 119 3 19 20 25 13 121 21 11 12 8 21 124 11 71 12 129 22
10 20 1196 149 18 61 21 93 12 39 6 55 8 61 7 140 23 142 17 75 8 26 2 34 10 23 3 77 21 131 9 75 11 119 11 106 21 58 18 14 7 18 12
11 20 1159 45 15 17 7 91 11 36 22 57 24 58 25 94 12 75 2 99 1 140 7 41 9 53 17 137 8 39 25 51 8 15 1 142 15 97 8 140 5 22 8
12 20 1312 138 22 9 8 123 3 9 1 38 25 47 10 90 1 42 5 112 21 135 25 49 1 119 11 135 10 39 6 95 3 145 9 99 1 50 11 117 8 49 25
13 20 1325 1 6 140 14 74 2 23 14 106 20 126 14 53 2 145 16 18 20 84 4 95 23 132 12 58 7 126 12 76 6 49 20 110 5 22 17 130 25 89 23
14 20 1336 89 12 23 23 98 23 71 8 144 10 150 15 96 13 99 3 101 20 89 5 144 5 35 7 79 5 75 25 71 4 63 5 66 3 76 15 44 6 58 23
15 20 1329 64 20 18 21 55 20 139 18 95 23 120 5 135 2 128 20 63 11 15 10 105 11 135 19 59 4 111 21 81 22 25 24 18 23 120 1 113 20 63 22
16 20 1085 12 23 48 6 107 2 62 24 141 21 90 1 30 9 123 8 104 22 2 22 1 10 35 8 45 5 117 5 136 20 26 5 99 12 118 24 25 10 36 11
17 20 1224 62 8 9 20 62 11 144 5 85 1 120 25 42 19 22 4 65 7 94 22 119 23 77 12 113 8 111 9 82 25 53 16 5 12 130 8 130 15 6 4
18 20 1280 140 11 129 22 104 12 134 16 31 5 68 1 108 14 95 13 102 12 14 16 79 11 41 24 80 3 116 7 5 19 16 14 29 20 86 2 147 15 77 23
19 20 1149 22 16 22 13 55 13 140 8 12 15 27 4 113 9 43 6 79 4 6 22 71 22 100 24 123 12 111 21 137 4 118 18 76 7 35 8 69 8 78 23
20 20 912 6 14 137 10 35 2 114 15 142 21 108 6 40 11 20 17 56 23 35 14 9 10 1 12 7 22 57 10 76 12 91 11 28 20 76 7 3 4 99 22
21 20 1172 10 7 18 21 146 7 63 22 123 24 86 23 92 4 19 12 37 14 73 9 9 17 47 5 42 15 150 18 36 4 131 19 149 17 143 15 12 17 80 18
22 20 1384 65 13 111 2 127 7 108 23 122 23 56 8 146 6 145 14 135 15 70 3 52 17 104 2 102 2 96 1 49 11 83 1 39 13 114 9 3 20 3 21
23 20 1121 86 18 96 25 1 17 146 7 18 7 92 3 113 25 13 10 86 25 57 24 98 13 2 13 15 23 44 19 69 24 12 1 93 13 142 8 111 22 108 13
24 20 1219 4 11 109 15 45 11 87 23 116 4 80 8 107 25 20 20 17 16 94 10 95 24 102 19 21 12 132 23 79 4 75 9 116 4 123 25 81 13 21 11
25 20 1256 6 3 113 8 119 3 129 6 59 14 48 24 125 19 103 14 64 24 45 5 145 10 56 6 150 1 58 21 68 9 72 15 82 25 81 14 44 4 3 14
26 20 1138 119 7 149 4 46 12 130 25 18 21 13 12 97 9 13 21 77 23 59 24 24 25 125 20 119 23 147 12 55 10 14 22 115 4 67 10 3 20 33 1
27 20 1087 115 22 25 7 24 24 69 1 81 13 101 19 3 10 44 16 58 18 69 9 60 6 129 1 115 25 62 12 135 25 87 12 27 20 108 24 22 23 25 17
28 20 1064 10 22 51 23 102 6 63 8 24 13 30 13 119 18 49 8 99 16 14 23 13 9 52 11 66 11 13 18 128 4 102 24 9 2 138 12 111 5 137 13
29 20 1308 142 14 131 2 140 17 46 23 135 3 126 10 61 21 128 17 69 4 77 21 138 25 19 9 26 13 1 17 87 3 34 19 46 22 13 24 80 4 137 18
30 20 1212 52 4 34 13 64 2 23 11 68 24 20 13 51 20 83 9 79 16 87 8 81 18 48 18 94 24 149 10 140 3 129 12 110 7 76 13 73 13 55 20
31 20 1255 147 3 102 17 28 19 121 13 84 15 58 9 71 16 72 25 45 11 90 19 29 1 105 9 142 16 18 25 59 21 22 7 129 6 17 3 109 3 121 17
32 20 1135 56 25 66 17 78 15 114 16 5 1 24 15 6 14 119 21 99 18 52 9 87 15 150 20 1 10 139 19 88 20 34 2 61 1 96 4 106 23 38 20
33 20 1056 135 14 33 7 95 23 88 13 4 17 98 5 137 4 27 19 65 2 46 14 147 17 15 13 15 25 60 5 14 21 41 20 38 7 30 19 110 18 122 19
34 20 1068 28 5 39 10 73 25 59 25 150 12 48 22 89 14 34 3 23 5 6 18 135 13 8 9 109 23 52 14 103 12 108 22 72 12 78 3 30 19 91 24
35 20 867 48 2 116 22 48 10 12 13 81 20 2 12 56 15 55 17 52 21 64 4 39 25 85 19 70 5 120 18 13 6 37 25 102 2 28 14 37 16 19 10
36 20 1320 124 10 86 1 82 1 68 17 39 15 46 7 120 2 114 18 84 9 102 20 147 25 25 23 138 4 54 12 32 6 42 19 147 1 57 17 87 24 57 10
37 20 1006 28 12 12 5 70 16 142 21 33 18 45 4 79 16 97 19 56 6 16 7 83 19 3 16 99 2 74 7 58 6 132 17 106 13 26 19 28 23 71 24
38 20 1533 127 15 80 22 91 1 46 5 136 25 120 5 63 3 2 9 146 5 147 24 93 4 145 18 74 21 56 2 141 1 95 19 83 6 81 21 64 2 127 17
39 20 1010 62 21 49 16 145 9 7 4 42 24 109 16 41 17 137 11 82 24 55 1 9 11 117 14 60 8 44 7 18 18 27 10 131 1 7 13 31 4 90 22
40 20 1188 131 22 70 18 55 6 141 10 63 23 77 14 75 20 126 1 28 17 60 13 111 3 30 11 51 23 53 7 140 23 1 14 73 9 8 16 109 1 83 21
41 20 1222 61 14 68 6 20 5 8 7 49 17 27 15 78 16 138 25 133 10 23 16 104 6 121 11 148 4 120 10 66 16 21 13 107 9 94 16 110 4 32 18
42 20 1312 148 12 121 2 121 19 100 7 98 6 38 11 2 14 60 8 3 7 93 22 143 21 31 16 103 8 16 23 147 10 58 14 103 6 31 6 86 16 139 14
43 20 1382 65 4 142 19 150 12 145 20 3 10 130 11 8 13 113 10 88 21 2 10 109 2 71 1 18 11 75 15 137 19 72 12 112 6 53 13 141 9 94 5
44 20 1582 56 21 136 15 142 8 127 6 105 20 106 1 135 10 114 16 129 3 81 13 90 17 20 6 60 5 126 11 58 12 147 2 115 4 11 18 81 7 139 12
45 20 1152 50 24 141 6 4 20 39 4 150 18 116 22 125 4 55 5 7 22 25 11 50 12 91 16 1 22 121 24 90 17 8 2 64 23 115 5 128 11 61 10
46 20 1083 41 1 98 2 52 2 88 21 91 17 48 13 51 8 49 16 123 1 68 10 72 20 81 7 89 16 56 8 39 7 60 23 19 1 57 20 76 16 96 11
47 20 1436 136 4 56 3 119 18 40 20 124 1 49 12 93 9 49 3 146 11 124 17 56 2 83 16 106 19 136 4 112 21 58 7 130 12 10 25 127 1 42 15
48 20 1045 76 13 15 24 112 8 7 3 149 11 32 16 17 23 87 7 8 16 24 15 105 25 30 21 84 6 127 5 110 1 52 17 95 4 23 25 98 19 56 4
49 20 1013 44 18 28 3 33 22 100 20 15 24 52 14 2 12 131 13 135 15 79 5 55 20 13 3 69 9 94 4 68 5 1 13 27 18 138 16 46 14 137 14
50 20 944 28 12 107 2 108 12 33 14 65 2 103 12 121 14 98 14 2 14 25 13 62 17 61 18 9 1 22 8 130 11 112 22 38 2 19 22 12 9 25 18
51 20 1353 59 23 121 25 81 2 144 17 98 17 30 1 130 21 45 6 149 6 98 15 54 20 122 8 15 7 60 19 141 19 145 19 141 3 39 16 6 21 14 18
52 20 1196 104 18 91 16 11 17 63 21 52 11 105 24 85 12 125 21 74 6 51 22 37 11 73 22 97 8 12 21 120 6 140 5 16 5 96 9 84 19 60 9
53 20 1162 27 12 100 17 124 22 42 12 101 17 65 15 87 7 1 24 148 23 50 22 123 15 116 1 85 22 55 4 83 21 2 12 54 15 58 15 113 15 19 14
54 20 1201 132 14 141 18 126 21 2 6 22 14 48 20 88 11 48 11 58 21 3 25 102 18 22 6 86 5 107 8 116 22 109 7 112 17 103 12 23 13 54 21
55 20 1207 32 19 59 18 120 3 1 22 82 13 114 13 142 12 44 4 20 15 108 18 53 2 134 4 6 17 61 3 110 14 142 14 21 5 84 13 93 10 83 24
56 20 1232 130 7 86 1 55 9 57 11 50 16 129 15 105 18 19 2 120 8 23 18 28 9 133 2 146 7 133 3 24 16 22 3 45 7 77 25 128 10 31 1
57 20 995 14 3 10 8 27 17 61 22 50 8 94 10 112 5 26 12 132 4 77 8 51 1 100 17 72 13 67 24 23 9 76 7 73 10 75 9 23 10 81 22
58 20 1146 33 25 59 21 80 19 74 9 138 1 67 21 6 22 115 17 57 18 105 15 108 15 33 8 57 1 24 20 55 15 128 18 129 10 28 23 55 7 82 25
59 20 1134 27 17 67 23 141 24 75 4 13 6 69 11 52 4 19 8 150 16 108 11 92 8 95 17 75 23 38 19 87 22 25 9 71 17 135 13 16 4 63 23
60 20 1136 150 25 45 14 4 7 54 6 52 7 70 6 78 20 127 8 99 12 55 23 129 16 33 20 120 11 11 21 47 23 31 4 73 4 66 25 65 6 112 18
61 20 1236 71 12 37 5 47 15 134 2 90 1 66 16 46 17 82 23 61 9 108 7 136 16 36 9 139 25 64 8 81 1 46 17 114 7 1 3 38 21 148 19
62 20 973 24 11 9 5 147 19 104 20 57 18 72 11 124 22 40 10 111 17 98 10 40 15 129 5 53 24 60 6 13 20 5 24 53 23 5 4 19 4 54 9
63 20 1300 44 25 121 6 67 25 137 6 81 19 107 17 3 2 100 3 7 24 25 5 79 6 132 15 100 22 43 25 147 6 130 20 98 7 123 11 27 6 55 7
64 20 1136 20 12 2 15 84 12 40 11 73 17 91 3 85 13 141 7 5 23 95 15 116 1 41 13 112 10 64 18 50 23 99 20 98 10 83 5 93 19 28 4
65 20 1003 102 13 139 23 47 18 54 12 59 24 19 12 90 5 82 9 132 20 34 12 67 23 81 24 89 18 2 14 33 4 72 15 82 9 28 8 19 2 23 15
66 20 1191 16 9 114 4 125 8 35 13 15 9 66 6 24 8 68 21 128 18 126 6 128 13 124 4 15 11 65 2 118 17 95 7 64 16 6 17 21 23 136 4
67 20 1371 110 3 123 24 119 17 123 24 11 11 22 7 133 1 57 3 19 15 35 17 28 24 121 10 146 23 111 5 56 16 120 16 69 23 95 1 113 20 103 2
68 20 1154 98 20 68 21 102 15 27 7 129 3 21 19 74 24 149 10 22 11 75 9 15 21 93 3 71 25 121 23 72 9 50 10 109 19 24 18 9 24 114 21
69 20 1024 76 6 16 21 12 4 146 11 45 11 90 9 130 7 31 24 73 5 41 12 53 23 73 2 94 11 145 5 48 3 122 21 23 16 16 20 45 20 2 19
70 20 1274 150 2 130 4 45 22 14 12 40 6 96 25 137 24 10 2 16 21 132 3 128 13 143 24 147 3 11 23 48 20 56 19 18 2 100 14 144 21 28 7
71 20 1020 39 23 94 17 30 14 43 14 79 16 1 18 22 13 52 23 9 20 53 9 62 10 123 6 104 4 97 2 59 24 51 3 35 7 105 17 130 9 88 10
72 20 1361 53 15 64 25 121 2 112 13 146 25 125 18 62 14 30 13 48 4 9 7 35 8 112 1 146 16 119 24 116 11 45 7 108 17 128 21 99 23 24 10
73 20 1367 143 17 88 4 44 5 77 23 43 16 12 4 68 1 116 24 131 17 116 25 129 13 68 13 83 15 55 1 81 20 147 3 147 24 89 17 12 17 60 7
74 20 1129 33 21 145 12 28 7 59 1 42 4 11 1 43 6 18 14 107 4 90 25 130 17 76 7 1 11 73 4 147 19 104 22 36 6 118 21 119 6 32 9
75 20 999 2 14 32 8 68 22 78 24 15 23 56 16 141 11 21 24 106 23 6 15 29 18 95 23 27 10 61 4 117 20 24 4 124 8 93 20 81 14 73 4
76 20 1291 20 15 74 23 50 18 60 5 10 9 85 23 93 4 105 5 93 8 24 24 98 18 150 17 95 21 91 15 114 12 134 3 55 18 109 24 69 21 85 15
77 20 1592 63 2 95 12 54 15 133 16 117 11 118 16 122 15 104 4 136 6 77 21 137 11 120 4 136 14 106 7 78 15 65 1 76 9 108 24 79 1 67 23
78 20 797 18 19 51 20 146 13 42 14 54 18 79 8 45 5 7 24 58 24 76 21 116 25 1 14 100 5 16 18 23 19 65 20 34 2 22 10 32 12 12 17
79 20 1100 133 19 3 10 61 21 84 14 47 23 61 3 39 12 85 12 93 20 21 12 59 6 47 12 91 17 60 6 105 11 18 5 92 11 84 7 69 14 124 4
80 20 1151 53 24 1 16 144 12 12 3 132 7 88 2 136 11 102 15 121 12 20 20 43 8 61 3 21 24 4 3 98 5 78 18 136 22 116 19 49 8 24 3
81 20 1226 5 12 105 22 110 6 52 13 62 17 35 7 100 18 71 16 103 18 112 5 50 11 99 7 73 10 53 24 37 7 144 8 71 8 119 16 11 10 121 12
82 20 1308 104 7 1 15 114 4 118 13 47 16 35 24 110 14 56 3 101 16 29 25 146 22 7 21 86 23 149 18 43 20 120 20 137 8 22 12 100 4 111 16
83 20 970 22 20 114 19 17 5 119 3 150 3 17 7 7 8 54 21 41 2 99 17 92 24 117 1 75 5 36 25 119 11 34 12 56 3 36 9 1 4 7 19
84 20 1276 39 1 10 20 91 24 87 8 150 2 60 22 46 15 65 17 73 11 89 6 115 25 107 8 8 4 44 20 121 24 105 16 102 21 113 4 122 20 48 6
85 20 1240 78 14 25 6 76 2 98 18 38 14 41 7 5 15 31 5 117 8 114 10 143 25 66 25 104 3 138 20 49 10 129 23 129 19 29 2 99 24 42 8
86 20 1383 30 1 115 9 12 6 85 19 124 12 85 8 78 9 114 19 29 16 56 16 51 5 117 11 136 23 105 25 44 21 114 19 67 18 148 3 140 6 79 21
87 20 1400 31 21 101 9 138 20 96 23 17 4 102 3 70 21 43 25 120 2 107 22 79 21 88 22 146 18 144 16 16 12 102 6 129 2 24 23 49 3 148 23
88 20 1340 141 11 106 15 13 17 96 17 81 13 17 13 130 18 75 22 65 3 86 22 76 22 142 15 44 10 80 21 81 5 115 14 87 19 121 12 111 4 9 20
89 20 1028 37 13 1 18 115 5 102 2 5 21 137 24 39 2 26 1 125 3 70 11 94 19 24 21 4 19 135 15 30 7 97 7 69 11 12 14 56 3 108 22
90 20 1084 39 11 61 10 31 12 82 17 113 16 54 6 25 8 121 16 21 11 11 13 137 7 17 21 36 13 8 2 144 6 36 4 100 9 143 3 71 5 106 6
91 20 1337 32 4 91 22 45 10 136 21 143 16 44 4 129 4 121 12 45 23 90 17 16 21 124 18 136 18 50 2 35 16 141 18 55 20 24 20 135 22 80 3
92 20 1311 73 20 127 4 85 19 98 11 67 23 31 25 62 5 23 20 131 12 128 19 90 12 101 19 146 2 67 11 29 15 21 6 142 11 82 10 92 24 44 18
93 20 1408 106 25 133 7 131 11 131 24 2 1 141 10 49 16 143 25 127 6 95 16 29 17 116 21 112 25 23 10 57 25 57 18 30 13 137 7 41 10 100 2
94 20 1332 100 25 86 3 138 25 107 1 110 19 28 21 127 6 33 24 120 1 80 23 23 16 41 21 78 18 36 10 68 12 121 17 133 1 142 23 85 20 10 16
95 20 1255 48 5 8 4 131 24 92 9 77 18 46 2 40 4 43 23 13 9 88 15 113 12 142 7 120 13 67 16 34 5 94 18 126 13 71 15 100 2 116 2
96 20 1220 126 15 35 5 101 11 48 4 145 11 65 25 80 11 5 7 35 3 43 20 116 6 114 12 87 25 46 9 118 24 123 10 74 15 41 23 3 22 121 21
97 20 1174 140 16 110 5 13 14 57 23 84 18 133 14 72 23 16 20 105 20 7 15 120 5 41 20 40 7 78 19 38 23 14 16 134 11 107 9 106 2 53 4
98 20 957 82 25 45 2 52 18 111 2 104 22 9 22 16 16 16 14 39 8 132 20 70 12 98 21 67 17 16 16 12 16 146 6 39 4 12 12 37 23 94 21
99 20 1288 104 9 128 24 70 21 107 21 61 25 8 14 108 22 135 17 99 19 25 11 35 21 76 16 92 14 7 4 143 1 29 4 131 19 121 8 4 23 128 8
100 20 1186 57 4 60 16 2 13 66 16 56 19 66 19 28 16 142 21 40 15 147 18 38 25 56 14 69 2 139 4 76 5 15 13 52 2 121 20 124 3 129 12
101 20 1109 97 20 93 25 60 19 42 12 102 16 126 10 141 6 35 4 57 9 60 13 8 14 81 21 56 19 5 23 12 2 17 23 48 21 80 2 131 3 136 19
102 20 1076 124 18 131 25 50 8 26 15 48 3 140 24 4 2 133 10 110 16 98 7 74 24 24 2 76 8 26 21 22 10 35 22 27 7 99 8 56 23 43 5
103 20 1084 75 5 88 20 127 15 98 21 28 3 26 5 60 23 44 10 84 9 138 3 92 14 14 16 15 13 118 9 103 22 53 12 20 22 15 2 42 18 116 4
104 20 1054 131 7 68 3 78 9 43 11 45 11 49 21 56 13 18 9 99 18 8 9 116 10 20 2 116 23 139 23 21 2 26 16 129 4 84 13 54 16 18 15
105 20 1251 129 17 55 19 120 13 55 23 13 25 143 6 8 19 11 3 15 14 142 3 44 9 61 24 98 7 124 6 12 20 142 19 87 14 107 6 81 14 117 2
106 20 1161 145 16 55 9 95 10 142 16 57 15 27 7 66 12 115 17 133 9 17 4 83 16 114 21 87 24 2 3 96 12 81 3 14 8 15 6 23 11 85 21
107 20 982 150 19 79 18 27 22 13 6 11 5 53 6 72 22 22 22 24 23 20 4 128 5 79 7 22 3 123 6 27 11 41 3 121 10 62 6 58 7 96 23
108 20 1107 45 20 107 14 147 15 40 21 22 18 18 21 93 3 57 18 118 25 57 12 84 2 64 6 39 6 88 21 130 23 72 16 28 20 47 20 116 17 12 15
109 20 1007 14 11 1 2 12 12 26 4 121 16 67 23 11 22 32 1 64 16 96 5 132 16 115 3 88 13 79 24 104 1 11 6 52 6 125 9 11 9 98 21
110 20 1218 90 15 87 19 141 6 97 5 140 23 80 22 28 14 36 3 123 24 104 19 126 6 6 11 87 12 53 15 20 6 140 10 70 25 40 21 41 25 14 2
111 20 1301 145 22 115 14 92 12 92 11 41 21 59 4 70 17 139 17 58 9 97 23 123 17 104 17 32 18 82 3 51 18 38 7 148 6 70 3 50 12 21 10
112 20 1274 57 15 114 10 118 17 140 8 130 18 55 10 146 25 87 13 20 2 129 25 68 16 18 7 42 1 27 22 127 7 103 23 21 12 44 3 139 19 8 24
113 20 947 20 3 79 25 98 17 6 5 49 9 13 9 61 23 119 8 147 24 58 1 72 11 53 19 17 3 50 1 26 3 44 14 59 8 25 16 116 17 72 12
114 20 1338 144 8 103 6 52 3 47 8 150 3 89 23 32 20 118 3 125 19 68 7 56 5 86 22 81 14 127 11 127 16 83 12 52 8 36 9 39 18 58 24
115 20 1157 114 11 33 13 99 17 5 23 5 15 141 25 28 13 66 11 27 19 148 23 38 13 83 5 146 2 62 7 10 19 40 9 127 7 79 25 77 9 119 22
116 20 1360 149 13 123 5 148 3 81 6 106 11 110 12 20 11 149 25 132 11 95 21 67 11 23 18 92 24 31 8 142 25 147 13 22 2 3 5 29 25 31 14
117 20 1227 49 14 116 15 47 17 115 12 52 21 8 2 103 12 93 7 83 10 21 12 88 1 138 18 59 17 22 8 4 1 48 1 120 20 104 22 121 20 143 3
118 20 1232 48 15 85 23 95 2 120 2 81 4 147 17 26 13 60 1 119 22 3 21 87 8 42 9 43 13 109 23 118 8 13 24 74 15 144 4 18 4 108 20
119 20 1172 145 11 100 18 131 3 34 13 5 17 16 9 95 14 93 15 94 20 36 19 142 20 39 15 114 13 6 1 126 21 8 8 69 9 53 10 60 8 99 18
120 20 1124 69 13 15 18 120 2 17 15 138 14 9 6 148 14 89 24 57 17 41 20 38 3 99 23 48 5 147 18 93 11 2 22 130 19 6 6 68 14 72 3
121 20 1102 129 18 60 17 15 21 129 2 31 20 121 10 37 19 26 2 36 15 48 14 114 22 93 4 83 19 145 17 17 9 88 17 57 3 24 24 32 19 93 19
122 20 1234 83 7 137 17 40 5 74 2 107 22 71 21 65 23 13 16 22 21 134 25 106 8 62 14 27 13 34 3 145 11 10 23 99 17 146 24 31 21 137 3
123 20 1339 33 11 10 25 144 19 138 8 92 13 90 24 67 18 125 13 21 2 77 8 89 21 149 25 19 9 49 3 144 12 123 22 126 6 73 22 33 22 72 18
124 20 1325 83 19 4 19 71 8 7 6 69 6 73 3 93 15 54 10 129 12 102 13 97 23 75 15 138 12 66 4 84 18 49 17 76 13 143 24 130 24 114 25
125 20 1176 140 25 149 5 10 5 100 2 77 11 5 11 6 24 91 23 150 4 101 6 62 2 23 3 112 4 21 2 7 24 116 2 148 8 97 6 25 12 31 7
126 20 1259 141 22 93 4 112 11 16 2 12 23 148 4 45 15 49 3 12 24 95 2 43 3 35 25 28 16 134 2 63 23 102 12 145 6 122 14 75 24 104 20
127 20 1150 124 8 138 23 7 25 77 13 127 9 118 23 59 7 55 21 22 20 62 9 76 7 3 17 15 10 114 9 129 15 145 13 25 19 72 3 68 13 2 1
128 20 1361 7 25 78 6 60 14 128 24 42 16 120 17 48 7 144 13 18 9 24 23 140 14 103 4 136 14 95 18 13 8 125 17 73 11 147 10 80 7 121 24
129 20 1136 136 3 115 2 65 8 83 1 24 18 116 10 74 21 111 25 17 2 105 2 2 10 13 9 116 16 94 23 104 4 90 21 7 25 4 1 97 14 48 15
130 20 936 103 6 31 25 22 10 135 19 81 23 42 3 87 8 128 1 49 11 41 5 28 12 56 3 35 22 143 7 51 18 1 24 2 13 42 20 82 4 11 14
131 20 1046 40 24 79 6 105 23 120 24 23 3 104 25 58 22 146 13 95 21 24 25 31 4 44 10 123 11 5 9 17 18 27 7 115 12 59 5 35 25 58 14
132 20 1199 38 23 61 17 141 7 77 15 36 24 8 12 99 2 85 23 4 14 57 11 113 18 97 14 63 21 104 12 144 3 7 4 119 4 68 10 114 23 64 16
133 20 1293 71 15 127 20 40 10 108 4 116 20 76 7 97 5 120 16 77 9 110 22 121 25 100 1 28 2 80 14 89 5 31 10 22 22 103 3 26 24 75 21
134 20 1160 103 4 95 18 26 3 45 23 62 2 93 3 80 19 112 23 59 15 42 5 115 22 116 25 21 20 93 1 51 13 84 14 8 4 146 5 50 6 49 9
135 20 1300 143 3 57 1 13 4 77 10 44 19 23 4 106 12 138 2 74 3 94 13 23 10 89 20 103 3 147 10 99 14 12 24 85 7 124 10 126 14 48 4
136 20 1238 150 17 80 8 57 13 67 22 36 15 77 23 94 6 6 2 116 16 97 3 113 12 1 3 114 21 150 13 149 19 2 14 131 4 22 9 27 5 59 4
137 20 1316 87 21 140 15 138 13 102 7 149 25 86 21 35 15 73 19 24 14 90 19 120 9 21 17 137 11 124 23 143 21 40 13 12 8 30 6 87 21 7 14
138 20 1181 134 10 134 16 132 4 29 19 27 20 10 13 41 22 11 1 9 5 101 19 55 10 59 13 75 16 76 10 79 7 147 8 34 10 145 10 38 21 141 13
139 20 1075 20 12 144 9 63 5 110 23 78 12 54 6 92 18 22 5 50 11 103 4 68 10 43 23 78 20 66 8 35 23 10 1 38 24 117 7 66 25 87 2
140 20 1104 43 5 126 17 89 13 93 14 101 11 38 25 38 20 72 9 122 5 36 6 103 2 21 10 29 10 78 4 4 16 27 20 85 8 63 9 75 13 137 3
141 20 1209 127 6 36 14 34 4 90 14 17 6 51 12 64 17 21 2 148 22 70 10 89 9 106 7 49 19 38 16 53 19 131 6 106 24 120 20 101 5 61 14
142 20 1396 110 2 108 13 54 12 118 2 150 3 67 4 14 16 126 7 81 24 106 25 9 19 142 1 95 20 103 25 86 3 97 23 57 14 28 21 91 20 104 5
143 20 1384 16 9 28 2 106 21 127 15 145 21 46 20 98 22 127 8 75 20 47 16 65 11 142 18 122 1 39 12 96 8 82 8 47 13 34 21 139 22 149 9
144 20 1280 80 2 110 4 98 15 125 14 4 8 34 6 139 2 90 1 5 15 150 8 62 12 124 5 70 24 146 15 58 5 52 2 101 7 68 3 66 23 18 16
145 20 1348 52 1 113 24 47 5 93 7 94 13 138 13 143 7 85 24 83 25 61 21 26 22 21 9 126 6 69 10 68 13 131 18 80 14 142 13 48 8 66 3
146 20 1160 15 6 86 7 49 18 41 5 90 10 122 24 84 1 5 15 6 15 104 25 17 19 99 8 148 15 75 12 24 18 147 9 111 4 42 2 100 15 86 15
147 20 997 4 4 9 14 135 14 57 10 107 14 13 21 97 5 118 9 143 3 55 3 25 18 12 5 139 18 29 24 25 16 22 6 71 12 47 25 113 14 26 2
148 20 1025 140 21 43 2 13 15 86 6 65 2 49 21 150 7 55 1 19 18 73 1 88 9 88 1 36 20 72 3 148 2 10 7 16 15 32 19 24 22 75 8
149 20 1256 142 20 131 20 61 12 91 13 63 24 119 3 22 18 63 1 86 15 59 2 99 16 104 13 43 17 142 9 93 8 73 20 75 7 15 22 58 2 31 22
150 20 1064 22 16 58 21 7 19 101 4 14 1 119 3 27 7 142 7 72 9 28 24 147 8 27 20 125 7 107 6 15 21 134 21 87 19 14 21 18 6 66 11
151 20 1343 134 24 49 10 134 2 31 19 72 13 22 7 96 6 69 12 50 23 99 1 115 15 64 24 6 17 132 2 81 13 69 6 122 2 116 23 136 6 82 20
152 20 1379 137 13 34 19 13 11 140 18 134 17 63 2 12 19 146 2 127 13 131 12 135 15 83 16 127 13 95 5 53 14 65 15 30 5 1 11 66 17 132 6
153 20 1068 59 13 125 25 29 13 75 21 57 6 68 14 17 13 45 2 105 17 25 7 96 4 136 13 19 15 105 23 53 6 101 7 65 19 86 2 69 5 1 18
154 20 1171 24 6 75 15 16 16 76 19 115 9 125 25 101 5 114 25 19 1 96 24 82 11 26 18 149 7 125 21 15 16 36 6 145 12 39 16 61 17 25 5
155 20 1214 33 1 68 23 110 14 52 7 72 21 4 10 24 9 121 15 42 4 98 3 1 12 116 22 82 7 150 1 84 1 25 8 78 10 132 2 135 15 91 23
156 20 1274 91 10 55 3 10 18 29 12 100 3 131 7 120 13 108 12 142 7 112 13 78 24 2 9 69 18 115 17 5 22 88 14 149 10 52 5 130 1 7 2
157 20 1273 1 23 74 5 97 1 135 6 24 13 76 5 91 6 84 4 66 2 87 6 54 25 145 18 119 9 146 8 105 21 23 1 53 13 55 16 34 5 123 21
158 20 1172 101 2 128 1 5 24 43 5 142 11 74 3 51 3 114 12 82 5 53 2 72 3 41 2 35 25 45 13 21 8 93 25 130 11 87 25 6 19 143 8
159 20 1083 34 1 26 15 41 23 12 20 42 11 30 16 123 7 145 5 63 1 127 14 73 13 92 23 56 23 53 22 72 14 20 2 113 8 100 21 122 14 10 25
160 20 1126 42 25 5 23 93 22 30 7 79 5 130 24 76 17 71 20 69 18 86 22 22 10 46 12 34 25 39 13 1 19 118 9 135 4 115 9 102 7 115 10
161 20 1294 24 22 20 4 80 22 124 16 23 7 135 10 53 25 108 13 72 15 54 13 79 11 109 23 114 1 147 18 46 4 40 3 57 24 107 18 135 14 91 11
162 20 1373 5 11 70 21 119 15 76 8 100 23 127 12 36 14 135 6 61 15 59 25 106 20 131 13 15 22 118 3 38 21 138 18 119 9 114 3 9 12 141 25
163 20 1135 89 20 31 24 35 23 54 19 86 25 57 5 127 5 21 21 104 21 128 4 2 7 70 13 95 23 32 14 87 4 65 7 6 25 74 18 140 24 116 10
164 20 1104 12 3 65 3 35 2 37 18 104 16 43 16 108 3 87 18 86 1 18 8 147 9 127 20 14 12 6 12 113 20 40 9 108 25 121 4 29 6 80 6
165 20 951 60 21 42 1 12 21 144 16 100 9 138 20 51 1 35 7 46 22 8 10 36 11 120 19 33 15 120 24 23 1 72 9 30 5 9 7 4 17 106 24
166 20 1302 21 6 115 1 145 25 97 4 67 8 68 21 104 2 77 18 123 7 1 11 80 3 128 17 66 19 35 22 58 25 132 12 15 17 139 11 64 24 93 16
167 20 1324 76 6 60 15 100 5 108 12 1 3 70 12 132 18 7 4 65 6 57 15 104 19 16 8 117 24 148 13 148 16 103 8 71 2 135 17 13 16 125 19
168 20 1337 140 7 35 24 94 1 149 12 108 7 17 24 81 19 147 2 125 12 59 18 96 5 127 23 3 22 123 13 77 22 13 10 9 3 108 6 149 24 12 12
169 20 1051 120 17 138 7 11 17 47 5 60 20 95 7 10 20 125 14 25 12 26 1 42 21 94 15 49 7 46 24 30 18 150 21 23 7 41 16 55 3 127 24
170 20 1258 130 18 52 20 24 24 124 15 138 23 52 9 36 17 8 23 146 13 62 16 109 12 46 18 116 4 20 15 9 12 96 16 134 13 120 13 48 14 103 7
171 20 1036 119 8 11 22 131 6 78 20 83 23 28 22 81 6 135 17 82 15 75 22 20 19 25 15 5 12 77 4 27 24 34 13 79 22 49 23 9 10 148 17
172 20 1008 19 3 3 15 4 17 58 23 3 3 145 8 35 5 137 19 43 14 51 9 59 17 37 11 110 21 9 10 121 4 134 7 26 17 122 11 25 3 119 5
173 20 1342 34 7 37 22 141 15 119 20 91 2 39 16 4 6 119 10 33 23 94 3 50 10 136 11 86 5 68 1 128 3 67 20 107 5 91 1 136 18 98 8
174 20 1468 135 23 92 5 147 22 92 14 90 15 96 14 102 2 105 14 53 9 150 1 51 10 83 16 107 23 144 6 128 5 48 7 66 24 126 1 10 11 11 16
175 20 815 55 6 110 6 85 14 24 5 25 18 44 7 38 5 85 5 22 2 4 24 118 14 19 24 21 23 65 20 29 6 105 16 112 4 17 24 30 3 11 3
176 20 993 22 21 136 14 50 20 48 20 139 15 97 17 93 22 80 18 93 15 30 8 4 5 28 14 63 23 133 24 65 15 10 4 18 14 49 25 23 9 61 25
177 20 1241 113 4 81 14 125 17 110 7 80 25 99 6 126 17 33 24 3 25 94 4 3 16 135 23 31 1 133 19 52 8 120 17 25 2 28 24 144 17 17 8
178 20 1091 93 7 31 18 58 20 150 24 54 11 56 15 13 13 66 19 131 18 113 19 108 9 53 1 145 1 38 11 62 9 17 20 62 22 33 12 28 3 53 10
179 20 1003 51 7 20 14 67 24 72 25 51 10 120 22 149 2 120 3 88 22 34 1 27 1 44 10 33 10 20 18 87 21 65 21 75 7 23 2 12 22 96 25
180 20 1218 42 12 138 17 73 3 10 1 56 19 73 14 22 24 105 13 21 2 18 7 57 16 133 10 125 3 126 1 27 8 94 3 82 24 46 14 149 20 126 4
181 20 1250 20 6 115 13 89 4 73 3 135 4 30 16 73 16 113 23 69 18 133 9 37 16 31 22 95 16 123 8 4 9 117 15 127 17 28 2 118 12 33 4
182 20 1144 96 1 15 19 20 7 42 23 92 12 150 20 143 11 5 9 105 5 56 10 144 13 77 23 32 16 30 11 106 18 19 23 81 2 110 2 41 20 67 16
183 20 938 79 20 49 24 45 2 78 21 12 9 12 10 47 12 11 4 62 16 130 14 70 19 57 19 79 25 23 5 71 13 56 5 62 10 66 12 66 5 98 2
184 20 1206 22 4 32 7 101 22 147 15 32 15 57 3 134 17 77 25 20 16 100 2 87 14 90 25 145 19 12 7 99 12 121 7 148 13 15 2 19 2 50 8
185 20 1193 35 12 139 22 57 22 70 2 18 3 38 14 63 11 100 3 104 18 59 8 66 20 118 13 42 23 146 8 112 10 12 11 143 16 10 3 136 2 24 6
186 20 756 4 9 4 12 5 21 25 14 30 25 7 13 126 24 79 12 117 2 74 23 19 21 55 24 3 23 119 25 41 19 40 23 3 18 38 10 145 25 12 16
187 20 1076 64 23 80 7 21 1 67 20 68 25 123 6 114 6 83 7 83 22 10 7 140 18 125 11 52 20 22 22 106 6 57 8 31 10 55 15 33 20 12 15
188 20 1186 39 13 130 19 135 21 55 12 122 7 79 14 84 21 16 22 11 7 57 12 137 3 107 18 97 13 96 6 62 6 115 23 31 21 28 4 36 17 46 23
189 20 1289 92 1 118 8 107 5 12 5 130 12 120 15 115 7 83 13 51 12 61 23 100 2 131 18 45 22 2 9 101 3 74 7 39 12 3 21 140 4 88 5
190 20 1148 125 15 106 25 24 16 98 3 22 9 39 5 48 20 78 4 11 9 97 4 60 15 84 21 118 4 7 14 66 12 134 24 48 2 99 14 140 11 32 20
191 20 1163 101 25 93 15 84 4 81 21 78 20 146 11 6 16 27 11 82 15 54 6 37 13 90 21 87 5 75 19 13 22 110 7 19 4 99 6 141 3 31 8
192 20 957 11 17 45 20 5 1 59 8 77 19 27 19 108 15 3 16 10 11 8 24 67 16 115 10 37 11 129 13 112 8 61 6 61 21 81 12 126 21 55 20
193 20 1452 66 6 124 17 107 6 43 13 111 14 40 20 144 10 21 12 72 20 146 6 125 19 125 13 96 13 55 22 131 15 57 23 82 2 90 19 74 15 106 2
194 20 1131 76 21 127 3 130 9 24 17 6 24 75 16 113 3 30 10 4 19 8 4 140 20 95 24 40 7 105 6 135 6 57 15 91 14 70 5 51 4 37 1
195 20 1188 51 6 6 8 138 4 56 16 27 3 148 14 65 25 34 12 60 11 33 21 62 15 12 2 41 11 42 7 89 20 81 2 136 10 137 7 129 7 138 23
196 20 1228 109 22 145 11 11 16 79 15 47 15 134 17 12 12 120 5 64 4 70 16 145 12 20 2 117 5 67 14 128 4 34 1 31 8 56 10 45 18 102 10
197 20 1222 104 3 150 8 35 10 86 10 124 22 34 17 57 5 92 12 71 6 43 25 22 10 148 5 141 23 77 21 71 18 54 19 77 12 123 16 18 7 1 13
198 20 1231 77 16 104 21 122 6 88 18 64 16 18 8 73 21 14 9 117 4 84 24 64 23 121 2 58 15 26 8 123 22 10 20 76 19 123 19 105 8 72 1
199 20 1396 98 2 110 1 147 19 85 24 21 11 106 16 117 18 123 12 5 20 4 11 126 9 93 8 14 12 97 20 149 7 113 10 67 21 77 10 105 15 89 24
200 20 1126 95 2 17 5 102 14 95 7 108 17 18 6 75 11 70 9 47 6 56 6 132 24 139 23 32 13 70 12 25 23 4 19 84 17 33 19 124 12 82 8
201 20 1196 78 8 16 14 142 13 64 9 69 4 51 3 119 2 65 20 16 16 29 11 26 11 121 12 143 20 74 16 108 4 107 23 86 13 52 11 100 2 30 13
202 20 1535 47 13 142 20 148 5 137 9 11 11 31 13 145 20 139 24 94 8 51 23 53 6 72 18 124 12 150 20 141 25 85 22 58 2 143 6 45 14 103 21
203 20 1165 38 16 83 12 23 9 86 18 106 17 42 20 141 18 124 13 89 3 23 11 46 21 3 7 99 6 100 21 135 14 105 14 23 7 66 18 39 17 86 13
204 20 1025 91 14 58 12 19 19 48 19 12 11 140 25 11 16 123 16 51 10 133 15 138 12 38 9 69 22 49 6 34 22 26 21 10 21 49 8 84 9 99 12
205 20 1386 121 24 80 24 4 25 15 1 126 12 8 25 99 13 121 12 60 10 133 20 11 13 76 1 146 9 8 6 115 6 119 14 132 8 136 17 135 21 88 25
206 20 1137 125 15 89 14 37 15 113 2 22 9 40 25 112 5 16 14 53 16 96 13 104 24 84 2 41 23 134 2 104 23 4 3 119 23 85 21 17 5 27 5
207 20 1474 109 17 92 4 150 10 109 23 135 21 89 9 14 19 99 11 125 7 138 2 102 22 20 22 102 14 5 3 123 4 138 19 17 19 120 4 42 24 114 2
208 20 895 7 18 66 16 75 14 6 17 146 8 66 14 43 12 96 2 4 25 119 6 101 25 4 11 106 5 13 21 76 7 29 16 7 5 34 20 55 12 66 7
209 20 1404 122 3 117 5 105 23 135 12 83 14 13 24 102 1 5 15 138 18 119 4 147 5 105 13 56 4 66 24 147 18 69 16 60 6 65 24 75 3 26 7
210 20 1033 52 9 82 16 88 1 62 1 123 14 1 5 54 21 1 22 64 22 98 7 143 13 105 21 17 17 97 19 39 15 68 3 3 1 42 22 45 1 108 17
211 20 1297 128 24 140 20 4 2 129 18 9 15 35 2 69 1 139 16 142 16 84 7 119 23 126 7 32 18 114 25 66 25 16 18 86 11 135 6 10 1 39 7
212 20 1086 46 15 44 25 52 14 27 22 39 23 15 25 148 17 10 17 134 16 83 5 149 16 110 2 143 5 58 22 126 18 3 7 70 2 63 4 22 1 16 9
213 20 1191 101 22 18 5 38 10 10 23 129 16 50 9 16 11 134 8 104 10 143 13 77 13 97 25 102 8 54 24 53 18 147 2 37 25 15 17 103 24 61 5
214 20 1211 51 24 72 16 86 23 94 9 80 7 135 19 33 23 13 11 90 17 93 7 121 8 51 1 100 8 98 13 35 9 89 10 46 11 41 20 126 7 60 12
215 20 788 21 25 49 17 54 6 78 4 56 5 5 23 76 6 29 3 5 1 103 21 18 15 61 3 25 24 33 20 32 16 58 12 147 23 59 8 23 20 54 12
216 20 939 15 16 62 20 94 11 23 22 6 6 57 11 16 10 144 10 112 25 87 5 48 7 11 12 10 3 135 5 126 8 2 22 82 20 87 6 27 19 30 21
217 20 1030 136 11 51 13 113 12 112 18 84 22 86 20 56 8 137 12 31 22 41 7 2 18 3 16 75 23 1 3 18 15 93 1 62 15 41 19 140 23 6 12
218 20 1376 38 8 44 16 1 20 17 12 99 16 79 16 121 20 104 7 122 3 145 5 136 11 58 18 80 13 93 14 95 11 123 3 80 11 84 6 125 15 76 21
219 20 1117 40 19 9 12 74 9 11 11 122 2 101 23 22 7 121 12 77 1 103 13 107 5 89 6 66 9 98 3 31 21 20 14 130 5 78 2 33 19 65 4
220 20 1216 43 21 26 9 62 24 67 14 93 13 119 15 91 24 36 19 109 13 57 19 148 24 55 20 97 8 40 15 78 10 114 11 107 18 1 17 78 2 99 25
221 20 972 9 4 73 23 54 12 149 7 64 17 20 20 83 9 50 18 24 1 61 25 7 21 87 2 150 7 4 9 35 23 30 20 143 23 48 23 103 13 22 5
222 20 1230 77 19 1 16 113 23 97 9 148 14 106 7 124 23 77 2 101 5 43 5 68 17 96 13 77 6 71 11 5 20 12 16 144 20 56 17 1 10 121 25
223 20 1097 49 20 104 18 45 12 67 23 61 24 21 19 113 21 31 19 73 19 63 15 122 21 18 13 3 19 2 20 150 22 76 8 147 7 38 24 126 17 63 16
224 20 1523 139 23 145 12 107 3 122 6 51 19 131 19 101 21 69 18 125 15 54 6 127 20 132 13 44 4 78 15 114 10 59 15 31 2 82 2 92 25 101 1
225 20 936 10 18 97 11 85 25 100 20 1 9 25 21 64 11 7 22 112 16 65 16 10 14 22 3 27 4 90 13 93 8 41 22 105 17 31 3 90 21 95 22
226 20 1194 90 23 52 7 128 1 29 9 52 5 45 1 150 18 73 13 13 4 7 20 1 11 87 11 117 2 5 14 99 7 125 6 79 15 148 25 79 6 114 6
227 20 1199 61 16 145 4 79 22 35 4 79 17 93 6 121 15 90 20 121 3 148 18 30 16 33 21 60 17 52 9 76 5 75 10 24 5 91 15 72 15 14 4
228 20 866 34 13 32 3 12 9 5 23 26 22 130 23 26 14 10 21 119 22 53 10 74 4 2 8 113 14 12 25 126 6 18 6 89 7 64 23 75 7 63 14
229 20 1417 50 7 6 10 31 10 135 25 135 12 132 14 126 2 59 10 70 16 97 5 63 7 144 16 52 15 50 20 148 12 93 13 148 5 24 10 77 20 132 19
230 20 1224 110 8 112 1 125 24 59 10 43 14 16 11 21 13 29 20 69 21 119 14 37 12 144 14 150 4 138 19 84 22 14 8 36 22 74 8 75 18 76 14
231 20 1176 79 16 10 20 7 16 100 1 107 16 99 5 49 12 130 10 26 23 96 10 62 9 44 10 137 16 85 15 130 14 23 17 36 18 41 23 68 13 141 6
232 20 1132 37 7 54 20 40 22 38 14 115 25 58 21 146 22 137 20 137 1 16 1 30 19 105 24 59 18 113 4 7 6 103 1 92 7 52 18 13 25 63 19
233 20 1138 6 14 1 11 17 2 29 7 71 13 65 11 57 3 47 25 123 3 133 3 111 20 35 16 35 1 60 24 144 16 127 5 74 17 113 25 60 20 115 1
234 20 1178 94 10 85 21 112 10 30 21 90 13 19 1 115 22 30 10 34 21 145 21 20 15 75 16 107 14 80 6 101 18 97 11 20 5 93 14 102 11 24 9
235 20 1216 129 6 66 6 85 13 59 13 144 8 74 21 96 2 39 8 109 17 15 23 37 14 58 17 131 18 94 25 106 11 45 11 43 15 5 18 39 6 146 24
236 20 1337 78 16 125 14 14 19 144 15 86 20 13 13 134 20 9 2 11 18 115 1 138 6 126 11 106 2 84 3 1 14 123 7 24 22 141 16 66 7 134 16
237 20 1220 109 1 140 17 116 5 79 3 92 11 134 15 120 16 101 2 12 2 23 9 123 9 48 1 75 16 35 25 69 22 10 25 70 6 42 16 44 23 83 1
238 20 1323 107 20 9 21 101 15 141 18 78 5 119 6 57 6 140 1 110 17 97 12 48 11 34 13 40 21 73 2 84 14 19 1 56 20 116 3 102 25 123 5
239 20 1233 77 15 100 10 120 19 60 8 37 10 125 12 71 15 5 8 3 13 20 15 124 1 123 21 3 24 141 10 74 19 127 10 51 13 142 23 89 2 50 4
240 20 1180 98 13 2 21 58 22 126 8 118 6 44 10 46 13 120 3 90 25 70 11 50 20 2 4 134 6 94 11 44 2 16 17 16 19 95 21 150 25 102 12
241 20 1544 91 5 70 6 87 23 108 6 15 9 30 4 136 25 93 10 111 18 97 6 132 1 88 11 75 9 137 7 85 8 127 6 144 5 102 18 86 5 116 20
242 20 1084 130 2 47 10 26 9 10 7 81 18 3 7 112 8 22 14 141 7 35 5 24 14 79 17 60 17 98 20 101 15 59 12 67 20 112 19 108 2 40 20
243 20 1058 130 1 43 8 143 10 7 2 66 20 86 8 5 13 71 18 45 4 110 8 150 17 57 1 29 22 87 19 92 2 3 6 83 12 1 17 96 16 19 19
244 20 986 91 23 12 25 49 19 62 14 6 5 27 23 122 10 77 20 12 12 146 9 87 16 1 5 11 18 20 2 43 6 131 9 44 8 80 17 63 14 149 5
245 20 1181 109 9 111 24 20 25 1 12 53 8 133 15 104 6 81 20 102 24 33 11 128 1 85 18 77 13 28 25 2 13 124 7 50 10 119 18 107 13 10 13
246 20 1220 64 20 96 17 76 15 117 21 86 24 39 21 6 8 148 6 71 25 124 2 106 9 35 20 127 2 67 5 1 11 63 8 6 8 123 8 116 24 54 22
247 20 1406 1 10 144 25 95 8 96 1 76 9 132 14 115 16 49 19 133 8 150 13 125 25 7 1 86 14 128 23 30 1 76 10 97 21 84 21 58 14 76 10
248 20 1441 93 12 64 12 115 19 106 17 117 16 140 17 143 3 116 1 63 9 82 7 47 8 60 4 33 15 115 17 106 14 83 25 36 16 112 9 65 24 106 15
249 20 907 23 24 85 13 21 22 54 19 48 25 9 15 45 13 106 24 42 9 3 11 125 2 120 25 50 9 27 3 42 2 62 9 2 12 57 22 71 22 142 17
250 20 1071 54 5 31 24 32 19 30 12 109 15 89 17 142 17 7 24 25 15 17 14 18 25 132 12 52 12 33 12 61 10 109 22 111 7 124 12 116 1 47 9
251 20 1062 127 23 11 15 47 25 148 9 37 7 88 6 41 21 37 15 147 3 37 22 20 3 72 17 124 18 16 21 33 23 68 11 8 25 111 17 132 8 24 7
252 20 1336 60 22 8 17 107 5 147 7 145 17 112 6 53 12 140 3 46 10 107 25 17 21 105 1 7 9 126 11 30 7 97 21 137 4 57 17 29 21 141 24
253 20 1173 70 22 24 15 33 7 65 19 90 13 61 16 105 11 11 24 116 1 101 17 51 9 136 4 101 17 33 9 87 4 47 13 11 23 77 21 117 12 131 21
254 20 1324 108 1 72 11 106 3 104 14 116 22 15 22 116 17 11 4 134 23 77 14 84 24 30 17 89 10 51 9 97 3 89 22 85 21 123 20 145 2 3 21
255 20 1172 116 12 34 23 49 4 91 4 1 5 124 21 25 20 113 23 12 11 110 9 52 20 145 25 105 14 20 12 109 11 50 8 100 19 131 20 77 20 2 8
256 20 1516 83 23 88 21 147 9 47 16 117 12 122 6 97 10 62 5 76 11 86 13 84 11 135 2 6 18 145 17 127 9 149 8 80 2 51 22 102 11 92 7
257 20 1288 26 20 109 3 148 11 111 22 96 10 139 8 57 8 63 9 69 25 61 3 122 2 86 6 98 7 5 13 149 6 1 16 19 25 52 11 138 7 62 11
258 20 958 56 9 35 7 130 9 68 20 24 3 19 17 99 12 76 5 13 4 39 19 100 12 72 16 70 15 2 3 98 17 52 14 57 3 6 3 78 12 104 9
259 20 943 54 13 7 24 27 6 14 24 40 14 135 12 4 5 2 12 125 11 124 4 130 13 39 17 41 9 33 3 6 18 135 19 69 20 108 6 81 11 5 19
260 20 1368 145 12 93 8 23 18 51 6 33 14 31 14 149 23 118 7 101 20 114 14 143 18 112 17 16 10 102 7 118 16 49 15 74 20 20 13 133 11 85 20
261 20 1133 44 16 141 18 74 19 78 5 8 5 89 25 93 9 76 16 126 17 29 14 16 3 111 21 55 10 99 10 97 11 72 23 50 16 37 13 4 4 118 7
262 20 1244 102 2 138 3 6 5 115 22 51 1 19 13 116 23 10 1 29 20 80 5 128 19 84 7 122 17 29 1 44 16 12 8 146 23 145 3 34 22 146 7
263 20 1255 101 23 114 5 111 14 60 10 43 4 90 25 118 7 104 12 14 25 147 7 111 10 23 13 131 9 17 13 100 4 99 8 45 23 105 15 28 25 8 21
264 20 1056 78 12 52 3 99 4 34 20 87 15 47 11 12 7 12 16 106 5 141 13 56 3 125 5 19 10 20 25 48 10 52 13 140 5 40 13 133 2 19 5
265 20 1323 75 18 61 20 137 22 113 6 129 21 35 3 147 17 62 21 13 2 83 14 111 22 118 18 101 23 125 6 87 3 54 22 88 14 33 15 73 17 9 21
266 20 1244 6 17 34 22 40 3 17 18 66 17 83 24 135 20 146 16 68 1 86 2 53 23 118 7 11 6 123 18 89 17 105 21 91 17 23 6 122 24 139 24
267 20 962 47 6 90 10 115 14 71 25 33 6 81 20 64 22 62 25 8 6 109 9 100 5 44 14 20 22 47 9 134 14 26 5 21 24 62 17 65 15 4 3
268 20 1592 41 6 92 9 75 9 130 25 116 16 85 19 150 17 85 7 95 7 104 20 121 23 96 12 93 9 86 13 8 21 115 10 101 17 142 23 116 21 139 17
269 20 1104 2 5 106 4 8 3 8 15 86 9 125 9 75 14 12 16 68 11 63 20 111 23 102 21 106 3 49 9 95 19 81 1 34 19 87 6 35 10 128 9
270 20 1413 109 9 11 14 44 21 134 16 31 8 131 19 107 18 137 6 54 8 130 20 82 22 60 16 16 5 84 7 121 6 112 8 146 24 50 15 82 1 126 23
271 20 1277 29 18 71 20 104 15 12 18 140 19 123 16 74 17 90 6 8 14 84 16 79 7 145 19 119 17 131 5 48 25 32 15 55 17 55 18 118 25 80 7
272 20 1348 103 9 53 3 11 17 69 7 42 21 52 25 29 23 128 21 101 19 132 20 143 22 90 21 46 10 25 17 125 7 120 1 77 6 62 4 133 21 144 7
273 20 1412 140 12 88 1 29 12 146 24 120 7 81 22 45 2 116 2 15 25 46 20 97 3 65 14 127 22 133 2 92 22 110 6 72 12 122 7 6 19 116 14
274 20 1325 119 7 120 18 78 17 104 15 63 3 76 17 53 14 101 22 97 13 103 21 129 1 4 7 87 10 87 25 95 22 61 18 26 9 124 10 38 10 92 1
275 20 1144 106 14 149 13 24 14 20 15 23 23 74 22 79 13 82 25 9 17 114 14 48 10 142 16 139 6 71 17 66 21 105 13 22 6 50 3 73 25 34 18
276 20 1156 5 25 47 4 12 4 85 19 10 19 105 4 72 7 98 12 30 24 138 10 32 18 16 7 96 14 68 20 39 17 120 16 101 16 115 15 111 15 145 23
277 20 1299 75 2 72 19 73 11 137 24 127 18 107 2 134 21 63 17 145 23 91 4 73 24 16 22 57 17 22 8 64 7 77 7 98 22 121 5 67 20 5 5
278 20 937 112 6 65 9 15 21 125 9 69 23 23 6 102 12 16 22 106 22 132 4 17 11 8 6 11 11 138 5 97 15 22 14 22 14 25 21 57 18 10 2
279 20 1108 30 12 66 16 49 21 31 9 21 12 70 21 23 19 61 15 133 7 86 10 38 21 16 20 70 7 28 5 150 18 145 20 96 13 135 20 68 24 69 17
280 20 1012 47 12 51 24 115 5 105 3 45 20 30 5 5 4 13 13 75 25 147 3 18 23 44 2 137 22 101 21 20 24 38 12 49 21 140 6 82 21 3 3
281 20 1168 23 5 23 15 98 4 49 6 81 23 111 20 144 12 80 7 133 25 79 7 17 8 60 8 30 21 145 9 25 7 100 23 127 20 52 1 4 4 80 20
282 20 1222 93 19 123 3 36 13 79 12 55 6 59 23 137 14 15 9 95 25 20 18 110 5 125 1 121 5 145 20 77 11 34 4 52 1 64 20 82 10 6 13
283 20 1308 11 9 15 9 120 10 85 15 44 1 36 16 146 15 149 14 140 15 148 20 36 13 139 21 111 23 24 9 32 4 147 10 39 10 110 15 101 4 3 13
284 20 1148 150 10 17 10 84 24 99 13 130 14 2 1 47 3 4 3 114 17 141 21 8 21 114 16 25 12 39 25 81 19 17 5 25 19 47 22 147 3 144 18
285 20 999 119 16 40 17 114 20 30 4 96 23 62 20 24 1 104 17 79 17 61 23 24 10 90 22 6 18 22 20 89 6 100 24 55 1 95 2 32 23 7 15
286 20 688 11 3 9 19 78 9 18 9 44 19 4 1 28 8 14 1 5 18 14 23 11 23 103 19 5 24 39 3 64 24 59 13 88 16 140 21 78 21 49 15
287 20 1092 114 24 50 11 144 25 64 13 103 7 71 12 16 25 63 14 2 23 31 22 130 16 146 8 45 15 82 20 57 22 39 10 25 20 6 13 64 18 113 24
288 20 1160 19 5 87 8 36 11 79 1 78 17 102 22 97 10 124 13 121 16 150 24 126 19 14 21 143 13 19 11 20 12 101 2 69 10 39 15 4 4 22 5
289 20 1032 5 19 78 17 88 4 76 8 26 15 90 1 122 18 93 15 28 8 119 6 2 2 41 6 17 25 144 3 64 7 38 24 124 19 44 1 22 17 70 11
290 20 1375 31 17 116 12 12 23 115 15 63 25 44 12 123 21 72 22 49 17 88 22 59 15 129 21 135 3 43 15 130 4 97 3 111 13 52 13 145 8 105 24
291 20 1157 47 3 57 12 96 12 76 19 120 16 41 8 55 23 62 1 9 24 55 1 28 9 33 2 104 8 120 13 14 10 137 22 108 19 76 6 64 2 145 10
292 20 963 108 6 99 5 30 19 61 14 31 8 24 12 30 18 36 6 126 18 138 21 26 15 117 22 10 12 6 7 82 1 81 6 5 12 62 16 40 6 92 13
293 20 1302 117 9 20 25 103 13 86 24 72 9 13 12 124 23 62 7 67 5 122 5 53 19 145 13 136 14 29 14 91 20 112 17 102 8 61 9 95 13 18 25
294 20 1086 93 4 20 4 19 9 141 3 30 25 42 1 7 21 7 25 47 10 1 4 134 8 108 11 98 14 114 25 69 21 76 21 71 25 124 20 67 11 90 1
295 20 1258 38 15 73 22 62 19 26 5 41 17 127 4 61 20 43 19 132 22 72 13 116 13 148 9 38 7 53 20 102 19 136 14 71 5 67 10 69 4 98 24
296 20 1484 128 22 40 2 110 19 92 3 78 22 133 11 12 19 138 15 141 24 108 6 10 9 16 20 124 7 138 12 127 9 28 20 89 21 115 10 89 11 139 23
297 20 1126 115 10 37 5 71 24 4 3 90 4 30 22 85 11 56 24 145 15 33 12 41 6 145 6 80 14 83 20 121 2 102 24 10 17 50 11 77 21 33 16
298 20 939 120 7 2 18 39 25 12 18 110 24 26 20 56 15 56 21 119 24 115 25 72 11 24 16 5 25 4 2 101 1 22 1 81 19 56 1 58 10 96 20
299 20 1289 72 19 121 9 103 19 85 5 62 22 64 13 14 5 47 2 55 15 129 3 91 17 131 1 134 22 65 1 58 18 93 3 114 25 108 25 41 24 25 1
300 20 997 46 20 24 7 58 4 30 3 22 4 37 16 47 10 76 9 53 13 115 23 13 8 127 24 24 20 89 15 11 4 74 23 80 15 122 23 142 18 57 8
