1 20 1077 22 1 26 91 122 8 90 167 17 52 33 59 88 24 91 49 10 114 129 92 41 181 143 124 147 114 5 18 5 156 82 103 99 94 110 40 73 122 14 81
2 20 991 14 160 106 102 45 138 5 132 141 104 50 26 5 171 101 34 86 110 53 38 91 196 96 158 25 188 9 167 125 14 53 59 99 149 25 176 80 47 30 135
3 20 1301 45 171 83 189 95 191 144 43 89 173 81 167 30 44 143 86 89 14 52 15 41 130 96 142 106 50 13 193 72 122 112 91 118 151 104 62 107 163 7 90
4 20 1090 23 28 82 139 117 94 131 145 81 67 30 124 53 181 48 35 116 22 50 28 71 115 46 137 123 148 16 190 100 10 49 197 57 159 33 20 97 79 40 187
5 20 1134 47 186 139 104 66 135 96 189 145 42 31 115 121 154 117 147 11 168 35 124 73 21 117 155 21 178 116 182 15 174 96 82 83 37 39 83 25 126 25 151
6 20 1143 58 178 119 160 91 13 15 96 29 181 84 157 96 139 72 175 60 154 20 147 116 118 10 77 143 54 19 128 69 53 120 57 66 136 7 178 97 106 138 47
7 20 1292 97 176 49 12 99 35 87 116 122 132 37 69 18 120 76 173 147 151 97 171 88 62 105 166 71 75 65 69 43 170 26 116 140 39 149 141 40 104 60 101
8 20 1287 147 92 149 37 137 175 83 85 28 47 34 60 70 45 66 189 33 156 62 49 142 15 137 64 100 184 129 34 12 61 58 141 15 37 107 103 43 165 57 127
9 20 1123 127 92 139 71 2 14 121 21 84 67 55 107 34 90 95 32 45 106 31 197 44 90 119 17 19 157 25 98 121 165 11 96 8 162 124 81 71 91 129 169
10 20 1196 149 143 61 163 93 89 39 48 55 60 61 49 140 178 142 134 75 63 26 13 34 77 23 24 77 162 131 66 75 85 119 88 106 161 58 144 14 55 18 89
11 20 1159 45 115 17 53 91 81 36 176 57 188 58 193 94 93 75 9 99 2 140 49 41 66 53 136 137 60 39 199 51 64 15 1 142 114 97 64 140 34 22 57
12 20 1312 138 171 9 58 123 19 9 7 38 196 47 79 90 3 42 39 112 161 135 200 49 2 119 86 135 76 39 42 95 20 145 72 99 2 50 86 117 64 49 197
13 20 1325 1 42 140 108 74 15 23 107 106 157 126 112 53 14 145 121 18 155 84 31 95 180 132 95 58 56 126 95 76 45 49 153 110 39 22 130 130 195 89 177
14 20 1336 89 90 23 177 98 181 71 61 144 76 150 119 96 97 99 17 101 154 89 33 144 38 35 50 79 35 75 193 71 31 63 33 66 24 76 119 44 42 58 183
15 20 1329 64 154 18 163 55 156 139 140 95 180 120 34 135 11 128 158 63 82 15 76 105 88 135 145 59 30 111 166 81 176 25 192 18 181 120 1 113 160 63 173
16 20 1085 12 183 48 48 107 11 62 188 141 168 90 8 30 67 123 64 104 174 2 172 1 76 35 60 45 33 117 40 136 158 26 40 99 90 118 186 25 79 36 83
17 20 1224 62 60 9 158 62 83 144 39 85 4 120 196 42 151 22 27 65 55 94 174 119 182 77 93 113 60 111 72 82 194 53 123 5 92 130 64 130 116 6 27
18 20 1280 140 81 129 175 104 93 134 124 31 37 68 4 108 106 95 99 102 91 14 124 79 83 41 185 80 24 116 49 5 145 16 105 29 156 86 9 147 114 77 182
19 20 1149 22 125 22 101 55 103 140 64 12 119 27 26 113 72 43 44 79 27 6 174 71 170 100 185 123 92 111 167 137 29 118 139 76 53 35 64 69 62 78 177
20 20 912 6 106 137 73 35 13 114 114 142 163 108 48 40 88 20 133 56 182 35 112 9 77 1 95 7 176 57 73 76 93 91 86 28 155 76 54 3 32 99 176
21 20 1172 10 50 18 168 146 53 63 174 123 190 86 180 92 25 19 93 37 108 73 67 9 135 47 34 42 114 150 138 36 32 131 149 149 131 143 120 12 131 80 139
22 20 1384 65 99 111 15 127 52 108 184 122 177 56 59 146 46 145 106 135 119 70 17 52 131 104 16 102 12 96 1 49 87 83 5 39 104 114 72 3 155 3 164
23 20 1121 86 142 96 194 1 131 146 50 18 54 92 19 113 199 13 74 86 199 57 188 98 100 2 104 15 180 44 147 69 185 12 7 93 97 142 57 111 174 108 98
24 20 1219 4 82 109 118 45 82 87 179 116 27 80 63 107 196 20 156 17 126 94 78 95 187 102 149 21 94 132 182 79 25 75 66 116 26 123 196 81 99 21 82
25 20 1256 6 20 113 63 119 24 129 48 59 107 48 185 125 151 103 111 64 187 45 34 145 80 56 41 150 3 58 168 68 66 72 113 82 194 81 111 44 28 3 108
26 20 1138 119 49 149 27 46 90 130 195 18 168 13 93 97 68 13 164 77 182 59 187 24 200 125 157 119 177 147 91 55 74 14 173 115 25 67 78 3 160 33 8
27 20 1087 115 175 25 52 24 187 69 5 81 100 101 152 3 79 44 127 58 144 69 70 60 43 129 3 115 197 62 92 135 199 87 95 27 157 108 185 22 182 25 132
28 20 1064 10 170 51 178 102 44 63 59 24 100 30 101 119 144 49 60 99 128 14 180 13 70 52 82 66 86 13 141 128 26 102 191 9 11 138 94 111 40 137 97
29 20 1308 142 106 131 16 140 131 46 184 135 23 126 77 61 168 128 133 69 28 77 168 138 193 19 71 26 104 1 135 87 21 34 148 46 173 13 192 80 28 137 141
30 20 1212 52 32 34 97 64 15 23 86 68 185 20 101 51 155 83 72 79 121 87 60 81 139 48 142 94 190 149 78 140 22 129 92 110 55 76 98 73 102 55 158
31 20 1255 147 24 102 129 28 148 121 100 84 117 58 72 71 128 72 194 45 85 90 151 29 5 105 67 142 123 18 199 59 168 22 55 129 46 17 24 109 22 121 130
32 20 1135 56 199 66 136 78 113 114 122 5 1 24 119 6 111 119 166 99 139 52 65 87 120 150 154 1 77 139 151 88 156 34 11 61 3 96 31 106 184 38 157
33 20 1056 135 108 33 49 95 184 88 98 4 129 98 38 137 25 27 151 65 10 46 110 147 134 15 103 15 196 60 34 14 168 41 157 38 53 30 152 110 141 122 150
34 20 1068 28 36 39 75 73 194 59 199 150 93 48 176 89 112 34 22 23 38 6 137 135 104 8 71 109 182 52 109 103 95 108 170 72 95 78 17 30 152 91 190
35 20 867 48 11 116 176 48 79 12 102 81 159 2 92 56 120 55 134 52 167 64 25 39 198 85 145 70 36 120 142 13 42 37 196 102 11 28 107 37 128 19 79
36 20 1320 124 73 86 8 82 1 68 129 39 117 46 50 120 13 114 143 84 66 102 159 147 194 25 184 138 30 54 94 32 42 42 148 147 5 57 134 87 190 57 74
37 20 1006 28 90 12 40 70 128 142 165 33 141 45 27 79 126 97 149 56 48 16 52 83 148 3 121 99 11 74 49 58 46 132 132 106 99 26 150 28 182 71 189
38 20 1533 127 114 80 176 91 4 46 34 136 200 120 33 63 21 2 71 146 35 147 192 93 31 145 141 74 163 56 14 141 4 95 150 83 47 81 163 64 11 127 129
39 20 1010 62 161 49 125 145 70 7 30 42 192 109 127 41 129 137 86 82 191 55 8 9 83 117 105 60 61 44 52 18 142 27 74 131 7 7 99 31 32 90 170
40 20 1188 131 176 70 139 55 46 141 79 63 184 77 109 75 158 126 8 28 133 60 98 111 17 30 83 51 177 53 55 140 184 1 111 73 66 8 128 109 5 83 162
41 20 1222 61 111 68 43 20 39 8 52 49 135 27 114 78 123 138 197 133 75 23 127 104 44 121 87 148 28 120 76 66 128 21 100 107 67 94 127 110 28 32 144
42 20 1312 148 92 121 12 121 145 100 51 98 46 38 83 2 112 60 62 3 54 93 176 143 163 31 128 103 61 16 178 147 75 58 112 103 43 31 46 86 121 139 109
43 20 1382 65 31 142 149 150 93 145 155 3 74 130 82 8 99 113 76 88 165 2 77 109 9 71 7 18 81 75 117 137 149 72 90 112 43 53 102 141 69 94 36
44 20 1582 56 163 136 113 142 63 127 44 105 155 106 7 135 79 114 124 129 17 81 98 90 133 20 41 60 36 126 82 58 94 147 13 115 31 11 144 81 51 139 91
45 20 1152 50 185 141 43 4 160 39 29 150 141 116 175 125 32 55 40 7 173 25 86 50 93 91 122 1 171 121 186 90 130 8 10 64 177 115 38 128 86 61 74
46 20 1083 41 2 98 9 52 14 88 165 91 131 48 104 51 58 49 127 123 2 68 80 72 160 81 49 89 121 56 57 39 56 60 180 19 5 57 159 76 122 96 87
47 20 1436 136 31 56 20 119 143 40 156 124 8 49 89 93 68 49 20 146 84 124 133 56 13 83 123 106 146 136 25 112 166 58 54 130 93 10 193 127 2 42 113
48 20 1045 76 103 15 186 112 64 7 19 149 88 32 128 17 179 87 54 8 123 24 116 105 195 30 168 84 44 127 39 110 2 52 134 95 32 23 198 98 152 56 26
49 20 1013 44 141 28 22 33 169 100 154 15 192 52 109 2 95 131 102 135 120 79 38 55 156 13 17 69 65 94 28 68 36 1 104 27 143 138 127 46 112 137 106
50 20 944 28 95 107 15 108 93 33 107 65 11 103 90 121 107 98 110 2 109 25 101 62 133 61 143 9 3 22 57 130 86 112 176 38 12 19 170 12 70 25 140
51 20 1353 59 178 121 197 81 15 144 130 98 135 30 7 130 162 45 43 149 44 98 118 54 153 122 61 15 52 60 148 141 149 145 148 141 24 39 122 6 168 14 142
52 20 1196 104 142 91 126 11 135 63 161 52 82 105 191 85 95 125 162 74 47 51 169 37 83 73 171 97 59 12 162 120 45 140 40 16 40 96 72 84 147 60 69
53 20 1162 27 93 100 134 124 169 42 89 101 134 65 118 87 52 1 187 148 178 50 169 123 114 116 7 85 173 55 25 83 166 2 92 54 116 58 114 113 117 19 109
54 20 1201 132 112 141 143 126 163 2 41 22 109 48 155 88 81 48 86 58 163 3 200 102 140 22 42 86 33 107 63 116 176 109 55 112 135 103 94 23 101 54 163
55 20 1207 32 150 59 142 120 24 1 172 82 104 114 99 142 96 44 30 20 120 108 140 53 12 134 26 6 136 61 18 110 110 142 106 21 36 84 103 93 79 83 191
56 20 1232 130 50 86 4 55 68 57 85 50 125 129 120 105 138 19 10 120 63 23 144 28 68 133 13 146 51 133 19 24 124 22 21 45 50 77 197 128 78 31 1
57 20 995 14 23 10 63 27 131 61 172 50 61 94 80 112 36 26 89 132 31 77 58 51 1 100 134 72 101 67 191 23 68 76 56 73 78 75 72 23 73 81 172
58 20 1146 33 200 59 166 80 149 74 72 138 4 67 163 6 169 115 130 57 142 105 118 108 115 33 60 57 1 24 159 55 114 128 142 129 76 28 184 55 56 82 195
59 20 1134 27 130 67 182 141 188 75 28 13 45 69 86 52 25 19 64 150 125 108 84 92 59 95 134 75 178 38 151 87 170 25 65 71 135 135 99 16 25 63 181
60 20 1136 150 199 45 105 4 50 54 47 52 49 70 48 78 155 127 61 99 96 55 181 129 121 33 153 120 87 11 165 47 179 31 32 73 29 66 193 65 43 112 140
61 20 1236 71 94 37 37 47 117 134 15 90 2 66 128 46 130 82 178 61 68 108 50 136 128 36 65 139 197 64 58 81 8 46 129 114 56 1 18 38 166 148 148
62 20 973 24 86 9 36 147 151 104 154 57 143 72 86 124 172 40 80 111 129 98 75 40 115 129 33 53 190 60 47 13 156 5 187 53 178 5 25 19 25 54 69
63 20 1300 44 198 121 47 67 200 137 48 81 146 107 129 3 16 100 22 7 192 25 37 79 47 132 118 100 171 43 199 147 46 130 153 98 52 123 85 27 45 55 50
64 20 1136 20 89 2 114 84 95 40 84 73 130 91 24 85 103 141 55 5 179 95 116 116 4 41 98 112 79 64 139 50 181 99 155 98 77 83 37 93 148 28 29
65 20 1003 102 102 139 181 47 137 54 93 59 191 19 92 90 40 82 72 132 156 34 95 67 179 81 186 89 139 2 110 33 32 72 116 82 68 28 58 19 15 23 119
66 20 1191 16 72 114 25 125 63 35 101 15 67 66 43 24 62 68 162 128 137 126 46 128 98 124 25 15 82 65 11 118 133 95 55 64 124 6 136 21 184 136 30
67 20 1371 110 17 123 189 119 129 123 186 11 87 22 56 133 6 57 19 19 119 35 136 28 187 121 77 146 184 111 33 56 126 120 127 69 183 95 2 113 155 103 13
68 20 1154 98 154 68 165 102 119 27 53 129 20 21 152 74 189 149 75 22 81 75 71 15 168 93 17 71 199 121 180 72 71 50 79 109 145 24 142 9 189 114 167
69 20 1024 76 47 16 161 12 27 146 88 45 85 90 68 130 53 31 192 73 36 41 96 53 182 73 12 94 82 145 33 48 20 122 163 23 124 16 160 45 160 2 152
70 20 1274 150 13 130 27 45 175 14 89 40 43 96 200 137 190 10 12 16 166 132 18 128 102 143 185 147 17 11 180 48 153 56 150 18 9 100 112 144 163 28 54
71 20 1020 39 179 94 134 30 112 43 108 79 128 1 144 22 98 52 178 9 153 53 66 62 79 123 48 104 27 97 10 59 187 51 22 35 51 105 134 130 68 88 75
72 20 1361 53 116 64 196 121 10 112 101 146 193 125 141 62 108 30 103 48 28 9 56 35 57 112 2 146 121 119 191 116 85 45 56 108 134 128 167 99 178 24 76
73 20 1367 143 134 88 30 44 33 77 182 43 128 12 28 68 8 116 189 131 130 116 193 129 101 68 97 83 120 55 4 81 155 147 21 147 189 89 135 12 132 60 49
74 20 1129 33 163 145 94 28 49 59 7 42 30 11 8 43 42 18 110 107 32 90 193 130 129 76 49 1 81 73 27 147 151 104 172 36 47 118 162 119 42 32 68
75 20 999 2 108 32 60 68 176 78 187 15 178 56 124 141 84 21 189 106 181 6 120 29 142 95 183 27 77 61 29 117 158 24 27 124 59 93 160 81 108 73 26
76 20 1291 20 114 74 181 50 142 60 37 10 70 85 181 93 25 105 37 93 58 24 190 98 140 150 135 95 162 91 116 114 96 134 20 55 139 109 186 69 162 85 119
77 20 1592 63 16 95 90 54 114 133 128 117 82 118 123 122 113 104 25 136 42 77 163 137 82 120 27 136 109 106 50 78 113 65 3 76 70 108 191 79 5 67 179
78 20 797 18 147 51 157 146 97 42 110 54 142 79 60 45 33 7 187 58 188 76 162 116 194 1 112 100 33 16 140 23 152 65 158 34 9 22 77 32 89 12 130
79 20 1100 133 146 3 80 61 164 84 109 47 177 61 20 39 94 85 96 93 156 21 92 59 47 47 92 91 131 60 47 105 86 18 40 92 85 84 55 69 112 124 31
80 20 1151 53 191 1 125 144 91 12 17 132 52 88 14 136 81 102 114 121 93 20 158 43 61 61 19 21 191 4 17 98 39 78 139 136 174 116 145 49 64 24 23
81 20 1226 5 92 105 175 110 44 52 98 62 129 35 56 100 137 71 127 103 143 112 35 50 85 99 51 73 77 53 192 37 56 144 58 71 64 119 128 11 79 121 95
82 20 1308 104 50 1 120 114 25 118 101 47 123 35 190 110 107 56 24 101 122 29 196 146 174 7 168 86 181 149 139 43 155 120 160 137 63 22 94 100 26 111 128
83 20 970 22 160 114 146 17 36 119 18 150 17 17 53 7 62 54 166 41 12 99 134 92 192 117 2 75 36 36 197 119 83 34 92 56 23 36 70 1 25 7 150
84 20 1276 39 8 10 157 91 188 87 57 150 10 60 173 46 116 65 133 73 85 89 48 115 193 107 62 8 25 44 160 121 186 105 122 102 165 113 32 122 156 48 44
85 20 1240 78 110 25 41 76 9 98 138 38 110 41 50 5 115 31 33 117 64 114 80 143 200 66 195 104 18 138 153 49 77 129 184 129 146 29 10 99 191 42 64
86 20 1383 30 2 115 69 12 41 85 146 124 90 85 62 78 71 114 152 29 125 56 123 51 36 117 82 136 181 105 195 44 164 114 146 67 143 148 19 140 48 79 161
87 20 1400 31 168 101 66 138 157 96 183 17 30 102 22 70 162 43 194 120 12 107 175 79 163 88 176 146 140 144 127 16 91 102 43 129 15 24 179 49 17 148 184
88 20 1340 141 87 106 120 13 132 96 129 81 101 17 102 130 144 75 175 65 22 86 174 76 174 142 118 44 76 80 164 81 36 115 112 87 147 121 91 111 31 9 154
89 20 1028 37 102 1 137 115 34 102 10 5 167 137 191 39 10 26 2 125 17 70 84 94 148 24 168 4 150 135 118 30 52 97 56 69 85 12 107 56 21 108 171
90 20 1084 39 83 61 75 31 95 82 129 113 125 54 41 25 64 121 124 21 87 11 97 137 53 17 166 36 102 8 11 144 48 36 32 100 65 143 19 71 37 106 44
91 20 1337 32 28 91 170 45 76 136 166 143 121 44 30 129 31 121 93 45 180 90 133 16 163 124 143 136 143 50 12 35 127 141 139 55 160 24 158 135 176 80 17
92 20 1311 73 157 127 30 85 150 98 87 67 177 31 193 62 38 23 160 131 92 128 147 90 95 101 150 146 16 67 85 29 114 21 45 142 82 82 79 92 186 44 140
93 20 1408 106 195 133 55 131 87 131 186 2 1 141 80 49 123 143 193 127 47 95 125 29 134 116 162 112 195 23 79 57 200 57 144 30 102 137 52 41 78 100 13
94 20 1332 100 196 86 24 138 196 107 5 110 150 28 161 127 48 33 191 120 2 80 180 23 123 41 162 78 140 36 75 68 91 121 131 133 4 142 180 85 160 10 123
95 20 1255 48 37 8 32 131 187 92 66 77 138 46 11 40 28 43 183 13 65 88 120 113 93 142 55 120 103 67 127 34 36 94 142 126 98 71 120 100 10 116 15
96 20 1220 126 119 35 34 101 85 48 32 145 85 65 200 80 83 5 53 35 20 43 157 116 44 114 92 87 200 46 70 118 187 123 74 74 118 41 179 3 176 121 163
97 20 1174 140 122 110 35 13 106 57 181 84 137 133 107 72 184 16 154 105 157 7 120 120 37 41 155 40 56 78 150 38 181 14 122 134 81 107 72 106 16 53 25
98 20 957 82 198 45 15 52 137 111 11 104 169 9 173 16 123 16 107 39 60 132 159 70 95 98 164 67 134 16 127 12 127 146 46 39 26 12 96 37 182 94 165
99 20 1288 104 72 128 191 70 166 107 162 61 198 8 109 108 176 135 133 99 147 25 85 35 163 76 127 92 110 7 25 143 1 29 27 131 147 121 59 4 183 128 59
100 20 1186 57 31 60 124 2 100 66 122 56 150 66 145 28 126 142 164 40 115 147 139 38 200 56 107 69 10 139 25 76 37 15 99 52 11 121 157 124 24 129 90
101 20 1109 97 154 93 196 60 146 42 95 102 124 126 79 141 47 35 30 57 66 60 98 8 112 81 161 56 152 5 184 12 16 17 179 48 167 80 14 131 20 136 152
102 20 1076 124 137 131 193 50 61 26 114 48 21 140 188 4 10 133 73 110 128 98 54 74 192 24 16 76 60 26 167 22 74 35 170 27 49 99 60 56 180 43 39
103 20 1084 75 38 88 159 127 114 98 163 28 17 26 40 60 183 44 74 84 65 138 24 92 111 14 123 15 100 118 69 103 169 53 89 20 171 15 14 42 142 116 25
104 20 1054 131 52 68 18 78 69 43 85 45 82 49 168 56 99 18 67 99 139 8 72 116 80 20 14 116 180 139 181 21 14 26 124 129 28 84 101 54 125 18 113
105 20 1251 129 130 55 152 120 103 55 178 13 196 143 44 8 149 11 22 15 111 142 23 44 72 61 188 98 51 124 48 12 160 142 151 87 110 107 44 81 111 117 10
106 20 1161 145 125 55 72 95 78 142 128 57 114 27 53 66 95 115 131 133 68 17 27 83 127 114 164 87 187 2 18 96 90 81 18 14 60 15 41 23 87 85 168
107 20 982 150 151 79 138 27 169 13 42 11 38 53 43 72 172 22 170 24 184 20 32 128 35 79 52 22 24 123 44 27 85 41 18 121 76 62 48 58 51 96 184
108 20 1107 45 158 107 112 147 116 40 167 22 137 18 162 93 18 57 143 118 200 57 92 84 13 64 41 39 43 88 162 130 181 72 121 28 156 47 157 116 129 12 114
109 20 1007 14 87 1 13 12 95 26 25 121 121 67 178 11 174 32 6 64 122 96 34 132 124 115 21 88 104 79 189 104 2 11 42 52 44 125 69 11 72 98 164
110 20 1218 90 115 87 146 141 46 97 39 140 181 80 172 28 106 36 17 123 192 104 149 126 44 6 84 87 95 53 117 20 42 140 75 70 200 40 168 41 198 14 16
111 20 1301 145 171 115 111 92 90 92 85 41 161 59 25 70 133 139 129 58 70 97 179 123 130 104 136 32 140 82 21 51 141 38 53 148 42 70 20 50 96 21 80
112 20 1274 57 117 114 73 118 129 140 62 130 137 55 79 146 195 87 102 20 15 129 194 68 126 18 49 42 2 27 171 127 53 103 184 21 94 44 20 139 150 8 189
113 20 947 20 19 79 198 98 132 6 36 49 72 13 69 61 184 119 63 147 186 58 3 72 82 53 146 17 17 50 1 26 22 44 111 59 60 25 122 116 134 72 94
114 20 1338 144 59 103 48 52 24 47 58 150 24 89 178 32 158 118 21 125 146 68 54 56 38 86 176 81 108 127 85 127 123 83 90 52 60 36 72 39 143 58 190
115 20 1157 114 82 33 103 99 134 5 183 5 114 141 198 28 100 66 86 27 152 148 179 38 98 83 36 146 9 62 49 10 150 40 65 127 50 79 194 77 66 119 175
116 20 1360 149 104 123 34 148 21 81 42 106 82 110 91 20 81 149 198 132 84 95 164 67 87 23 140 92 189 31 61 142 197 147 104 22 12 3 34 29 195 31 107
117 20 1227 49 107 116 115 47 135 115 94 52 164 8 10 103 96 93 54 83 79 21 93 88 3 138 138 59 129 22 57 4 2 48 8 120 154 104 176 121 153 143 17
118 20 1232 48 116 85 182 95 14 120 15 81 29 147 130 26 101 60 5 119 169 3 161 87 64 42 67 43 97 109 179 118 59 13 187 74 117 144 27 18 30 108 153
119 20 1172 145 88 100 138 131 20 34 99 5 134 16 68 95 111 93 115 94 160 36 147 142 160 39 120 114 98 6 6 126 162 8 61 69 70 53 80 60 61 99 143
120 20 1124 69 103 15 141 120 11 17 115 138 105 9 41 148 106 89 190 57 136 41 158 38 17 99 184 48 40 147 137 93 87 2 175 130 145 6 48 68 105 72 23
121 20 1102 129 137 60 134 15 162 129 11 31 155 121 74 37 147 26 14 36 119 48 109 114 171 93 28 83 148 145 133 17 65 88 130 57 22 24 185 32 145 93 151
122 20 1234 83 49 137 130 40 39 74 10 107 172 71 167 65 180 13 122 22 167 134 195 106 58 62 106 27 104 34 17 145 84 10 178 99 131 146 185 31 167 137 20
123 20 1339 33 83 10 193 144 150 138 57 92 97 90 192 67 141 125 99 21 13 77 57 89 167 149 199 19 65 49 20 144 90 123 174 126 48 73 174 33 169 72 137
124 20 1325 83 152 4 151 71 62 7 44 69 41 73 19 93 116 54 80 129 90 102 101 97 181 75 119 138 94 66 27 84 139 49 131 76 104 143 191 130 191 114 199
125 20 1176 140 193 149 39 10 33 100 11 77 81 5 81 6 186 91 177 150 29 101 42 62 16 23 22 112 30 21 10 7 191 116 10 148 60 97 45 25 96 31 50
126 20 1259 141 173 93 26 112 81 16 16 12 184 148 32 45 118 49 23 12 185 95 11 43 17 35 200 28 121 134 13 63 179 102 93 145 48 122 109 75 188 104 154
127 20 1150 124 58 138 184 7 193 77 100 127 66 118 179 59 54 55 163 22 155 62 72 76 55 3 131 15 77 114 72 129 113 145 98 25 149 72 19 68 98 2 4
128 20 1361 7 198 78 48 60 109 128 189 42 123 120 130 48 54 144 98 18 69 24 178 140 109 103 31 136 110 95 141 13 61 125 136 73 85 147 75 80 54 121 190
129 20 1136 136 22 115 11 65 61 83 6 24 142 116 80 74 165 111 199 17 12 105 11 2 78 13 67 116 124 94 182 104 32 90 168 7 194 4 5 97 105 48 116
130 20 936 103 48 31 194 22 73 135 152 81 181 42 23 87 59 128 8 49 81 41 33 28 96 56 22 35 173 143 53 51 142 1 188 2 103 42 157 82 25 11 110
131 20 1046 40 190 79 41 105 181 120 188 23 17 104 195 58 169 146 97 95 167 24 195 31 32 44 77 123 83 5 66 17 144 27 55 115 89 59 37 35 199 58 107
132 20 1199 38 181 61 135 141 49 77 116 36 187 8 94 99 9 85 179 4 107 57 81 113 143 97 107 63 163 104 94 144 23 7 29 119 30 68 74 114 179 64 126
133 20 1293 71 119 127 153 40 80 108 31 116 155 76 55 97 34 120 125 77 66 110 169 121 194 100 6 28 16 80 111 89 40 31 74 22 175 103 22 26 190 75 165
134 20 1160 103 25 95 143 26 21 45 181 62 14 93 22 80 149 112 177 59 119 42 36 115 171 116 199 21 155 93 7 51 104 84 105 8 32 146 36 50 47 49 67
135 20 1300 143 23 57 5 13 29 77 77 44 146 23 29 106 91 138 14 74 21 94 98 23 74 89 154 103 22 147 73 99 105 12 185 85 49 124 79 126 107 48 26
136 20 1238 150 131 80 61 57 100 67 172 36 118 77 183 94 41 6 9 116 125 97 18 113 94 1 23 114 165 150 99 149 150 2 107 131 28 22 72 27 36 59 26
137 20 1316 87 166 140 120 138 98 102 50 149 194 86 163 35 116 73 151 24 106 90 145 120 68 21 131 137 87 124 177 143 161 40 99 12 61 30 42 87 168 7 105
138 20 1181 134 75 134 127 132 29 29 147 27 157 10 103 41 170 11 3 9 37 101 152 55 75 59 99 75 124 76 77 79 54 147 59 34 79 145 74 38 165 141 100
139 20 1075 20 93 144 66 63 39 110 177 78 92 54 44 92 144 22 38 50 88 103 32 68 79 43 179 78 153 66 63 35 183 10 4 38 192 117 51 66 194 87 9
140 20 1104 43 33 126 130 89 100 93 111 101 86 38 199 38 155 72 70 122 40 36 48 103 16 21 78 29 74 78 30 4 128 27 156 85 59 63 69 75 98 137 21
141 20 1209 127 48 36 110 34 27 90 112 17 41 51 91 64 133 21 15 148 176 70 73 89 66 106 50 49 148 38 126 53 149 131 42 106 192 120 159 101 34 61 109
142 20 1396 110 16 108 99 54 92 118 10 150 24 67 26 14 128 126 56 81 192 106 195 9 146 142 4 95 157 103 195 86 19 97 184 57 112 28 167 91 156 104 34
143 20 1384 16 71 28 12 106 161 127 120 145 166 46 155 98 174 127 57 75 154 47 122 65 81 142 144 122 5 39 94 96 59 82 63 47 98 34 161 139 169 149 65
144 20 1280 80 10 110 25 98 113 125 111 4 62 34 42 139 13 90 4 5 115 150 64 62 93 124 34 70 186 146 116 58 37 52 14 101 56 68 19 66 178 18 125
145 20 1348 52 3 113 186 47 33 93 53 94 99 138 102 143 55 85 190 83 195 61 166 26 170 21 70 126 46 69 79 68 102 131 143 80 107 142 98 48 60 66 20
146 20 1160 15 41 86 53 49 140 41 33 90 75 122 187 84 1 5 119 6 119 104 198 17 147 99 59 148 114 75 95 24 142 147 65 111 31 42 11 100 116 86 120
147 20 997 4 28 9 107 135 110 57 76 107 108 13 164 97 36 118 71 143 24 55 18 25 138 12 35 139 144 29 186 25 123 22 43 71 90 47 200 113 107 26 14
148 20 1025 140 164 43 10 13 116 86 48 65 11 49 161 150 53 55 8 19 137 73 7 88 68 88 1 36 153 72 24 148 14 10 53 16 119 32 148 24 174 75 59
149 20 1256 142 156 131 158 61 92 91 98 63 192 119 23 22 137 63 6 86 116 59 14 99 127 104 103 43 130 142 72 93 60 73 156 75 50 15 171 58 10 31 172
150 20 1064 22 124 58 163 7 145 101 32 14 8 119 20 27 51 142 54 72 72 28 189 147 61 27 155 125 53 107 43 15 161 134 168 87 147 14 164 18 46 66 81
151 20 1343 134 190 49 77 134 14 31 152 72 100 22 54 96 45 69 91 50 179 99 8 115 114 64 190 6 131 132 11 81 104 69 48 122 9 116 183 136 42 82 159
152 20 1379 137 104 34 151 13 83 140 139 134 130 63 16 12 152 146 11 127 101 131 93 135 114 83 123 127 102 95 35 53 112 65 116 30 33 1 81 66 132 132 43
153 20 1068 59 97 125 197 29 104 75 161 57 42 68 105 17 100 45 16 105 134 25 54 96 28 136 98 19 116 105 184 53 48 101 54 65 151 86 9 69 37 1 138
154 20 1171 24 41 75 115 16 127 76 146 115 65 125 193 101 38 114 197 19 8 96 187 82 88 26 143 149 49 125 162 15 127 36 47 145 91 39 126 61 133 25 36
155 20 1214 33 7 68 178 110 109 52 55 72 168 4 78 24 65 121 120 42 27 98 24 1 90 116 176 82 56 150 3 84 7 25 58 78 76 132 13 135 115 91 184
156 20 1274 91 74 55 17 10 142 29 89 100 17 131 50 120 99 108 90 142 49 112 103 78 186 2 70 69 138 115 136 5 171 88 112 149 75 52 34 130 8 7 12
157 20 1273 1 179 74 36 97 3 135 43 24 103 76 39 91 44 84 32 66 14 87 48 54 194 145 139 119 69 146 61 105 167 23 3 53 104 55 127 34 34 123 168
158 20 1172 101 10 128 2 5 188 43 36 142 88 74 20 51 24 114 92 82 40 53 9 72 21 41 16 35 196 45 98 21 63 93 196 130 87 87 196 6 148 143 57
159 20 1083 34 6 26 120 41 180 12 156 42 82 30 122 123 56 145 35 63 3 127 112 73 98 92 180 56 177 53 175 72 105 20 14 113 64 100 165 122 106 10 199
160 20 1126 42 200 5 181 93 173 30 52 79 35 130 189 76 130 71 157 69 137 86 174 22 73 46 93 34 195 39 99 1 150 118 72 135 28 115 66 102 50 115 75
161 20 1294 24 170 20 31 80 176 124 128 23 53 135 76 53 194 108 102 72 113 54 97 79 84 109 181 114 7 147 141 46 29 40 23 57 185 107 142 135 107 91 83
162 20 1373 5 82 70 165 119 113 76 62 100 179 127 96 36 112 135 41 61 119 59 194 106 153 131 103 15 169 118 21 38 167 138 138 119 67 114 18 9 94 141 193
163 20 1135 89 156 31 187 35 178 54 146 86 200 57 39 127 39 21 163 104 161 128 27 2 55 70 101 95 177 32 105 87 28 65 54 6 200 74 143 140 187 116 80
164 20 1104 12 20 65 21 35 10 37 140 104 123 43 127 108 24 87 141 86 5 18 62 147 69 127 160 14 94 6 94 113 158 40 71 108 200 121 30 29 42 80 45
165 20 951 60 164 42 1 12 164 144 128 100 65 138 158 51 1 35 55 46 172 8 76 36 81 120 147 33 115 120 189 23 3 72 70 30 40 9 54 4 132 106 185
166 20 1302 21 47 115 5 145 196 97 28 67 60 68 163 104 12 77 143 123 56 1 83 80 20 128 134 66 152 35 174 58 200 132 94 15 131 139 82 64 185 93 128
167 20 1324 76 45 60 120 100 34 108 90 1 24 70 90 132 144 7 29 65 43 57 114 104 146 16 61 117 188 148 100 148 123 103 62 71 14 135 134 13 123 125 145
168 20 1337 140 54 35 192 94 3 149 90 108 51 17 186 81 146 147 15 125 96 59 142 96 36 127 184 3 174 123 97 77 175 13 78 9 24 108 41 149 192 12 94
169 20 1051 120 135 138 53 11 134 47 33 60 155 95 50 10 155 125 108 25 92 26 5 42 162 94 117 49 54 46 191 30 143 150 164 23 49 41 127 55 20 127 189
170 20 1258 130 138 52 155 24 192 124 119 138 181 52 72 36 133 8 179 146 98 62 124 109 89 46 141 116 28 20 114 9 89 96 126 134 104 120 102 48 111 103 50
171 20 1036 119 64 11 169 131 43 78 155 83 180 28 170 81 48 135 134 82 118 75 170 20 152 25 114 5 91 77 30 27 187 34 103 79 171 49 178 9 79 148 135
172 20 1008 19 22 3 117 4 133 58 177 3 22 145 63 35 38 137 149 43 110 51 70 59 135 37 83 110 164 9 73 121 31 134 52 26 132 122 85 25 20 119 40
173 20 1342 34 56 37 171 141 113 119 160 91 14 39 126 4 45 119 76 33 183 94 23 50 75 136 83 86 34 68 1 128 17 67 153 107 40 91 7 136 141 98 60
174 20 1468 135 178 92 35 147 171 92 112 90 114 96 106 102 14 105 111 53 66 150 6 51 80 83 121 107 184 144 41 128 40 48 49 66 187 126 4 10 82 11 127
175 20 815 55 42 110 43 85 112 24 37 25 143 44 50 38 35 85 39 22 15 4 186 118 108 19 189 21 177 65 153 29 42 105 124 112 27 17 190 30 24 11 20
176 20 993 22 168 136 110 50 155 48 157 139 115 97 129 93 170 80 142 93 113 30 61 4 39 28 108 63 183 133 189 65 113 10 31 18 112 49 200 23 66 61 198
177 20 1241 113 31 81 111 125 132 110 56 80 197 99 46 126 132 33 192 3 198 94 26 3 122 135 179 31 3 133 145 52 57 120 132 25 14 28 185 144 136 17 57
178 20 1091 93 49 31 139 58 156 150 188 54 83 56 120 13 104 66 151 131 141 113 149 108 69 53 1 145 4 38 82 62 66 17 154 62 173 33 91 28 18 53 79
179 20 1003 51 55 20 108 67 188 72 196 51 73 120 172 149 9 120 17 88 171 34 2 27 2 44 80 33 75 20 139 87 161 65 165 75 51 23 15 12 169 96 200
180 20 1218 42 96 138 135 73 19 10 5 56 150 73 110 22 188 105 104 21 13 18 49 57 128 133 76 125 17 126 4 27 63 94 18 82 190 46 106 149 158 126 29
181 20 1250 20 41 115 101 89 25 73 17 135 30 30 127 73 126 113 180 69 137 133 69 37 123 31 175 95 121 123 61 4 70 117 115 127 134 28 9 118 95 33 28
182 20 1144 96 2 15 151 20 51 42 179 92 89 150 154 143 83 5 65 105 36 56 78 144 103 77 179 32 122 30 88 106 139 19 183 81 9 110 12 41 155 67 125
183 20 938 79 156 49 185 45 14 78 163 12 71 12 78 47 94 11 32 62 124 130 112 70 152 57 147 79 196 23 33 71 99 56 36 62 73 66 94 66 38 98 9
184 20 1206 22 30 32 55 101 172 147 116 32 117 57 20 134 129 77 196 20 122 100 9 87 107 90 195 145 150 12 52 99 91 121 50 148 100 15 15 19 14 50 58
185 20 1193 35 89 139 173 57 171 70 14 18 19 38 108 63 84 100 21 104 137 59 61 66 153 118 101 42 179 146 59 112 79 12 83 143 121 10 20 136 10 24 47
186 20 756 4 66 4 96 5 162 25 106 30 198 7 101 126 190 79 92 117 11 74 181 19 165 55 188 3 178 119 196 41 145 40 184 3 140 38 74 145 197 12 127
187 20 1076 64 181 80 53 21 3 67 153 68 196 123 43 114 42 83 55 83 172 10 56 140 143 125 84 52 156 22 171 106 42 57 63 31 74 55 120 33 154 12 119
188 20 1186 39 101 130 145 135 164 55 92 122 55 79 108 84 161 16 171 11 56 57 89 137 18 107 141 97 100 96 43 62 44 115 184 31 165 28 26 36 134 46 181
189 20 1289 92 3 118 64 107 36 12 34 130 90 120 114 115 53 83 99 51 91 61 184 100 15 131 140 45 170 2 68 101 18 74 51 39 94 3 164 140 25 88 36
190 20 1148 125 120 106 200 24 125 98 24 22 70 39 37 48 155 78 27 11 69 97 29 60 118 84 167 118 29 7 107 66 90 134 185 48 16 99 105 140 88 32 160
191 20 1163 101 199 93 120 84 29 81 168 78 156 146 88 6 123 27 86 82 120 54 44 37 99 90 167 87 38 75 146 13 169 110 54 19 28 99 41 141 19 31 61
192 20 957 11 134 45 158 5 8 59 64 77 149 27 152 108 117 3 123 10 83 8 188 67 128 115 77 37 87 129 103 112 63 61 46 61 163 81 90 126 164 55 156
193 20 1452 66 44 124 130 107 47 43 97 111 106 40 155 144 77 21 90 72 155 146 41 125 152 125 99 96 100 55 169 131 118 57 184 82 13 90 147 74 114 106 16
194 20 1131 76 167 127 19 130 72 24 129 6 192 75 122 113 24 30 76 4 145 8 25 140 159 95 192 40 56 105 42 135 45 57 118 91 111 70 37 51 29 37 3
195 20 1188 51 41 6 61 138 28 56 121 27 22 148 105 65 198 34 92 60 83 33 166 62 116 12 15 41 84 42 51 89 157 81 14 136 76 137 50 129 51 138 181
196 20 1228 109 176 145 85 11 124 79 117 47 117 134 129 12 94 120 35 64 29 70 123 145 92 20 10 117 34 67 107 128 27 34 1 31 58 56 80 45 143 102 74
197 20 1222 104 24 150 61 35 80 86 74 124 172 34 129 57 34 92 95 71 42 43 194 22 73 148 33 141 177 77 165 71 141 54 150 77 91 123 123 18 52 1 98
198 20 1231 77 123 104 162 122 48 88 137 64 126 18 62 73 167 14 69 117 32 84 187 64 178 121 13 58 113 26 61 123 174 10 153 76 149 123 147 105 64 72 7
199 20 1396 98 15 110 6 147 147 85 186 21 84 106 124 117 141 123 94 5 153 4 85 126 71 93 57 14 91 97 158 149 50 113 75 67 162 77 80 105 114 89 185
200 20 1126 95 13 17 40 102 109 95 56 108 135 18 46 75 85 70 71 47 45 56 43 132 189 139 180 32 99 70 96 25 179 4 148 84 131 33 152 124 90 82 59
201 20 1196 78 61 16 110 142 97 64 68 69 29 51 23 119 12 65 156 16 124 29 81 26 86 121 92 143 160 74 127 108 31 107 184 86 100 52 84 100 11 30 99
202 20 1535 47 102 142 155 148 36 137 71 11 86 31 97 145 159 139 189 94 61 51 177 53 45 72 143 124 91 150 153 141 197 85 171 58 11 143 44 45 107 103 162
203 20 1165 38 127 83 91 23 72 86 141 106 132 42 154 141 139 124 100 89 22 23 86 46 166 3 52 99 43 100 165 135 110 105 111 23 53 66 142 39 136 86 98
204 20 1025 91 112 58 94 19 148 48 145 12 83 140 193 11 124 123 121 51 80 133 114 138 92 38 65 69 172 49 47 34 171 26 168 10 161 49 61 84 70 99 93
205 20 1386 121 192 80 190 4 197 15 1 126 89 8 194 99 104 121 89 60 76 133 160 11 102 76 8 146 72 8 48 115 43 119 108 132 58 136 133 135 164 88 194
206 20 1137 125 119 89 109 37 118 113 15 22 71 40 194 112 37 16 106 53 123 96 98 104 188 84 9 41 178 134 11 104 181 4 24 119 184 85 163 17 35 27 39
207 20 1474 109 136 92 27 150 73 109 180 135 167 89 66 14 150 99 81 125 51 138 16 102 173 20 171 102 112 5 22 123 25 138 146 17 150 120 31 42 187 114 10
208 20 895 7 137 66 122 75 112 6 130 146 57 66 110 43 90 96 13 4 196 119 43 101 193 4 81 106 37 13 166 76 54 29 123 7 36 34 160 55 90 66 52
209 20 1404 122 24 117 40 105 179 135 92 83 111 13 186 102 7 5 116 138 144 119 28 147 40 105 100 56 26 66 186 147 139 69 123 60 48 65 188 75 21 26 56
210 20 1033 52 69 82 128 88 6 62 3 123 108 1 35 54 162 1 171 64 175 98 49 143 100 105 166 17 135 97 151 39 118 68 24 3 1 42 175 45 2 108 133
211 20 1297 128 192 140 158 4 9 129 138 9 113 35 10 69 4 139 126 142 128 84 49 119 181 126 54 32 143 114 198 66 199 16 137 86 86 135 42 10 2 39 56
212 20 1086 46 119 44 196 52 111 27 170 39 184 15 199 148 134 10 131 134 121 83 39 149 122 110 16 143 40 58 169 126 137 3 49 70 9 63 25 22 1 16 66
213 20 1191 101 174 18 36 38 76 10 178 129 126 50 69 16 87 134 61 104 77 143 98 77 102 97 195 102 62 54 187 53 143 147 14 37 197 15 133 103 185 61 35
214 20 1211 51 186 72 122 86 183 94 67 80 49 135 148 33 181 13 81 90 136 93 56 121 64 51 6 100 57 98 104 35 70 89 80 46 88 41 156 126 49 60 92
215 20 788 21 194 49 133 54 47 78 32 56 35 5 182 76 44 29 19 5 3 103 163 18 118 61 18 25 192 33 154 32 123 58 96 147 182 59 64 23 156 54 96
216 20 939 15 126 62 155 94 88 23 176 6 44 57 86 16 74 144 73 112 199 87 38 48 53 11 90 10 22 135 38 126 63 2 170 82 156 87 43 27 150 30 167
217 20 1030 136 83 51 101 113 89 112 138 84 175 86 157 56 64 137 91 31 172 41 51 2 143 3 123 75 178 1 21 18 118 93 1 62 113 41 150 140 184 6 96
218 20 1376 38 58 44 127 1 158 17 93 99 123 79 124 121 154 104 51 122 23 145 36 136 86 58 143 80 97 93 105 95 88 123 24 80 84 84 44 125 120 76 166
219 20 1117 40 150 9 92 74 71 11 87 122 9 101 182 22 56 121 93 77 6 103 104 107 34 89 46 66 66 98 19 31 164 20 105 130 35 78 13 33 146 65 30
220 20 1216 43 164 26 67 62 187 67 108 93 98 119 119 91 192 36 148 109 104 57 145 148 191 55 154 97 61 40 117 78 80 114 88 107 137 1 136 78 13 99 197
221 20 972 9 28 73 184 54 91 149 52 64 129 20 159 83 65 50 137 24 3 61 199 7 164 87 14 150 50 4 70 35 183 30 155 143 181 48 181 103 103 22 38
222 20 1230 77 146 1 125 113 183 97 65 148 110 106 53 124 181 77 11 101 36 43 40 68 135 96 101 77 43 71 87 5 154 12 123 144 153 56 129 1 80 121 197
223 20 1097 49 155 104 141 45 96 67 184 61 192 21 145 113 163 31 149 73 148 63 115 122 166 18 101 3 152 2 153 150 173 76 64 147 56 38 189 126 135 63 122
224 20 1523 139 177 145 90 107 20 122 48 51 149 131 145 101 167 69 137 125 115 54 41 127 153 132 101 44 31 78 116 114 73 59 115 31 15 82 12 92 197 101 6
225 20 936 10 137 97 85 85 195 100 159 1 70 25 167 64 83 7 169 112 126 65 124 10 107 22 23 27 25 90 103 93 63 41 171 105 132 31 18 90 161 95 169
226 20 1194 90 182 52 55 128 2 29 72 52 34 45 7 150 144 73 99 13 30 7 159 1 86 87 82 117 9 5 105 99 50 125 44 79 115 148 200 79 43 114 46
227 20 1199 61 126 145 30 79 174 35 28 79 132 93 42 121 118 90 157 121 18 148 137 30 122 33 164 60 130 52 72 76 37 75 76 24 39 91 119 72 113 14 31
228 20 866 34 99 32 23 12 65 5 177 26 175 130 180 26 107 10 166 119 175 53 77 74 27 2 64 113 110 12 200 126 42 18 46 89 56 64 181 75 52 63 110
229 20 1417 50 52 6 76 31 74 135 195 135 94 132 105 126 15 59 73 70 121 97 34 63 55 144 127 52 114 50 160 148 90 93 98 148 37 24 73 77 158 132 149
230 20 1224 110 63 112 3 125 189 59 74 43 109 16 87 21 99 29 159 69 161 119 107 37 94 144 111 150 28 138 151 84 176 14 64 36 171 74 64 75 139 76 108
231 20 1176 79 126 10 153 7 125 100 6 107 128 99 40 49 94 130 77 26 182 96 79 62 65 44 73 137 125 85 113 130 108 23 129 36 141 41 180 68 104 141 42
232 20 1132 37 52 54 160 40 173 38 111 115 199 58 161 146 174 137 159 137 5 16 3 30 152 105 185 59 141 113 30 7 45 103 1 92 54 52 138 13 200 63 150
233 20 1138 6 106 1 83 17 12 29 51 71 104 65 83 57 21 47 199 123 20 133 19 111 153 35 122 35 7 60 186 144 121 127 40 74 133 113 193 60 158 115 5
234 20 1178 94 74 85 165 112 76 30 164 90 102 19 2 115 172 30 76 34 168 145 164 20 116 75 122 107 110 80 48 101 143 97 84 20 40 93 109 102 84 24 72
235 20 1216 129 41 66 45 85 101 59 104 144 61 74 163 96 9 39 57 109 129 15 177 37 107 58 134 131 141 94 195 106 85 45 88 43 113 5 138 39 47 146 185
236 20 1337 78 126 125 105 14 145 144 119 86 157 13 103 134 160 9 15 11 139 115 5 138 48 126 81 106 11 84 17 1 106 123 56 24 170 141 123 66 51 134 124
237 20 1220 109 3 140 130 116 39 79 24 92 86 134 119 120 127 101 9 12 13 23 68 123 70 48 3 75 123 35 198 69 175 10 196 70 41 42 128 44 181 83 5
238 20 1323 107 157 9 166 101 119 141 142 78 33 119 46 57 42 140 8 110 131 97 89 48 87 34 97 40 161 73 9 84 105 19 6 56 156 116 23 102 199 123 39
239 20 1233 77 119 100 77 120 151 60 61 37 74 125 92 71 118 5 61 3 104 20 114 124 1 123 168 3 188 141 74 74 152 127 79 51 97 142 179 89 13 50 26
240 20 1180 98 102 2 161 58 172 126 60 118 44 44 73 46 101 120 20 90 197 70 85 50 156 2 30 134 43 94 83 44 14 16 129 16 150 95 164 150 197 102 90
241 20 1544 91 34 70 48 87 180 108 44 15 68 30 26 136 199 93 76 111 144 97 45 132 7 88 83 75 66 137 52 85 59 127 43 144 40 102 144 86 36 116 153
242 20 1084 130 10 47 79 26 65 10 50 81 137 3 49 112 59 22 106 141 56 35 38 24 112 79 133 60 136 98 156 101 117 59 95 67 157 112 151 108 13 40 156
243 20 1058 130 4 43 60 143 78 7 15 66 155 86 63 5 99 71 140 45 31 110 58 150 131 57 1 29 174 87 151 92 9 3 44 83 89 1 134 96 123 19 147
244 20 986 91 183 12 199 49 150 62 107 6 38 27 182 122 75 77 157 12 94 146 68 87 122 1 34 11 140 20 10 43 47 131 69 44 57 80 131 63 107 149 39
245 20 1181 109 67 111 192 20 197 1 95 53 64 133 118 104 48 81 158 102 187 33 83 128 5 85 138 77 104 28 195 2 100 124 56 50 73 119 139 107 97 10 102
246 20 1220 64 158 96 131 76 114 117 162 86 190 39 162 6 61 148 44 71 195 124 15 106 65 35 154 127 16 67 40 1 88 63 59 6 62 123 61 116 191 54 170
247 20 1406 1 79 144 196 95 58 96 1 76 71 132 105 115 122 49 146 133 57 150 100 125 199 7 6 86 111 128 182 30 4 76 78 97 163 84 166 58 111 76 75
248 20 1441 93 90 64 92 115 149 106 129 117 127 140 136 143 21 116 2 63 71 82 56 47 61 60 25 33 117 115 132 106 107 83 195 36 125 112 69 65 189 106 117
249 20 907 23 190 85 103 21 170 54 147 48 193 9 113 45 101 106 185 42 72 3 87 125 16 120 196 50 67 27 20 42 9 62 67 2 91 57 171 71 174 142 131
250 20 1071 54 37 31 189 32 145 30 92 109 114 89 133 142 132 7 191 25 116 17 108 18 194 132 95 52 96 33 96 61 75 109 176 111 52 124 94 116 4 47 69
251 20 1062 127 180 11 113 47 193 148 68 37 55 88 46 41 161 37 118 147 19 37 174 20 17 72 130 124 141 16 162 33 183 68 88 8 193 111 132 132 58 24 49
252 20 1336 60 174 8 133 107 39 147 54 145 131 112 48 53 89 140 18 46 78 107 195 17 165 105 3 7 66 126 82 30 56 97 167 137 25 57 134 29 164 141 185
253 20 1173 70 171 24 115 33 56 65 145 90 104 61 122 105 85 11 185 116 8 101 136 51 68 136 29 101 131 33 65 87 32 47 102 11 179 77 163 117 93 131 168
254 20 1324 108 6 72 87 106 19 104 106 116 174 15 173 116 135 11 28 134 181 77 111 84 185 30 132 89 80 51 69 97 21 89 169 85 162 123 154 145 14 3 164
255 20 1172 116 95 34 181 49 25 91 30 1 37 124 167 25 155 113 178 12 88 110 70 52 153 145 198 105 109 20 91 109 87 50 61 100 149 131 155 77 157 2 64
256 20 1516 83 180 88 163 147 65 47 126 117 89 122 45 97 77 62 34 76 84 86 103 84 83 135 11 6 141 145 130 127 70 149 62 80 13 51 169 102 86 92 49
257 20 1288 26 153 109 18 148 87 111 176 96 74 139 58 57 60 63 71 69 194 61 21 122 14 86 42 98 56 5 98 149 43 1 121 19 198 52 88 138 49 62 81
258 20 958 56 68 35 52 130 72 68 160 24 20 19 133 99 90 76 35 13 29 39 150 100 91 72 123 70 117 2 17 98 136 52 109 57 23 6 19 78 93 104 70
259 20 943 54 97 7 191 27 45 14 192 40 111 135 92 4 38 2 91 125 81 124 27 130 103 39 136 41 72 33 17 6 142 135 150 69 153 108 48 81 87 5 149
260 20 1368 145 94 93 57 23 138 51 46 33 108 31 109 149 184 118 55 101 156 114 105 143 139 112 135 16 79 102 53 118 123 49 119 74 158 20 103 133 85 85 153
261 20 1133 44 126 141 139 74 152 78 33 8 40 89 196 93 66 76 124 126 131 29 105 16 21 111 162 55 79 99 74 97 88 72 178 50 126 37 99 4 26 118 49
262 20 1244 102 9 138 22 6 35 115 169 51 6 19 103 116 181 10 5 29 156 80 39 128 148 84 51 122 130 29 5 44 124 12 59 146 183 145 19 34 174 146 52
263 20 1255 101 183 114 39 111 106 60 79 43 27 90 193 118 50 104 94 14 196 147 52 111 79 23 99 131 70 17 99 100 26 99 58 45 180 105 118 28 193 8 164
264 20 1056 78 95 52 22 99 25 34 155 87 115 47 83 12 50 12 123 106 35 141 103 56 23 125 39 19 75 20 199 48 80 52 100 140 40 40 99 133 11 19 34
265 20 1323 75 140 61 154 137 169 113 42 129 167 35 17 147 132 62 166 13 12 83 112 111 173 118 139 101 183 125 48 87 20 54 174 88 106 33 115 73 134 9 165
266 20 1244 6 133 34 169 40 24 17 143 66 136 83 187 135 155 146 127 68 8 86 16 53 179 118 53 11 48 123 143 89 134 105 164 91 136 23 41 122 187 139 186
267 20 962 47 42 90 74 115 110 71 197 33 48 81 157 64 175 62 196 8 43 109 70 100 33 44 108 20 174 47 67 134 109 26 36 21 187 62 134 65 113 4 17
268 20 1592 41 44 92 72 75 72 130 200 116 128 85 152 150 130 85 52 95 56 104 160 121 182 96 93 93 65 86 97 8 161 115 73 101 133 142 179 116 164 139 134
269 20 1104 2 34 106 28 8 21 8 117 86 72 125 69 75 110 12 124 68 83 63 155 111 179 102 168 106 17 49 69 95 146 81 5 34 148 87 48 35 79 128 70
270 20 1413 109 72 11 107 44 168 134 127 31 62 131 147 107 142 137 43 54 63 130 153 82 176 60 123 16 38 84 51 121 44 112 63 146 188 50 114 82 8 126 179
271 20 1277 29 138 71 159 104 118 12 138 140 149 123 122 74 131 90 43 8 112 84 126 79 54 145 146 119 134 131 35 48 198 32 115 55 129 55 144 118 195 80 49
272 20 1348 103 72 53 21 11 132 69 50 42 161 52 198 29 178 128 164 101 147 132 156 143 171 90 161 46 79 25 135 125 49 120 1 77 48 62 26 133 167 144 54
273 20 1412 140 93 88 2 29 96 146 189 120 55 81 172 45 11 116 14 15 197 46 155 97 23 65 106 127 176 133 14 92 174 110 46 72 90 122 50 6 145 116 112
274 20 1325 119 54 120 144 78 131 104 117 63 21 76 131 53 110 101 175 97 103 103 165 129 5 4 54 87 73 87 198 95 173 61 138 26 69 124 76 38 77 92 3
275 20 1144 106 107 149 103 24 105 20 119 23 183 74 176 79 101 82 199 9 133 114 109 48 79 142 128 139 43 71 134 66 167 105 100 22 44 50 21 73 200 34 142
276 20 1156 5 196 47 31 12 26 85 151 10 145 105 25 72 53 98 89 30 188 138 79 32 142 16 52 96 110 68 154 39 135 120 128 101 125 115 116 111 115 145 182
277 20 1299 75 14 72 149 73 83 137 185 127 139 107 12 134 167 63 130 145 184 91 28 73 192 16 169 57 134 22 63 64 54 77 52 98 170 121 34 67 153 5 33
278 20 937 112 46 65 67 15 168 125 68 69 178 23 48 102 93 16 174 106 170 132 25 17 83 8 43 11 84 138 36 97 119 22 108 22 109 25 167 57 141 10 10
279 20 1108 30 90 66 127 49 166 31 65 21 92 70 168 23 151 61 113 133 51 86 76 38 161 16 158 70 53 28 33 150 138 145 159 96 97 135 155 68 191 69 134
280 20 1012 47 91 51 191 115 38 105 19 45 160 30 37 5 26 13 100 75 193 147 20 18 181 44 15 137 169 101 164 20 192 38 91 49 165 140 46 82 164 3 22
281 20 1168 23 40 23 114 98 29 49 43 81 177 111 160 144 89 80 52 133 195 79 50 17 63 60 61 30 165 145 66 25 54 100 184 127 158 52 6 4 26 80 153
282 20 1222 93 152 123 21 36 98 79 89 55 47 59 179 137 106 15 69 95 195 20 137 110 34 125 1 121 36 145 154 77 86 34 32 52 2 64 157 82 73 6 97
283 20 1308 11 71 15 68 120 73 85 115 44 2 36 121 146 117 149 110 140 113 148 153 36 97 139 164 111 181 24 69 32 29 147 76 39 76 110 113 101 25 3 98
284 20 1148 150 78 17 76 84 190 99 103 130 105 2 4 47 19 4 17 114 134 141 165 8 166 114 128 25 94 39 199 81 146 17 36 25 151 47 170 147 22 144 143
285 20 999 119 121 40 134 114 159 30 30 96 182 62 159 24 2 104 131 79 131 61 182 24 75 90 170 6 143 22 153 89 42 100 185 55 4 95 14 32 179 7 120
286 20 688 11 17 9 146 78 65 18 66 44 146 4 5 28 61 14 5 5 144 14 181 11 179 103 150 5 186 39 21 64 192 59 101 88 127 140 166 78 163 49 116
287 20 1092 114 185 50 83 144 196 64 99 103 50 71 90 16 200 63 105 2 179 31 175 130 123 146 58 45 119 82 157 57 170 39 74 25 153 6 97 64 140 113 189
288 20 1160 19 36 87 60 36 87 79 8 78 136 102 174 97 74 124 102 121 125 150 189 126 148 14 165 143 97 19 82 20 92 101 12 69 76 39 114 4 31 22 37
289 20 1032 5 145 78 129 88 31 76 62 26 116 90 1 122 141 93 115 28 57 119 46 2 9 41 45 17 200 144 20 64 53 38 185 124 146 44 6 22 133 70 86
290 20 1375 31 130 116 94 12 183 115 119 63 195 44 94 123 165 72 172 49 130 88 174 59 114 129 163 135 24 43 117 130 32 97 19 111 97 52 102 145 63 105 189
291 20 1157 47 24 57 94 96 89 76 151 120 123 41 57 55 177 62 4 9 188 55 5 28 65 33 11 104 57 120 97 14 77 137 173 108 150 76 42 64 15 145 78
292 20 963 108 44 99 34 30 148 61 110 31 62 24 96 30 138 36 46 126 139 138 167 26 119 117 174 10 90 6 50 82 1 81 41 5 96 62 127 40 45 92 97
293 20 1302 117 72 20 199 103 100 86 188 72 71 13 92 124 178 62 54 67 39 122 34 53 148 145 97 136 112 29 111 91 159 112 132 102 63 61 65 95 100 18 193
294 20 1086 93 29 20 32 19 70 141 18 30 194 42 1 7 162 7 196 47 74 1 28 134 60 108 87 98 109 114 198 69 163 76 165 71 196 124 157 67 85 90 5
295 20 1258 38 115 73 176 62 152 26 35 41 133 127 31 61 155 43 147 132 169 72 102 116 101 148 67 38 52 53 158 102 146 136 110 71 37 67 77 69 27 98 189
296 20 1484 128 170 40 16 110 151 92 19 78 174 133 85 12 146 138 117 141 192 108 48 10 66 16 157 124 51 138 90 127 68 28 158 89 168 115 73 89 87 139 181
297 20 1126 115 78 37 38 71 186 4 22 90 26 30 169 85 82 56 187 145 117 33 90 41 47 145 41 80 108 83 159 121 10 102 191 10 129 50 86 77 163 33 128
298 20 939 120 56 2 143 39 199 12 138 110 191 26 153 56 114 56 166 119 189 115 194 72 87 24 122 5 198 4 16 101 8 22 4 81 147 56 8 58 76 96 159
299 20 1289 72 151 121 68 103 148 85 35 62 173 64 98 14 35 47 14 55 118 129 19 91 129 131 6 134 176 65 8 58 137 93 20 114 200 108 197 41 185 25 1
300 20 997 46 158 24 55 58 26 30 23 22 27 37 127 47 79 76 67 53 99 115 182 13 61 127 185 24 154 89 118 11 31 74 177 80 119 122 179 142 142 57 63
