1 20 1077 22 1 26 316 122 27 90 584 17 181 33 207 88 84 91 170 10 398 129 320 41 631 143 432 147 396 5 62 5 543 82 360 99 329 110 140 73 427 14 281
2 20 991 14 560 106 354 45 483 5 460 141 364 50 91 5 597 101 119 86 384 53 133 91 685 96 553 25 656 9 583 125 49 53 206 99 519 25 614 80 164 30 472
3 20 1301 45 598 83 661 95 668 144 150 89 604 81 583 30 151 143 299 89 47 52 50 41 455 96 496 106 174 13 674 72 425 112 318 118 526 104 215 107 569 7 314
4 20 1090 23 97 82 485 117 326 131 506 81 233 30 434 53 633 48 123 116 76 50 96 71 400 46 478 123 518 16 665 100 33 49 687 57 557 33 70 97 274 40 653
5 20 1134 47 650 139 361 66 471 96 661 145 146 31 403 121 539 117 512 11 588 35 432 73 72 117 541 21 621 116 634 15 607 96 287 83 129 39 289 25 440 25 528
6 20 1143 58 621 119 558 91 45 15 334 29 633 84 549 96 485 72 610 60 538 20 514 116 411 10 269 143 186 19 446 69 185 120 198 66 473 7 623 97 370 138 163
7 20 1292 97 614 49 40 99 120 87 404 122 460 37 240 18 419 76 604 147 526 97 597 88 216 105 578 71 263 65 239 43 595 26 405 140 136 149 493 40 362 60 352
8 20 1287 147 320 149 130 137 613 83 296 28 163 34 210 70 156 66 661 33 544 62 172 142 52 137 223 100 642 129 116 12 211 58 491 15 128 107 358 43 578 57 442
9 20 1123 127 322 139 248 2 47 121 73 84 233 55 374 34 314 95 110 45 370 31 687 44 315 119 59 19 549 25 343 121 576 11 336 8 567 124 281 71 318 129 592
10 20 1196 149 498 61 569 93 311 39 166 55 208 61 170 140 623 142 469 75 219 26 44 34 269 23 84 77 565 131 228 75 296 119 308 106 561 58 503 14 192 18 310
11 20 1159 45 401 17 184 91 281 36 616 57 658 58 673 94 323 75 30 99 5 140 170 41 231 53 474 137 207 39 696 51 222 15 3 142 397 97 224 140 119 22 199
12 20 1312 138 596 9 202 123 65 9 24 38 683 47 275 90 11 42 134 112 561 135 700 49 4 119 301 135 265 39 147 95 69 145 250 99 5 50 300 117 221 49 687
13 20 1325 1 145 140 376 74 50 23 373 106 547 126 390 53 47 145 422 18 541 84 106 95 627 132 331 58 195 126 331 76 155 49 536 110 136 22 452 130 681 89 618
14 20 1336 89 314 23 619 98 633 71 211 144 263 150 417 96 337 99 58 101 537 89 115 144 132 35 174 79 121 75 673 71 107 63 116 66 84 76 416 44 147 58 639
15 20 1329 64 538 18 571 55 546 139 488 95 628 120 118 135 36 128 552 63 285 15 263 105 307 135 507 59 105 111 579 81 614 25 671 18 633 120 2 113 558 63 606
16 20 1085 12 641 48 167 107 39 62 658 141 588 90 28 30 234 123 222 104 607 2 602 1 264 35 208 45 113 117 140 136 551 26 139 99 315 118 648 25 276 36 288
17 20 1224 62 208 9 553 62 291 144 135 85 12 120 685 42 528 22 95 65 191 94 609 119 637 77 326 113 209 111 251 82 677 53 429 5 322 130 221 130 403 6 93
18 20 1280 140 281 129 610 104 323 134 432 31 128 68 14 108 369 95 346 102 316 14 434 79 288 41 647 80 83 116 169 5 507 16 367 29 545 86 30 147 397 77 636
19 20 1149 22 435 22 353 55 359 140 222 12 415 27 90 113 249 43 151 79 94 6 608 71 594 100 648 123 320 111 583 137 99 118 486 76 183 35 224 69 215 78 618
20 20 912 6 369 137 255 35 45 114 399 142 569 108 165 40 306 20 466 56 634 35 390 9 267 1 330 7 613 57 255 76 325 91 300 28 540 76 187 3 112 99 615
21 20 1172 10 173 18 587 146 183 63 608 123 663 86 629 92 86 19 325 37 378 73 232 9 472 47 116 42 399 150 481 36 110 131 520 149 459 143 420 12 457 80 485
22 20 1384 65 346 111 50 127 181 108 641 122 617 56 206 146 160 145 371 135 417 70 57 52 457 104 56 102 39 96 2 49 302 83 17 39 363 114 251 3 542 3 573
23 20 1121 86 496 96 677 1 457 146 174 18 188 92 66 113 694 13 257 86 694 57 658 98 348 2 361 15 630 44 515 69 648 12 23 93 339 142 197 111 609 108 343
24 20 1219 4 286 109 411 45 286 87 625 116 94 80 220 107 686 20 544 17 441 94 270 95 652 102 519 21 328 132 635 79 86 75 228 116 91 123 683 81 346 21 284
25 20 1256 6 70 113 218 119 83 129 166 59 372 48 647 125 527 103 386 64 653 45 117 145 278 56 141 150 10 58 588 68 230 72 393 82 678 81 386 44 98 3 378
26 20 1138 119 169 149 94 46 314 130 680 18 586 13 326 97 235 13 574 77 636 59 654 24 699 125 549 119 619 147 316 55 259 14 605 115 86 67 273 3 559 33 26
27 20 1087 115 610 25 179 24 653 69 17 81 350 101 529 3 276 44 445 58 504 69 244 60 149 129 9 115 688 62 320 135 694 87 332 27 549 108 647 22 637 25 460
28 20 1064 10 594 51 622 102 152 63 205 24 347 30 353 119 504 49 210 99 446 14 630 13 245 52 284 66 301 13 494 128 91 102 666 9 37 138 327 111 139 137 339
29 20 1308 142 371 131 55 140 458 46 642 135 78 126 269 61 587 128 466 69 98 77 585 138 676 19 249 26 364 1 471 87 71 34 515 46 605 13 670 80 97 137 493
30 20 1212 52 110 34 337 64 53 23 300 68 645 20 352 51 540 83 250 79 423 87 209 81 487 48 494 94 664 149 273 140 75 129 321 110 190 76 341 73 356 55 551
31 20 1255 147 82 102 450 28 515 121 350 84 409 58 252 71 447 72 678 45 296 90 526 29 15 105 234 142 430 18 695 59 588 22 192 129 158 17 81 109 77 121 452
32 20 1135 56 696 66 473 78 393 114 424 5 1 24 415 6 389 119 579 99 486 52 226 87 418 150 537 1 267 139 526 88 546 34 37 61 8 96 108 106 644 38 548
33 20 1056 135 377 33 171 95 644 88 343 4 451 98 131 137 86 27 528 65 32 46 384 147 469 15 359 15 685 60 118 14 587 41 549 38 184 30 532 110 494 122 524
34 20 1068 28 126 39 260 73 678 59 695 150 326 48 615 89 391 34 77 23 132 6 477 135 362 8 247 109 635 52 380 103 331 108 595 72 332 78 58 30 530 91 664
35 20 867 48 37 116 616 48 276 12 357 81 556 2 322 56 419 55 467 52 584 64 88 39 692 85 507 70 126 120 497 13 146 37 685 102 38 28 373 37 447 19 276
36 20 1320 124 255 86 28 82 3 68 451 39 409 46 173 120 46 114 499 84 228 102 554 147 678 25 643 138 102 54 327 32 146 42 516 147 15 57 469 87 663 57 258
37 20 1006 28 313 12 138 70 445 142 576 33 493 45 93 79 440 97 519 56 168 16 179 83 516 3 423 99 38 74 171 58 161 132 461 106 346 26 524 28 634 71 662
38 20 1533 127 397 80 616 91 13 46 119 136 697 120 114 63 72 2 249 146 122 147 671 93 109 145 492 74 568 56 49 141 11 95 524 83 163 81 569 64 38 127 449
39 20 1010 62 561 49 438 145 245 7 103 42 672 109 442 41 450 137 299 82 667 55 26 9 288 117 366 60 211 44 179 18 494 27 258 131 24 7 345 31 110 90 595
40 20 1188 131 616 70 484 55 159 141 275 63 643 77 379 75 553 126 27 28 463 60 341 111 60 30 289 51 619 53 193 140 642 1 387 73 230 8 447 109 16 83 566
41 20 1222 61 387 68 149 20 135 8 182 49 473 27 399 78 431 138 688 133 262 23 442 104 152 121 305 148 98 120 265 66 447 21 348 107 234 94 442 110 98 32 503
42 20 1312 148 320 121 40 121 505 100 178 98 161 38 290 2 390 60 217 3 186 93 616 143 570 31 446 103 213 16 620 147 262 58 392 103 151 31 161 86 423 139 382
43 20 1382 65 108 142 522 150 324 145 543 3 258 130 285 8 344 113 265 88 577 2 268 109 32 71 23 18 283 75 407 137 521 72 314 112 148 53 356 141 240 94 125
44 20 1582 56 569 136 394 142 220 127 152 105 540 106 23 135 276 114 432 129 58 81 343 90 463 20 141 60 126 126 287 58 329 147 44 115 106 11 502 81 177 139 316
45 20 1152 50 645 141 150 4 560 39 99 150 493 116 613 125 111 55 139 7 604 25 301 50 325 91 425 1 596 121 650 90 454 8 35 64 619 115 133 128 298 61 257
46 20 1083 41 5 98 32 52 49 88 577 91 456 48 361 51 203 49 443 123 7 68 278 72 558 81 172 89 422 56 197 39 196 60 629 19 16 57 554 76 427 96 304
47 20 1436 136 108 56 68 119 499 40 545 124 28 49 310 93 237 49 70 146 294 124 464 56 46 83 431 106 509 136 85 112 578 58 188 130 323 10 675 127 4 42 395
48 20 1045 76 358 15 649 112 224 7 66 149 306 32 446 17 627 87 189 8 431 24 405 105 681 30 588 84 151 127 134 110 7 52 466 95 112 23 692 98 532 56 90
49 20 1013 44 491 28 75 33 591 100 536 15 671 52 379 2 332 131 355 135 418 79 131 55 546 13 57 69 225 94 97 68 125 1 361 27 501 138 443 46 390 137 370
50 20 944 28 332 107 50 108 325 33 374 65 36 103 313 121 374 98 385 2 381 25 354 62 465 61 498 9 8 22 199 130 300 112 616 38 41 19 595 12 243 25 488
51 20 1353 59 623 121 689 81 52 144 454 98 472 30 23 130 567 45 148 149 152 98 411 54 534 122 211 15 180 60 515 141 521 145 517 141 84 39 425 6 588 14 497
52 20 1196 104 495 91 438 11 470 63 562 52 285 105 667 85 332 125 567 74 163 51 591 37 290 73 597 97 205 12 564 120 158 140 140 16 140 96 252 84 513 60 239
53 20 1162 27 324 100 468 124 591 42 309 101 467 65 410 87 181 1 653 148 622 50 589 123 396 116 24 85 603 55 86 83 581 2 319 54 406 58 396 113 408 19 379
54 20 1201 132 392 141 498 126 570 2 142 22 382 48 543 88 282 48 298 58 569 3 700 102 488 22 144 86 113 107 219 116 615 109 192 112 470 103 326 23 353 54 570
55 20 1207 32 523 59 494 120 83 1 600 82 363 114 345 142 335 44 105 20 418 108 487 53 40 134 89 6 473 61 62 110 382 142 370 21 124 84 361 93 274 83 666
56 20 1232 130 175 86 14 55 237 57 296 50 437 129 418 105 482 19 34 120 218 23 503 28 236 133 44 146 176 133 65 24 433 22 74 45 173 77 689 128 271 31 3
57 20 995 14 79 10 220 27 457 61 602 50 213 94 278 112 123 26 309 132 109 77 200 51 1 100 469 72 354 67 667 23 238 76 194 73 271 75 252 23 253 81 601
58 20 1146 33 697 59 580 80 519 74 252 138 14 67 568 6 591 115 454 57 497 105 410 108 400 33 209 57 2 24 555 55 399 128 497 129 265 28 644 55 196 82 682
59 20 1134 27 453 67 634 141 656 75 96 13 155 69 301 52 86 19 223 150 436 108 293 92 204 95 469 75 622 38 526 87 595 25 227 71 472 135 345 16 85 63 632
60 20 1136 150 694 45 365 4 175 54 162 52 172 70 167 78 542 127 211 99 335 55 632 129 423 33 535 120 302 11 575 47 626 31 110 73 99 66 675 65 150 112 490
61 20 1236 71 329 37 129 47 409 134 51 90 5 66 446 46 455 82 622 61 235 108 175 136 447 36 225 139 688 64 202 81 28 46 451 114 194 1 62 38 579 148 516
62 20 973 24 301 9 125 147 528 104 538 57 498 72 299 124 601 40 278 111 450 98 262 40 400 129 114 53 662 60 162 13 546 5 652 53 623 5 85 19 85 54 242
63 20 1300 44 693 121 163 67 698 137 167 81 508 107 450 3 54 100 76 7 671 25 127 79 162 132 411 100 596 43 696 147 161 130 533 98 180 123 296 27 155 55 172
64 20 1136 20 311 2 398 84 333 40 294 73 453 91 82 85 360 141 193 5 624 95 406 116 14 41 341 112 274 64 486 50 634 99 541 98 267 83 128 93 515 28 101
65 20 1003 102 355 139 632 47 478 54 324 59 669 19 321 90 140 82 252 132 546 34 330 67 625 81 649 89 486 2 383 33 110 72 404 82 236 28 202 19 52 23 414
66 20 1191 16 252 114 86 125 218 35 352 15 233 66 150 24 214 68 567 128 480 126 158 128 341 124 86 15 286 65 36 118 463 95 193 64 433 6 473 21 642 136 104
67 20 1371 110 59 123 660 119 449 123 650 11 302 22 194 133 21 57 67 19 414 35 474 28 654 121 267 146 643 111 115 56 441 120 444 69 640 95 7 113 541 103 46
68 20 1154 98 536 68 577 102 416 27 186 129 70 21 530 74 660 149 262 22 281 75 246 15 585 93 59 71 696 121 630 72 247 50 274 109 505 24 496 9 662 114 582
69 20 1024 76 163 16 561 12 92 146 305 45 298 90 235 130 183 31 672 73 126 41 333 53 635 73 41 94 287 145 116 48 69 122 570 23 434 16 559 45 559 2 529
70 20 1274 150 44 130 94 45 612 14 309 40 149 96 698 137 665 10 41 16 578 132 62 128 357 143 645 147 58 11 630 48 533 56 523 18 32 100 391 144 571 28 187
71 20 1020 39 624 94 466 30 390 43 378 79 445 1 503 22 341 52 623 9 534 53 230 62 276 123 166 104 94 97 33 59 654 51 75 35 176 105 467 130 237 88 263
72 20 1361 53 403 64 685 121 35 112 351 146 673 125 492 62 376 30 359 48 95 9 196 35 197 112 5 146 421 119 667 116 297 45 194 108 469 128 584 99 620 24 266
73 20 1367 143 469 88 103 44 114 77 634 43 446 12 95 68 27 116 660 131 454 116 675 129 351 68 340 83 418 55 13 81 540 147 73 147 659 89 470 12 461 60 170
74 20 1129 33 570 145 329 28 169 59 22 42 104 11 28 43 147 18 383 107 111 90 675 130 449 76 170 1 284 73 92 147 528 104 600 36 165 118 567 119 147 32 237
75 20 999 2 378 32 207 68 613 78 653 15 623 56 434 141 294 21 659 106 633 6 418 29 496 95 639 27 267 61 101 117 552 24 94 124 207 93 560 81 376 73 89
76 20 1291 20 398 74 634 50 495 60 127 10 245 85 633 93 87 105 130 93 201 24 663 98 489 150 472 95 566 91 405 114 336 134 68 55 485 109 651 69 567 85 415
77 20 1592 63 56 95 313 54 398 133 446 117 286 118 429 122 396 104 87 136 146 77 570 137 286 120 92 136 382 106 173 78 396 65 11 76 243 108 668 79 16 67 624
78 20 797 18 515 51 547 146 338 42 385 54 497 79 209 45 115 7 653 58 657 76 566 116 679 1 390 100 115 16 487 23 532 65 550 34 31 22 268 32 309 12 453
79 20 1100 133 508 3 279 61 571 84 382 47 617 61 69 39 326 85 334 93 546 21 321 59 163 47 320 91 457 60 162 105 301 18 138 92 297 84 190 69 391 124 107
80 20 1151 53 669 1 436 144 316 12 58 132 181 88 47 136 281 102 399 121 323 20 553 43 211 61 67 21 666 4 58 98 134 78 484 136 606 116 506 49 222 24 79
81 20 1226 5 322 105 611 110 152 52 343 62 451 35 194 100 479 71 445 103 498 112 121 50 297 99 176 73 268 53 669 37 195 144 200 71 223 119 448 11 277 121 332
82 20 1308 104 174 1 420 114 87 118 354 47 431 35 665 110 373 56 84 101 427 29 685 146 606 7 588 86 633 149 487 43 541 120 560 137 218 22 328 100 90 111 446
83 20 970 22 557 114 511 17 124 119 61 150 57 17 184 7 215 54 580 41 41 99 469 92 669 117 6 75 126 36 690 119 288 34 322 56 79 36 244 1 88 7 523
84 20 1276 39 26 10 549 91 657 87 198 150 35 60 606 46 405 65 466 73 298 89 167 115 675 107 216 8 86 44 558 121 650 105 426 102 576 113 109 122 546 48 152
85 20 1240 78 385 25 143 76 31 98 483 38 385 41 174 5 400 31 115 117 221 114 280 143 697 66 683 104 62 138 536 49 269 129 641 129 510 29 35 99 668 42 223
86 20 1383 30 7 115 240 12 143 85 510 124 314 85 215 78 246 114 532 29 436 56 430 51 123 117 284 136 632 105 682 44 574 114 508 67 500 148 65 140 165 79 561
87 20 1400 31 588 101 231 138 547 96 638 17 103 102 77 70 566 43 677 120 40 107 612 79 571 88 616 146 487 144 444 16 319 102 150 129 53 24 625 49 60 148 644
88 20 1340 141 303 106 418 13 461 96 450 81 354 17 357 130 503 75 611 65 75 86 606 76 607 142 412 44 264 80 572 81 124 115 390 87 512 121 319 111 109 9 536
89 20 1028 37 356 1 478 115 118 102 34 5 582 137 666 39 33 26 5 125 58 70 294 94 517 24 587 4 523 135 412 30 181 97 194 69 295 12 374 56 73 108 597
90 20 1084 39 290 61 263 31 333 82 452 113 437 54 141 25 222 121 433 21 305 11 339 137 183 17 581 36 354 8 38 144 168 36 112 100 225 143 66 71 129 106 152
91 20 1337 32 95 91 593 45 266 136 580 143 422 44 104 129 108 121 324 45 630 90 463 16 570 124 499 136 498 50 42 35 443 141 487 55 559 24 552 135 613 80 60
92 20 1311 73 550 127 103 85 525 98 302 67 619 31 673 62 130 23 559 131 321 128 513 90 330 101 524 146 56 67 298 29 399 21 155 142 285 82 276 92 650 44 489
93 20 1408 106 682 133 192 131 302 131 651 2 3 141 279 49 431 143 673 127 165 95 435 29 467 116 567 112 681 23 276 57 698 57 503 30 357 137 180 41 273 100 46
94 20 1332 100 685 86 81 138 686 107 16 110 524 28 561 127 165 33 667 120 7 80 629 23 428 41 566 78 490 36 261 68 319 121 457 133 14 142 630 85 560 10 430
95 20 1255 48 129 8 110 131 654 92 230 77 483 46 36 40 95 43 640 13 226 88 419 113 325 142 190 120 358 67 445 34 126 94 494 126 342 71 420 100 34 116 52
96 20 1220 126 417 35 117 101 295 48 111 145 297 65 699 80 289 5 185 35 69 43 549 116 154 114 320 87 698 46 242 118 653 123 258 74 412 41 626 3 615 121 570
97 20 1174 140 425 110 121 13 368 57 633 84 479 133 374 72 643 16 537 105 547 7 419 120 128 41 540 40 195 78 523 38 632 14 427 134 283 107 252 106 55 53 87
98 20 957 82 692 45 53 52 479 111 37 104 591 9 603 16 429 16 375 39 209 132 556 70 332 98 572 67 467 16 444 12 443 146 159 39 89 12 334 37 635 94 576
99 20 1288 104 252 128 668 70 578 107 565 61 690 8 381 108 616 135 463 99 512 25 295 35 568 76 442 92 385 7 87 143 2 29 92 131 513 121 204 4 638 128 206
100 20 1186 57 109 60 434 2 350 66 427 56 525 66 507 28 439 142 574 40 401 147 486 38 700 56 373 69 33 139 85 76 127 15 346 52 38 121 547 124 83 129 314
101 20 1109 97 536 93 685 60 508 42 330 102 432 126 275 141 164 35 104 57 228 60 340 8 389 81 561 56 531 5 644 12 56 17 626 48 584 80 46 131 70 136 531
102 20 1076 124 479 131 676 50 213 26 397 48 72 140 656 4 35 133 253 110 447 98 187 74 672 24 54 76 208 26 583 22 257 35 595 27 172 99 208 56 627 43 136
103 20 1084 75 131 88 554 127 398 98 569 28 57 26 138 60 638 44 256 84 225 138 81 92 388 14 428 15 348 118 239 103 590 53 311 20 598 15 48 42 495 116 88
104 20 1054 131 181 68 62 78 239 43 297 45 286 49 588 56 344 18 232 99 486 8 249 116 278 20 48 116 630 139 632 21 47 26 431 129 98 84 354 54 435 18 396
105 20 1251 129 455 55 531 120 359 55 621 13 685 143 152 8 520 11 77 15 387 142 78 44 250 61 657 98 178 124 165 12 560 142 527 87 384 107 152 81 386 117 33
106 20 1161 145 437 55 252 95 273 142 445 57 399 27 185 66 330 115 456 133 237 17 93 83 443 114 574 87 653 2 60 96 315 81 63 14 207 15 144 23 302 85 585
107 20 982 150 528 79 483 27 590 13 147 11 132 53 150 72 601 22 595 24 643 20 112 128 122 79 180 22 82 123 151 27 297 41 61 121 265 62 166 58 177 96 643
108 20 1107 45 550 107 389 147 406 40 582 22 478 18 566 93 62 57 501 118 697 57 321 84 43 64 141 39 151 88 567 130 631 72 423 28 545 47 548 116 449 12 398
109 20 1007 14 303 1 45 12 331 26 86 121 422 67 621 11 606 32 21 64 424 96 119 132 433 115 73 88 363 79 662 104 7 11 145 52 151 125 241 11 252 98 572
110 20 1218 90 400 87 508 141 161 97 134 140 631 80 601 28 371 36 59 123 670 104 522 126 153 6 294 87 332 53 407 20 147 140 263 70 699 40 587 41 690 14 54
111 20 1301 145 599 115 386 92 314 92 295 41 564 59 85 70 464 139 451 58 242 97 626 123 454 104 473 32 489 82 71 51 493 38 184 148 146 70 67 50 335 21 280
112 20 1274 57 409 114 253 118 452 140 216 130 477 55 277 146 680 87 355 20 53 129 677 68 441 18 169 42 4 27 596 127 183 103 643 21 327 44 69 139 523 8 660
113 20 947 20 67 79 691 98 459 6 126 49 250 13 241 61 642 119 218 147 649 58 10 72 285 53 509 17 57 50 3 26 75 44 388 59 209 25 426 116 469 72 327
114 20 1338 144 206 103 165 52 84 47 200 150 81 89 622 32 551 118 71 125 511 68 187 56 132 86 615 81 378 127 296 127 428 83 313 52 207 36 252 39 500 58 664
115 20 1157 114 286 33 358 99 466 5 640 5 397 141 691 28 348 66 301 27 531 148 626 38 341 83 124 146 31 62 171 10 523 40 227 127 173 79 679 77 229 119 611
116 20 1360 149 361 123 119 148 72 81 147 106 285 110 319 20 282 149 693 132 292 95 571 67 304 23 488 92 660 31 212 142 688 147 363 22 42 3 118 29 681 31 373
117 20 1227 49 373 116 402 47 471 115 329 52 574 8 32 103 333 93 188 83 274 21 324 88 10 138 483 59 451 22 197 4 4 48 26 120 537 104 615 121 533 143 59
118 20 1232 48 405 85 637 95 49 120 52 81 99 147 455 26 354 60 17 119 590 3 561 87 223 42 234 43 339 109 624 118 206 13 653 74 407 144 94 18 105 108 534
119 20 1172 145 306 100 481 131 69 34 346 5 466 16 238 95 388 93 402 94 560 36 512 142 559 39 418 114 342 6 19 126 567 8 213 69 245 53 280 60 212 99 501
120 20 1124 69 360 15 492 120 36 17 400 138 365 9 141 148 370 89 664 57 474 41 552 38 58 99 643 48 138 147 477 93 304 2 610 130 505 6 167 68 365 72 80
121 20 1102 129 479 60 469 15 566 129 36 31 542 121 256 37 513 26 48 36 414 48 381 114 599 93 97 83 516 145 466 17 226 88 454 57 75 24 647 32 505 93 526
122 20 1234 83 172 137 453 40 136 74 33 107 601 71 584 65 629 13 427 22 584 134 680 106 202 62 370 27 361 34 58 145 294 10 623 99 457 146 646 31 583 137 68
123 20 1339 33 290 10 673 144 525 138 199 92 339 90 670 67 494 125 344 21 44 77 199 89 583 149 695 19 226 49 68 144 313 123 609 126 167 73 607 33 589 72 478
124 20 1325 83 532 4 528 71 215 7 153 69 141 73 64 93 403 54 278 129 312 102 353 97 631 75 417 138 326 66 92 84 484 49 457 76 362 143 666 130 668 114 695
125 20 1176 140 675 149 136 10 114 100 36 77 283 5 281 6 650 91 617 150 100 101 147 62 54 23 76 112 102 21 33 7 668 116 33 148 209 97 155 25 335 31 173
126 20 1259 141 605 93 90 112 283 16 54 12 643 148 110 45 412 49 78 12 646 95 39 43 60 35 698 28 421 134 44 63 624 102 323 145 168 122 381 75 656 104 536
127 20 1150 124 203 138 643 7 676 77 347 127 229 118 625 59 187 55 568 22 541 62 250 76 191 3 457 15 267 114 250 129 395 145 343 25 519 72 66 68 341 2 13
128 20 1361 7 691 78 166 60 381 128 660 42 429 120 455 48 188 144 343 18 239 24 621 140 380 103 108 136 385 95 492 13 213 125 476 73 297 147 260 80 189 121 665
129 20 1136 136 76 115 36 65 212 83 19 24 495 116 278 74 575 111 695 17 40 105 37 2 272 13 233 116 434 94 637 104 112 90 585 7 678 4 16 97 367 48 406
130 20 936 103 168 31 677 22 254 135 532 81 633 42 81 87 207 128 28 49 282 41 115 28 333 56 76 35 603 143 184 51 495 1 656 2 360 42 549 82 85 11 385
131 20 1046 40 662 79 142 105 632 120 658 23 57 104 682 58 590 146 338 95 585 24 683 31 110 44 269 123 289 5 230 17 502 27 192 115 312 59 128 35 694 58 372
132 20 1199 38 631 61 471 141 169 77 404 36 653 8 328 99 31 85 626 4 373 57 281 113 499 97 372 63 571 104 328 144 78 7 100 119 102 68 257 114 626 64 438
133 20 1293 71 414 127 535 40 277 108 107 116 541 76 190 97 119 120 436 77 229 110 589 121 676 100 21 28 55 80 388 89 140 31 258 22 611 103 77 26 662 75 575
134 20 1160 103 85 95 498 26 71 45 632 62 49 93 77 80 520 112 618 59 415 42 123 115 597 116 694 21 543 93 22 51 361 84 366 8 111 146 126 50 164 49 234
135 20 1300 143 79 57 15 13 100 77 267 44 510 23 101 106 316 138 48 74 74 94 342 23 259 89 536 103 75 147 253 99 368 12 646 85 169 124 276 126 373 48 91
136 20 1238 150 457 80 211 57 349 67 600 36 412 77 638 94 141 6 29 116 435 97 60 113 329 1 80 114 577 150 344 149 525 2 373 131 98 22 252 27 126 59 90
137 20 1316 87 581 140 417 138 342 102 175 149 679 86 568 35 404 73 529 24 369 90 505 120 237 21 457 137 303 124 619 143 561 40 344 12 211 30 145 87 586 7 368
138 20 1181 134 261 134 444 132 99 29 512 27 549 10 360 41 593 11 11 9 129 101 529 55 262 59 344 75 431 76 268 79 189 147 204 34 276 145 259 38 577 141 348
139 20 1075 20 324 144 229 63 136 110 617 78 319 54 152 92 504 22 130 50 308 103 109 68 274 43 624 78 534 66 218 35 640 10 14 38 669 117 178 66 678 87 31
140 20 1104 43 114 126 453 89 349 93 386 101 301 38 696 38 541 72 243 122 140 36 166 103 53 21 273 29 257 78 103 4 445 27 544 85 204 63 240 75 343 137 73
141 20 1209 127 166 36 384 34 94 90 392 17 143 51 317 64 464 21 50 148 615 70 256 89 230 106 172 49 517 38 440 53 519 131 146 106 670 120 557 101 117 61 379
142 20 1396 110 55 108 346 54 321 118 35 150 82 67 90 14 447 126 193 81 672 106 683 9 509 142 12 95 548 103 681 86 65 97 644 57 391 28 582 91 544 104 119
143 20 1384 16 249 28 42 106 562 127 418 145 579 46 541 98 608 127 199 75 538 47 426 65 283 142 504 122 18 39 327 96 206 82 218 47 340 34 563 139 591 149 227
144 20 1280 80 35 110 87 98 393 125 389 4 217 34 144 139 45 90 14 5 403 150 222 62 323 124 119 70 648 146 404 58 129 52 47 101 196 68 65 66 621 18 438
145 20 1348 52 11 113 649 47 113 93 184 94 346 138 355 143 190 85 662 83 682 61 579 26 594 21 243 126 158 69 275 68 355 131 499 80 374 142 342 48 207 66 70
146 20 1160 15 142 86 185 49 489 41 113 90 262 122 654 84 3 5 416 6 414 104 693 17 513 99 205 148 398 75 331 24 495 147 227 111 107 42 39 100 405 86 420
147 20 997 4 97 9 375 135 385 57 264 107 378 13 572 97 126 118 246 143 84 55 63 25 480 12 121 139 502 29 650 25 430 22 150 71 315 47 700 113 373 26 49
148 20 1025 140 572 43 35 13 404 86 165 65 37 49 561 150 185 55 28 19 478 73 24 88 237 88 2 36 535 72 84 148 48 10 185 16 415 32 518 24 608 75 206
149 20 1256 142 546 131 550 61 320 91 342 63 670 119 80 22 479 63 20 86 404 59 49 99 442 104 360 43 454 142 249 93 210 73 544 75 174 15 598 58 33 31 601
150 20 1064 22 433 58 568 7 505 101 110 14 27 119 68 27 178 142 187 72 251 28 660 147 213 27 540 125 185 107 149 15 564 134 588 87 513 14 574 18 159 66 282
151 20 1343 134 664 49 270 134 49 31 529 72 349 22 188 96 158 69 316 50 626 99 26 115 398 64 664 6 459 132 38 81 362 69 167 122 31 116 639 136 145 82 555
152 20 1379 137 363 34 526 13 291 140 486 134 455 63 56 12 530 146 39 127 351 131 324 135 398 83 428 127 355 95 121 53 392 65 406 30 114 1 281 66 462 132 150
153 20 1068 59 337 125 690 29 361 75 563 57 146 68 366 17 348 45 54 105 468 25 189 96 97 136 342 19 405 105 644 53 168 101 188 65 528 86 29 69 127 1 481
154 20 1171 24 143 75 400 16 442 76 509 115 225 125 674 101 130 114 689 19 26 96 653 82 307 26 498 149 171 125 566 15 444 36 162 145 319 39 441 61 463 25 124
155 20 1214 33 23 68 623 110 380 52 191 72 588 4 270 24 226 121 419 42 92 98 84 1 312 116 615 82 196 150 10 84 25 25 203 78 264 132 44 135 400 91 642
156 20 1274 91 259 55 58 10 497 29 309 100 60 131 175 120 347 108 313 142 169 112 359 78 650 2 243 69 483 115 475 5 597 88 390 149 263 52 118 130 26 7 42
157 20 1273 1 625 74 126 97 8 135 149 24 360 76 136 91 152 84 109 66 49 87 167 54 679 145 486 119 239 146 211 105 583 23 10 53 364 55 445 34 119 123 585
158 20 1172 101 35 128 7 5 658 43 124 142 308 74 68 51 82 114 322 82 139 53 30 72 72 41 53 35 683 45 342 21 219 93 683 130 302 87 686 6 518 143 199
159 20 1083 34 21 26 418 41 627 12 545 42 287 30 426 123 196 145 122 63 8 127 390 73 343 92 629 56 619 53 613 72 368 20 48 113 223 100 576 122 369 10 695
160 20 1126 42 698 5 632 93 606 30 179 79 122 130 661 76 455 71 547 69 478 86 607 22 256 46 323 34 680 39 345 1 524 118 249 135 98 115 228 102 173 115 260
161 20 1294 24 593 20 109 80 614 124 445 23 185 135 266 53 677 108 355 72 396 54 337 79 292 109 632 114 25 147 491 46 99 40 78 57 647 107 497 135 374 91 290
162 20 1373 5 287 70 575 119 394 76 217 100 626 127 336 36 392 135 143 61 417 59 677 106 535 131 361 15 590 118 71 38 582 138 481 119 233 114 61 9 328 141 673
163 20 1135 89 546 31 652 35 622 54 510 86 698 57 137 127 135 21 571 104 563 128 95 2 193 70 351 95 618 32 365 87 95 65 189 6 697 74 498 140 653 116 280
164 20 1104 12 68 65 73 35 33 37 490 104 429 43 444 108 83 87 494 86 15 18 217 147 241 127 560 14 326 6 329 113 552 40 249 108 700 121 103 29 145 80 155
165 20 951 60 571 42 1 12 574 144 446 100 226 138 552 51 3 35 190 46 601 8 266 36 284 120 515 33 402 120 659 23 10 72 243 30 139 9 186 4 461 106 646
166 20 1302 21 162 115 16 145 686 97 95 67 208 68 568 104 42 77 498 123 195 1 289 80 69 128 469 66 529 35 607 58 697 132 328 15 456 139 287 64 648 93 447
167 20 1324 76 157 60 418 100 119 108 315 1 84 70 313 132 504 7 99 65 148 57 397 104 510 16 212 117 657 148 348 148 430 103 214 71 49 135 469 13 429 125 505
168 20 1337 140 188 35 669 94 8 149 315 108 178 17 650 81 509 147 52 125 336 59 497 96 126 127 643 3 607 123 340 77 610 13 271 9 82 108 142 149 672 12 327
169 20 1051 120 470 138 186 11 468 47 114 60 542 95 173 10 540 125 376 25 321 26 15 42 564 94 409 49 187 46 668 30 499 150 572 23 172 41 442 55 69 127 661
170 20 1258 130 482 52 542 24 670 124 414 138 631 52 251 36 464 8 625 146 340 62 432 109 312 46 491 116 98 20 398 9 311 96 440 134 363 120 356 48 388 103 174
171 20 1036 119 223 11 592 131 151 78 540 83 630 28 593 81 168 135 467 82 412 75 595 20 532 25 396 5 316 77 104 27 655 34 361 79 598 49 620 9 277 148 470
172 20 1008 19 75 3 409 4 463 58 618 3 76 145 220 35 133 137 522 43 383 51 245 59 470 37 290 110 574 9 256 121 108 134 181 26 461 122 296 25 68 119 140
173 20 1342 34 194 37 597 141 393 119 557 91 49 39 440 4 157 119 264 33 639 94 80 50 261 136 291 86 118 68 3 128 58 67 535 107 138 91 25 136 491 98 209
174 20 1468 135 621 92 120 147 599 92 392 90 397 96 369 102 49 105 389 53 228 150 21 51 278 83 421 107 643 144 144 128 140 48 170 66 652 126 12 10 287 11 445
175 20 815 55 145 110 148 85 392 24 130 25 500 44 174 38 120 85 137 22 53 4 651 118 377 19 661 21 617 65 534 29 145 105 433 112 92 17 662 30 84 11 70
176 20 993 22 586 136 382 50 541 48 547 139 400 97 451 93 595 80 496 93 395 30 211 4 135 28 376 63 641 133 662 65 395 10 106 18 390 49 697 23 231 61 690
177 20 1241 113 107 81 387 125 462 110 194 80 689 99 161 126 461 33 672 3 693 94 88 3 424 135 624 31 8 133 507 52 198 120 461 25 48 28 648 144 476 17 198
178 20 1091 93 170 31 485 58 545 150 658 54 289 56 419 13 361 66 526 131 492 113 519 108 239 53 2 145 14 38 287 62 229 17 536 62 603 33 316 28 62 53 276
179 20 1003 51 191 20 377 67 657 72 684 51 255 120 602 149 30 120 59 88 596 34 4 27 6 44 280 33 262 20 485 87 561 65 576 75 179 23 53 12 590 96 700
180 20 1218 42 336 138 471 73 65 10 16 56 523 73 383 22 657 105 364 21 44 18 169 57 447 133 266 125 60 126 11 27 218 94 63 82 663 46 369 149 552 126 100
181 20 1250 20 142 115 352 89 87 73 60 135 105 30 445 73 438 113 629 69 479 133 242 37 431 31 612 95 423 123 213 4 245 117 401 127 468 28 29 118 330 33 97
182 20 1144 96 6 15 527 20 178 42 627 92 310 150 537 143 288 5 227 105 124 56 273 144 359 77 625 32 425 30 306 106 486 19 639 81 32 110 41 41 542 67 437
183 20 938 79 544 49 645 45 47 78 569 12 248 12 272 47 329 11 110 62 433 130 390 70 532 57 515 79 684 23 115 71 345 56 124 62 253 66 327 66 131 98 30
184 20 1206 22 104 32 193 101 601 147 403 32 407 57 69 134 451 77 683 20 426 100 29 87 373 90 680 145 525 12 181 99 318 121 173 148 348 15 52 19 49 50 202
185 20 1193 35 312 139 604 57 596 70 49 18 66 38 378 63 294 100 72 104 477 59 212 66 535 118 354 42 625 146 205 112 275 12 289 143 421 10 70 136 35 24 163
186 20 756 4 230 4 336 5 566 25 370 30 690 7 351 126 664 79 320 117 37 74 632 19 576 55 656 3 622 119 684 41 507 40 643 3 489 38 256 145 688 12 443
187 20 1076 64 633 80 185 21 9 67 535 68 685 123 151 114 146 83 192 83 600 10 195 140 498 125 292 52 544 22 598 106 145 57 220 31 257 55 419 33 538 12 416
188 20 1186 39 351 130 507 135 572 55 322 122 190 79 376 84 561 16 599 11 194 57 309 137 60 107 492 97 349 96 151 62 151 115 644 31 577 28 89 36 469 46 634
189 20 1289 92 9 118 222 107 124 12 119 130 314 120 398 115 184 83 344 51 319 61 642 100 53 131 488 45 593 2 238 101 62 74 178 39 327 3 573 140 85 88 124
190 20 1148 125 420 106 700 24 436 98 84 22 245 39 130 48 542 78 92 11 240 97 100 60 413 84 585 118 102 7 374 66 315 134 647 48 53 99 365 140 305 32 559
191 20 1163 101 694 93 417 84 102 81 586 78 544 146 308 6 429 27 300 82 419 54 154 37 347 90 583 87 132 75 510 13 591 110 189 19 98 99 143 141 66 31 211
192 20 957 11 466 45 552 5 25 59 223 77 519 27 531 108 409 3 431 10 289 8 658 67 445 115 267 37 304 129 358 112 219 61 161 61 569 81 314 126 571 55 545
193 20 1452 66 154 124 454 107 163 43 338 111 370 40 540 144 268 21 313 72 542 146 144 125 530 125 345 96 347 55 590 131 413 57 643 82 43 90 514 74 397 106 53
194 20 1131 76 582 127 67 130 251 24 451 6 672 75 425 113 82 30 264 4 508 8 86 140 554 95 672 40 195 105 145 135 155 57 411 91 387 70 128 51 99 37 11
195 20 1188 51 142 6 213 138 95 56 421 27 75 148 366 65 691 34 320 60 291 33 579 62 403 12 51 41 291 42 176 89 549 81 47 136 266 137 175 129 176 138 633
196 20 1228 109 616 145 295 11 433 79 408 47 409 134 451 12 328 120 122 64 100 70 429 145 320 20 34 117 116 67 374 128 95 34 1 31 200 56 277 45 500 102 256
197 20 1222 104 82 150 212 35 277 86 256 124 601 34 449 57 117 92 330 71 145 43 677 22 254 148 113 141 618 77 577 71 492 54 523 77 318 123 429 18 181 1 341
198 20 1231 77 428 104 567 122 168 88 480 64 439 18 217 73 584 14 242 117 112 84 652 64 621 121 45 58 396 26 214 123 607 10 534 76 519 123 512 105 222 72 24
199 20 1396 98 50 110 19 147 513 85 650 21 293 106 433 117 491 123 329 5 533 4 298 126 246 93 197 14 317 97 551 149 175 113 261 67 565 77 279 105 398 89 646
200 20 1126 95 44 17 139 102 379 95 196 108 470 18 161 75 297 70 247 47 156 56 149 132 661 139 629 32 345 70 333 25 625 4 518 84 456 33 530 124 312 82 204
201 20 1196 78 213 16 385 142 339 64 238 69 101 51 79 119 40 65 544 16 432 29 282 26 299 121 319 143 560 74 442 108 106 107 641 86 350 52 291 100 38 30 344
202 20 1535 47 357 142 540 148 124 137 249 11 300 31 337 145 554 139 659 94 214 51 620 53 158 72 500 124 318 150 533 141 689 85 597 58 38 143 154 45 373 103 566
203 20 1165 38 443 83 318 23 250 86 492 106 462 42 538 141 484 124 350 89 77 23 300 46 579 3 181 99 149 100 576 135 384 105 388 23 183 66 495 39 474 86 342
204 20 1025 91 392 58 327 19 516 48 508 12 289 140 673 11 432 123 422 51 279 133 399 138 320 38 227 69 600 49 165 34 598 26 588 10 562 49 211 84 244 99 326
205 20 1386 121 671 80 664 4 687 15 1 126 311 8 679 99 362 121 309 60 266 133 557 11 355 76 28 146 251 8 167 115 150 119 378 132 203 136 465 135 573 88 678
206 20 1137 125 416 89 381 37 411 113 50 22 246 40 677 112 129 16 371 53 431 96 343 104 657 84 32 41 621 134 36 104 632 4 81 119 644 85 569 17 120 27 135
207 20 1474 109 476 92 94 150 253 109 629 135 582 89 229 14 523 99 281 125 177 138 55 102 604 20 597 102 392 5 77 123 87 138 510 17 523 120 108 42 653 114 34
208 20 895 7 477 66 426 75 389 6 453 146 197 66 383 43 313 96 44 4 684 119 149 101 675 4 282 106 129 13 581 76 188 29 428 7 124 34 558 55 315 66 181
209 20 1404 122 84 117 138 105 625 135 321 83 387 13 651 102 23 5 406 138 502 119 97 147 138 105 350 56 90 66 651 147 484 69 428 60 167 65 657 75 74 26 195
210 20 1033 52 239 82 446 88 20 62 10 123 377 1 121 54 566 1 597 64 610 98 170 143 350 105 578 17 472 97 527 39 412 68 83 3 3 42 610 45 5 108 463
211 20 1297 128 670 140 552 4 29 129 481 9 393 35 35 69 14 139 439 142 447 84 171 119 632 126 189 32 500 114 690 66 696 16 479 86 298 135 145 10 5 39 196
212 20 1086 46 416 44 685 52 389 27 594 39 643 15 694 148 466 10 457 134 423 83 134 149 425 110 55 143 140 58 589 126 479 3 170 70 30 63 86 22 2 16 230
213 20 1191 101 609 18 124 38 263 10 622 129 439 50 239 16 303 134 213 104 270 143 341 77 354 97 680 102 216 54 654 53 499 147 48 37 687 15 465 103 645 61 122
214 20 1211 51 649 72 426 86 638 94 232 80 169 135 516 33 632 13 281 90 473 93 196 121 222 51 20 100 199 98 362 35 242 89 277 46 308 41 546 126 171 60 321
215 20 788 21 677 49 463 54 162 78 112 56 122 5 636 76 151 29 66 5 9 103 568 18 413 61 61 25 671 33 537 32 431 58 334 147 637 59 223 23 546 54 334
216 20 939 15 440 62 541 94 307 23 616 6 151 57 301 16 259 144 254 112 697 87 131 48 186 11 315 10 76 135 133 126 219 2 594 82 543 87 148 27 523 30 583
217 20 1030 136 288 51 352 113 311 112 482 84 612 86 548 56 224 137 319 31 599 41 177 2 499 3 430 75 620 1 72 18 411 93 2 62 395 41 523 140 642 6 334
218 20 1376 38 203 44 443 1 551 17 323 99 428 79 432 121 538 104 176 122 81 145 123 136 301 58 500 80 338 93 366 95 305 123 83 80 292 84 154 125 419 76 580
219 20 1117 40 523 9 322 74 247 11 304 122 29 101 636 22 195 121 324 77 21 103 363 107 118 89 161 66 229 98 64 31 572 20 365 130 121 78 45 33 510 65 102
220 20 1216 43 573 26 233 62 652 67 376 93 340 119 416 91 671 36 518 109 361 57 507 148 666 55 539 97 214 40 409 78 278 114 306 107 479 1 475 78 44 99 688
221 20 972 9 96 73 642 54 317 149 182 64 452 20 555 83 227 50 477 24 8 61 696 7 571 87 49 150 173 4 244 35 639 30 541 143 634 48 631 103 359 22 132
222 20 1230 77 510 1 437 113 640 97 226 148 385 106 183 124 633 77 37 101 126 43 137 68 470 96 354 77 149 71 302 5 537 12 429 144 534 56 449 1 278 121 690
223 20 1097 49 540 104 493 45 333 67 642 61 670 21 505 113 570 31 521 73 518 63 400 122 581 18 353 3 531 2 536 150 605 76 222 147 194 38 659 126 472 63 424
224 20 1523 139 618 145 314 107 69 122 167 51 520 131 507 101 583 69 478 125 402 54 141 127 533 132 351 44 107 78 405 114 255 59 402 31 51 82 39 92 688 101 20
225 20 936 10 479 97 295 85 682 100 555 1 242 25 582 64 290 7 589 112 439 65 432 10 374 22 79 27 85 90 359 93 219 41 598 105 460 31 60 90 563 95 589
226 20 1194 90 636 52 191 128 7 29 251 52 117 45 23 150 503 73 344 13 104 7 557 1 298 87 287 117 32 5 367 99 172 125 153 79 400 148 697 79 151 114 159
227 20 1199 61 439 145 103 79 609 35 97 79 462 93 146 121 413 90 547 121 62 148 479 30 424 33 573 60 452 52 251 76 128 75 266 24 135 91 414 72 394 14 107
228 20 866 34 344 32 80 12 225 5 617 26 612 130 630 26 374 10 579 119 613 53 268 74 92 2 222 113 384 12 698 126 145 18 161 89 195 64 631 75 182 63 382
229 20 1417 50 182 6 266 31 257 135 680 135 326 132 367 126 53 59 256 70 423 97 118 63 191 144 442 52 399 50 558 148 315 93 342 148 130 24 254 77 551 132 520
230 20 1224 110 220 112 9 125 662 59 259 43 380 16 302 21 345 29 555 69 563 119 375 37 329 144 387 150 98 138 527 84 616 14 224 36 597 74 223 75 487 76 375
231 20 1176 79 438 10 533 7 437 100 19 107 448 99 137 49 326 130 268 26 636 96 276 62 228 44 255 137 436 85 394 130 378 23 450 36 494 41 630 68 363 141 146
232 20 1132 37 181 54 557 40 605 38 388 115 694 58 563 146 606 137 556 137 16 16 9 30 529 105 647 59 493 113 102 7 157 103 1 92 189 52 482 13 698 63 524
233 20 1138 6 369 1 289 17 41 29 177 71 362 65 289 57 74 47 694 123 69 133 64 111 533 35 426 35 24 60 649 144 423 127 139 74 464 113 673 60 553 115 17
234 20 1178 94 257 85 576 112 265 30 572 90 354 19 7 115 600 30 264 34 586 145 572 20 405 75 427 107 383 80 168 101 498 97 293 20 140 93 379 102 294 24 250
235 20 1216 129 141 66 157 85 351 59 363 144 214 74 570 96 31 39 197 109 449 15 617 37 373 58 467 131 494 94 682 106 295 45 306 43 395 5 480 39 163 146 645
236 20 1337 78 440 125 368 14 505 144 417 86 547 13 359 134 560 9 52 11 484 115 18 138 167 126 281 106 36 84 57 1 371 123 194 24 594 141 430 66 178 134 433
237 20 1220 109 10 140 453 116 134 79 83 92 300 134 414 120 443 101 30 12 44 23 237 123 244 48 9 75 431 35 692 69 612 10 686 70 144 42 448 44 634 83 17
238 20 1323 107 547 9 581 101 415 141 497 78 113 119 159 57 145 140 27 110 456 97 311 48 305 34 340 40 562 73 31 84 365 19 19 56 546 116 80 102 695 123 134
239 20 1233 77 415 100 267 120 527 60 214 37 257 125 319 71 411 5 211 3 363 20 398 124 3 123 588 3 658 141 259 74 532 127 274 51 338 142 626 89 45 50 91
240 20 1180 98 356 2 562 58 600 126 207 118 154 44 254 46 352 120 67 90 689 70 298 50 543 2 105 134 150 94 288 44 48 16 449 16 524 95 572 150 688 102 313
241 20 1544 91 119 70 166 87 629 108 151 15 237 30 91 136 696 93 263 111 504 97 156 132 25 88 289 75 231 137 182 85 205 127 150 144 140 102 504 86 123 116 535
242 20 1084 130 33 47 276 26 226 10 173 81 480 3 169 112 206 22 371 141 194 35 132 24 392 79 465 60 473 98 545 101 409 59 332 67 548 112 527 108 44 40 545
243 20 1058 130 11 43 207 143 273 7 51 66 541 86 219 5 345 71 488 45 108 110 203 150 459 57 2 29 607 87 528 92 30 3 152 83 310 1 469 96 429 19 515
244 20 986 91 639 12 697 49 525 62 372 6 132 27 637 122 262 77 548 12 329 146 236 87 427 1 119 11 487 20 34 43 163 131 240 44 199 80 457 63 372 149 135
245 20 1181 109 232 111 672 20 688 1 332 53 224 133 413 104 166 81 552 102 655 33 289 128 18 85 481 77 363 28 682 2 347 124 194 50 255 119 484 107 338 10 356
246 20 1220 64 552 96 459 76 396 117 567 86 665 39 566 6 214 148 153 71 682 124 51 106 226 35 539 127 53 67 137 1 305 63 204 6 215 123 211 116 668 54 594
247 20 1406 1 276 144 684 95 201 96 1 76 248 132 367 115 427 49 509 133 198 150 347 125 696 7 19 86 387 128 635 30 14 76 273 97 569 84 581 58 388 76 262
248 20 1441 93 312 64 320 115 520 106 450 117 443 140 475 143 72 116 7 63 246 82 196 47 213 60 85 33 410 115 459 106 374 83 682 36 435 112 240 65 660 106 407
249 20 907 23 663 85 359 21 594 54 514 48 675 9 394 45 352 106 648 42 252 3 302 125 56 120 684 50 234 27 70 42 29 62 234 2 319 57 596 71 608 142 458
250 20 1071 54 127 31 660 32 507 30 319 109 399 89 466 142 461 7 666 25 405 17 376 18 677 132 330 52 334 33 334 61 262 109 614 111 182 124 327 116 14 47 240
251 20 1062 127 628 11 394 47 675 148 237 37 191 88 161 41 563 37 413 147 65 37 608 20 57 72 453 124 491 16 564 33 639 68 305 8 674 111 459 132 202 24 171
252 20 1336 60 608 8 465 107 135 147 189 145 456 112 166 53 311 140 63 46 270 107 680 17 575 105 9 7 228 126 286 30 196 97 584 137 86 57 467 29 572 141 647
253 20 1173 70 596 24 401 33 194 65 508 90 362 61 427 105 297 11 645 116 28 101 473 51 238 136 100 101 459 33 226 87 112 47 356 11 625 77 569 117 324 131 588
254 20 1324 108 19 72 304 106 65 104 368 116 609 15 605 116 470 11 97 134 632 77 387 84 645 30 461 89 279 51 241 97 74 89 589 85 567 123 537 145 47 3 573
255 20 1172 116 333 34 632 49 87 91 103 1 128 124 584 25 541 113 621 12 305 110 242 52 533 145 690 105 379 20 318 109 302 50 211 100 521 131 542 77 550 2 223
256 20 1516 83 630 88 570 147 227 47 439 117 312 122 156 97 267 62 117 76 291 86 358 84 291 135 37 6 492 145 453 127 245 149 216 80 45 51 592 102 300 92 171
257 20 1288 26 533 109 63 148 303 111 614 96 256 139 201 57 207 63 247 69 679 61 72 122 46 86 145 98 193 5 340 149 149 1 423 19 690 52 307 138 171 62 282
258 20 958 56 238 35 182 130 250 68 558 24 69 19 465 99 313 76 123 13 101 39 525 100 319 72 429 70 409 2 58 98 474 52 381 57 79 6 66 78 323 104 243
259 20 943 54 339 7 668 27 155 14 672 40 387 135 319 4 132 2 316 125 283 124 92 130 359 39 473 41 251 33 59 6 494 135 525 69 536 108 168 81 304 5 521
260 20 1368 145 329 93 197 23 481 51 161 33 378 31 381 149 642 118 190 101 544 114 366 143 486 112 472 16 275 102 186 118 430 49 416 74 551 20 360 133 296 85 534
261 20 1133 44 438 141 486 74 532 78 113 8 138 89 685 93 229 76 434 126 457 29 368 16 72 111 565 55 274 99 257 97 307 72 623 50 439 37 346 4 90 118 169
262 20 1244 102 31 138 76 6 123 115 590 51 21 19 358 116 632 10 17 29 546 80 137 128 516 84 178 122 455 29 15 44 432 12 206 146 639 145 64 34 607 146 182
263 20 1255 101 640 114 134 111 370 60 276 43 92 90 675 118 173 104 329 14 685 147 181 111 275 23 346 131 243 17 344 100 90 99 203 45 629 105 412 28 674 8 573
264 20 1056 78 330 52 77 99 88 34 542 87 400 47 288 12 175 12 428 106 122 141 359 56 80 125 135 19 263 20 695 48 280 52 350 140 137 40 347 133 36 19 118
265 20 1323 75 490 61 537 137 590 113 146 129 584 35 60 147 461 62 581 13 41 83 390 111 606 118 485 101 641 125 168 87 69 54 608 88 369 33 400 73 469 9 578
266 20 1244 6 466 34 589 40 84 17 498 66 474 83 652 135 540 146 443 68 25 86 55 53 625 118 185 11 167 123 500 89 466 105 574 91 473 23 142 122 652 139 649
267 20 962 47 144 90 258 115 383 71 688 33 166 81 550 64 611 62 685 8 148 109 245 100 113 44 377 20 607 47 232 134 381 26 126 21 654 62 466 65 395 4 58
268 20 1592 41 154 92 251 75 250 130 698 116 447 85 530 150 452 85 182 95 196 104 560 121 637 96 323 93 227 86 337 8 561 115 253 101 465 142 624 116 572 139 469
269 20 1104 2 116 106 98 8 72 8 407 86 249 125 240 75 383 12 433 68 288 63 541 111 624 102 588 106 59 49 240 95 508 81 16 34 518 87 168 35 276 128 245
270 20 1413 109 251 11 372 44 587 134 444 31 217 131 512 107 497 137 151 54 218 130 535 82 614 60 428 16 133 84 177 121 151 112 218 146 655 50 398 82 28 126 624
271 20 1277 29 483 71 555 104 411 12 482 140 521 123 427 74 459 90 148 8 390 84 440 79 189 145 510 119 466 131 122 48 691 32 400 55 449 55 503 118 680 80 170
272 20 1348 103 252 53 74 11 460 69 175 42 561 52 691 29 620 128 573 101 514 132 546 143 598 90 561 46 274 25 472 125 172 120 1 77 168 62 91 133 583 144 188
273 20 1412 140 325 88 4 29 334 146 661 120 191 81 601 45 37 116 47 15 688 46 541 97 78 65 369 127 614 133 47 92 606 110 159 72 312 122 174 6 506 116 392
274 20 1325 119 188 120 503 78 457 104 407 63 73 76 458 53 382 101 611 97 359 103 576 129 18 4 187 87 254 87 690 95 606 61 483 26 239 124 264 38 267 92 9
275 20 1144 106 374 149 361 24 368 20 414 23 640 74 614 79 353 82 695 9 464 114 379 48 274 142 448 139 148 71 468 66 583 105 350 22 151 50 71 73 698 34 494
276 20 1156 5 686 47 106 12 89 85 526 10 505 105 86 72 184 98 312 30 655 138 276 32 496 16 180 96 382 68 536 39 470 120 446 101 437 115 406 111 401 145 637
277 20 1299 75 47 72 521 73 288 137 646 127 485 107 42 134 584 63 455 145 644 91 95 73 671 16 591 57 467 22 219 64 189 77 180 98 595 121 118 67 533 5 114
278 20 937 112 160 65 234 15 588 125 237 69 623 23 166 102 323 16 609 106 593 132 87 17 289 8 148 11 293 138 125 97 416 22 378 22 379 25 584 57 492 10 35
279 20 1108 30 315 66 443 49 579 31 225 21 322 70 588 23 528 61 394 133 177 86 265 38 563 16 553 70 186 28 114 150 483 145 556 96 338 135 540 68 669 69 468
280 20 1012 47 318 51 666 115 130 105 66 45 558 30 128 5 89 13 347 75 674 147 70 18 634 44 50 137 592 101 572 20 671 38 318 49 577 140 161 82 572 3 74
281 20 1168 23 140 23 399 98 102 49 148 81 617 111 558 144 309 80 182 133 680 79 175 17 218 60 212 30 577 145 229 25 189 100 644 127 553 52 20 4 91 80 534
282 20 1222 93 531 123 71 36 342 79 311 55 162 59 625 137 371 15 241 95 681 20 480 110 116 125 3 121 126 145 539 77 301 34 112 52 4 64 550 82 253 6 338
283 20 1308 11 249 15 238 120 255 85 401 44 6 36 422 146 408 149 384 140 393 148 534 36 338 139 573 111 632 24 241 32 99 147 266 39 265 110 393 101 87 3 342
284 20 1148 150 273 17 266 84 665 99 360 130 367 2 13 47 66 4 59 114 469 141 575 8 579 114 446 25 328 39 694 81 511 17 124 25 529 47 593 147 77 144 501
285 20 999 119 422 40 468 114 556 30 105 96 637 62 554 24 6 104 456 79 458 61 635 24 261 90 595 6 498 22 533 89 146 100 645 55 14 95 47 32 625 7 420
286 20 688 11 58 9 511 78 228 18 229 44 511 4 18 28 213 14 15 5 502 14 632 11 626 103 523 5 649 39 71 64 671 59 352 88 443 140 579 78 568 49 406
287 20 1092 114 648 50 289 144 684 64 346 103 175 71 315 16 699 63 366 2 627 31 611 130 429 146 200 45 414 82 549 57 593 39 257 25 534 6 337 64 488 113 660
288 20 1160 19 123 87 207 36 303 79 26 78 473 102 608 97 256 124 356 121 435 150 662 126 518 14 575 143 339 19 285 20 322 101 42 69 265 39 399 4 108 22 130
289 20 1032 5 505 78 452 88 106 76 217 26 405 90 2 122 494 93 401 28 200 119 159 2 31 41 157 17 700 144 70 64 183 38 647 124 509 44 21 22 464 70 299
290 20 1375 31 455 116 328 12 639 115 414 63 682 44 329 123 576 72 599 49 452 88 608 59 399 129 568 135 81 43 408 130 112 97 67 111 337 52 354 145 218 105 661
291 20 1157 47 82 57 327 96 309 76 527 120 429 41 198 55 617 62 14 9 655 55 16 28 225 33 36 104 197 120 340 14 267 137 604 108 524 76 147 64 52 145 272
292 20 963 108 154 99 118 30 518 61 384 31 214 24 334 30 482 36 161 126 485 138 583 26 414 117 606 10 315 6 173 82 1 81 141 5 334 62 442 40 157 92 337
293 20 1302 117 252 20 694 103 350 86 655 72 249 13 320 124 621 62 188 67 134 122 117 53 517 145 338 136 389 29 386 91 555 112 460 102 219 61 225 95 348 18 675
294 20 1086 93 99 20 111 19 244 141 62 30 676 42 3 7 567 7 684 47 259 1 98 134 210 108 304 98 381 114 691 69 568 76 578 71 684 124 550 67 296 90 18
295 20 1258 38 401 73 614 62 531 26 121 41 466 127 107 61 542 43 514 132 591 72 354 116 351 148 232 38 182 53 552 102 508 136 384 71 130 67 267 69 92 98 660
296 20 1484 128 594 40 54 110 529 92 64 78 609 133 297 12 509 138 408 141 672 108 167 10 229 16 549 124 178 138 314 127 237 28 553 89 588 115 254 89 303 139 631
297 20 1126 115 273 37 131 71 649 4 76 90 91 30 589 85 287 56 653 145 408 33 314 41 165 145 141 80 377 83 556 121 35 102 667 10 449 50 301 77 568 33 446
298 20 939 120 195 2 500 39 694 12 482 110 668 26 535 56 396 56 581 119 660 115 679 72 304 24 424 5 691 4 55 101 28 22 13 81 514 56 26 58 264 96 557
299 20 1289 72 529 121 237 103 517 85 121 62 603 64 342 14 123 47 49 55 412 129 65 91 451 131 18 134 614 65 26 58 480 93 68 114 700 108 687 41 645 25 2
300 20 997 46 551 24 190 58 89 30 81 22 92 37 442 47 276 76 234 53 347 115 636 13 211 127 645 24 537 89 412 11 108 74 617 80 415 122 624 142 496 57 218
