1 20 1077 22 2 26 452 122 38 90 834 17 259 33 295 88 120 91 242 10 568 129 457 41 901 143 617 147 566 5 89 5 776 82 514 99 470 110 200 73 610 14 401
2 20 991 14 800 106 506 45 690 5 657 141 520 50 130 5 852 101 170 86 548 53 189 91 978 96 790 25 937 9 833 125 70 53 294 99 741 25 877 80 235 30 675
3 20 1301 45 854 83 943 95 954 144 213 89 862 81 833 30 216 143 427 89 67 52 72 41 650 96 708 106 248 13 962 72 607 112 454 118 751 104 307 107 813 7 448
4 20 1090 23 138 82 693 117 466 131 722 81 332 30 620 53 905 48 175 116 108 50 137 71 571 46 682 123 740 16 950 100 48 49 982 57 795 33 100 97 392 40 933
5 20 1134 47 928 139 516 66 672 96 944 145 208 31 575 121 770 117 731 11 839 35 617 73 102 117 773 21 886 116 906 15 866 96 409 83 184 39 412 25 628 25 754
6 20 1143 58 887 119 796 91 65 15 476 29 904 84 784 96 692 72 872 60 769 20 733 116 586 10 383 143 266 19 637 69 264 120 283 66 676 7 890 97 528 138 232
7 20 1292 97 877 49 56 99 171 87 577 122 657 37 343 18 599 76 863 147 751 97 853 88 309 105 826 71 375 65 341 43 849 26 579 140 194 149 705 40 518 60 503
8 20 1287 147 457 149 185 137 875 83 423 28 232 34 300 70 223 66 944 33 777 62 245 142 75 137 319 100 917 129 166 12 301 58 701 15 183 107 511 43 825 57 631
9 20 1123 127 459 139 354 2 67 121 104 84 332 55 534 34 448 95 157 45 529 31 981 44 450 119 84 19 785 25 490 121 823 11 480 8 810 124 402 71 454 129 845
10 20 1196 149 711 61 813 93 444 39 237 55 297 61 243 140 890 142 670 75 312 26 62 34 384 23 119 77 806 131 326 75 423 119 440 106 801 58 719 14 274 18 443
11 20 1159 45 573 17 263 91 401 36 879 57 940 58 962 94 462 75 42 99 8 140 243 41 330 53 677 137 296 39 994 51 317 15 4 142 568 97 320 140 170 22 283
12 20 1312 138 852 9 289 123 93 9 34 38 976 47 392 90 15 42 192 112 801 135 1000 49 6 119 429 135 379 39 209 95 98 145 356 99 7 50 429 117 316 49 982
13 20 1325 1 207 140 537 74 71 23 533 106 781 126 557 53 67 145 602 18 773 84 151 95 896 132 472 58 278 126 472 76 221 49 765 110 194 22 646 130 973 89 882
14 20 1336 89 448 23 884 98 904 71 302 144 376 150 595 96 481 99 83 101 767 89 164 144 188 35 249 79 172 75 961 71 153 63 165 66 119 76 594 44 210 58 912
15 20 1329 64 768 18 815 55 780 139 697 95 896 120 169 135 51 128 789 63 407 15 376 105 439 135 724 59 150 111 826 81 877 25 959 18 904 120 3 113 798 63 865
16 20 1085 12 915 48 238 107 55 62 940 141 840 90 39 30 334 123 316 104 867 2 860 1 376 35 297 45 161 117 200 136 787 26 198 99 450 118 926 25 394 36 411
17 20 1224 62 297 9 790 62 415 144 192 85 16 120 979 42 754 22 135 65 273 94 869 119 909 77 465 113 299 111 358 82 967 53 613 5 460 130 316 130 576 6 133
18 20 1280 140 401 129 871 104 462 134 617 31 182 68 19 108 527 95 494 102 451 14 619 79 411 41 925 80 118 116 241 5 724 16 525 29 779 86 43 147 567 77 908
19 20 1149 22 621 22 505 55 512 140 317 12 593 27 129 113 356 43 216 79 134 6 869 71 849 100 925 123 457 111 833 137 142 118 694 76 261 35 320 69 307 78 883
20 20 912 6 527 137 364 35 65 114 570 142 812 108 236 40 436 20 665 56 906 35 558 9 381 1 472 7 876 57 364 76 465 91 429 28 771 76 267 3 159 99 879
21 20 1172 10 248 18 838 146 261 63 868 123 948 86 898 92 122 19 464 37 540 73 332 9 674 47 166 42 570 150 687 36 157 131 743 149 655 143 599 12 652 80 693
22 20 1384 65 494 111 72 127 259 108 916 122 882 56 294 146 229 145 530 135 595 70 81 52 652 104 80 102 56 96 3 49 431 83 24 39 519 114 358 3 775 3 819
23 20 1121 86 708 96 968 1 653 146 249 18 268 92 94 113 991 13 368 86 991 57 939 98 496 2 516 15 899 44 735 69 925 12 32 93 484 142 281 111 869 108 489
24 20 1219 4 409 109 587 45 408 87 892 116 134 80 315 107 979 20 776 17 630 94 386 95 931 102 741 21 469 132 907 79 122 75 326 116 130 123 976 81 494 21 406
25 20 1256 6 99 113 311 119 119 129 237 59 531 48 924 125 753 103 552 64 933 45 167 145 398 56 201 150 14 58 839 68 329 72 561 82 969 81 552 44 140 3 540
26 20 1138 119 241 149 134 46 448 130 972 18 837 13 465 97 336 13 820 77 909 59 934 24 999 125 784 119 884 147 451 55 370 14 864 115 123 67 390 3 798 33 37
27 20 1087 115 871 25 256 24 932 69 24 81 500 101 756 3 393 44 635 58 720 69 348 60 213 129 13 115 983 62 457 135 991 87 474 27 784 108 924 22 909 25 657
28 20 1064 10 848 51 889 102 217 63 293 24 496 30 504 119 720 49 299 99 638 14 900 13 349 52 406 66 430 13 705 128 130 102 951 9 53 138 467 111 199 137 484
29 20 1308 142 530 131 78 140 654 46 916 135 111 126 384 61 839 128 665 69 140 77 836 138 965 19 355 26 520 1 673 87 101 34 736 46 864 13 957 80 138 137 703
30 20 1212 52 157 34 481 64 75 23 428 68 921 20 503 51 771 83 357 79 604 87 298 81 695 48 706 94 948 149 390 140 108 129 458 110 271 76 487 73 508 55 787
31 20 1255 147 117 102 643 28 736 121 500 84 584 58 359 71 639 72 968 45 422 90 751 29 21 105 334 142 615 18 992 59 840 22 274 129 226 17 116 109 110 121 646
32 20 1135 56 994 66 676 78 562 114 606 5 1 24 593 6 555 119 826 99 695 52 322 87 597 150 767 1 382 139 752 88 780 34 52 61 11 96 155 106 919 38 783
33 20 1056 135 538 33 244 95 919 88 490 4 645 98 187 137 123 27 755 65 46 46 548 147 670 15 513 15 979 60 168 14 838 41 784 38 263 30 759 110 705 122 749
34 20 1068 28 179 39 371 73 968 59 993 150 465 48 879 89 558 34 110 23 188 6 681 135 516 8 352 109 906 52 543 103 472 108 850 72 474 78 82 30 758 91 949
35 20 867 48 53 116 880 48 395 12 510 81 794 2 459 56 598 55 667 52 834 64 125 39 989 85 724 70 180 120 709 13 209 37 978 102 54 28 532 37 638 19 393
36 20 1320 124 364 86 40 82 4 68 643 39 585 46 247 120 65 114 713 84 326 102 792 147 969 25 918 138 146 54 467 32 208 42 737 147 22 57 670 87 947 57 369
37 20 1006 28 447 12 197 70 636 142 823 33 704 45 133 79 628 97 741 56 240 16 256 83 737 3 604 99 55 74 245 58 230 132 658 106 494 26 749 28 906 71 945
38 20 1533 127 567 80 879 91 18 46 170 136 996 120 163 63 103 2 355 146 175 147 958 93 155 145 703 74 812 56 69 141 16 95 749 83 232 81 813 64 54 127 642
39 20 1010 62 801 49 625 145 350 7 147 42 960 109 632 41 643 137 427 82 952 55 38 9 411 117 523 60 301 44 256 18 706 27 368 131 33 7 493 31 157 90 849
40 20 1188 131 879 70 692 55 227 141 392 63 918 77 542 75 790 126 38 28 662 60 487 111 85 30 412 51 884 53 275 140 917 1 553 73 328 8 639 109 22 83 809
41 20 1222 61 553 68 213 20 193 8 260 49 675 27 569 78 615 138 982 133 374 23 632 104 217 121 435 148 140 120 379 66 638 21 497 107 334 94 631 110 140 32 718
42 20 1312 148 457 121 57 121 721 100 255 98 229 38 415 2 557 60 310 3 266 93 880 143 813 31 636 103 304 16 886 147 375 58 560 103 215 31 229 86 605 139 545
43 20 1382 65 154 142 745 150 463 145 775 3 369 130 407 8 491 113 379 88 824 2 382 109 45 71 32 18 404 75 581 137 744 72 449 112 212 53 509 141 342 94 179
44 20 1582 56 813 136 563 142 314 127 217 105 771 106 32 135 394 114 616 129 83 81 490 90 662 20 201 60 180 126 410 58 470 147 62 115 151 11 717 81 253 139 452
45 20 1152 50 921 141 214 4 800 39 142 150 705 116 875 125 159 55 199 7 863 25 430 50 465 91 608 1 851 121 928 90 648 8 50 64 884 115 190 128 426 61 367
46 20 1083 41 7 98 45 52 69 88 824 91 651 48 516 51 290 49 633 123 10 68 396 72 797 81 245 89 603 56 281 39 279 60 898 19 22 57 791 76 609 96 433
47 20 1436 136 155 56 98 119 713 40 778 124 40 49 443 93 338 49 99 146 419 124 663 56 65 83 615 106 726 136 121 112 826 58 268 130 461 10 964 127 6 42 564
48 20 1045 76 511 15 927 112 320 7 94 149 436 32 637 17 895 87 270 8 615 24 578 105 972 30 840 84 216 127 191 110 10 52 666 95 159 23 989 98 760 56 129
49 20 1013 44 701 28 107 33 844 100 766 15 958 52 541 2 474 131 507 135 597 79 186 55 780 13 81 69 322 94 139 68 179 1 516 27 715 138 632 46 557 137 529
50 20 944 28 474 107 72 108 463 33 534 65 51 103 447 121 534 98 550 2 544 25 505 62 664 61 711 9 12 22 285 130 429 112 880 38 59 19 849 12 347 25 697
51 20 1353 59 890 121 983 81 74 144 648 98 674 30 32 130 809 45 212 149 218 98 587 54 762 122 302 15 257 60 736 141 743 145 738 141 120 39 607 6 840 14 710
52 20 1196 104 707 91 626 11 671 63 803 52 407 105 953 85 474 125 810 74 233 51 844 37 414 73 852 97 293 12 806 120 225 140 200 16 199 96 359 84 733 60 342
53 20 1162 27 462 100 668 124 844 42 441 101 667 65 586 87 259 1 933 148 889 50 842 123 566 116 34 85 862 55 123 83 830 2 456 54 579 58 566 113 583 19 541
54 20 1201 132 560 141 711 126 815 2 202 22 545 48 775 88 402 48 426 58 813 3 1000 102 698 22 206 86 161 107 312 116 878 109 274 112 671 103 466 23 504 54 813
55 20 1207 32 746 59 706 120 118 1 857 82 518 114 493 142 479 44 150 20 597 108 696 53 57 134 127 6 676 61 88 110 546 142 528 21 177 84 515 93 391 83 952
56 20 1232 130 249 86 19 55 338 57 423 50 624 129 597 105 689 19 49 120 311 23 718 28 337 133 63 146 251 133 93 24 618 22 105 45 247 77 985 128 387 31 4
57 20 995 14 112 10 315 27 652 61 860 50 305 94 397 112 176 26 442 132 155 77 286 51 1 100 670 72 505 67 953 23 340 76 276 73 387 75 360 23 361 81 858
58 20 1146 33 996 59 828 80 741 74 359 138 20 67 811 6 844 115 649 57 709 105 586 108 572 33 298 57 2 24 793 55 569 128 710 129 378 28 919 55 280 82 974
59 20 1134 27 647 67 906 141 937 75 137 13 221 69 430 52 122 19 318 150 622 108 419 92 291 95 670 75 888 38 751 87 850 25 324 71 674 135 493 16 121 63 903
60 20 1136 150 991 45 521 4 249 54 232 52 245 70 238 78 773 127 302 99 478 55 903 129 604 33 764 120 431 11 821 47 894 31 157 73 141 66 964 65 214 112 700
61 20 1236 71 469 37 184 47 585 134 73 90 7 66 637 46 650 82 888 61 336 108 249 136 638 36 321 139 983 64 289 81 40 46 644 114 277 1 89 38 826 148 738
62 20 973 24 430 9 179 147 755 104 769 57 711 72 426 124 858 40 396 111 643 98 374 40 571 129 163 53 946 60 231 13 780 5 931 53 889 5 121 19 122 54 345
63 20 1300 44 990 121 233 67 997 137 239 81 726 107 642 3 77 100 109 7 958 25 182 79 231 132 587 100 851 43 994 147 230 130 762 98 257 123 423 27 222 55 246
64 20 1136 20 445 2 569 84 475 40 420 73 647 91 116 85 514 141 275 5 891 95 580 116 20 41 486 112 392 64 694 50 905 99 773 98 382 83 183 93 736 28 145
65 20 1003 102 507 139 902 47 682 54 463 59 955 19 458 90 200 82 359 132 780 34 471 67 893 81 927 89 693 2 547 33 157 72 577 82 337 28 289 19 74 23 591
66 20 1191 16 360 114 123 125 312 35 502 15 333 66 214 24 306 68 810 128 685 126 226 128 487 124 123 15 409 65 52 118 661 95 275 64 618 6 676 21 916 136 149
67 20 1371 110 84 123 943 119 641 123 928 11 431 22 277 133 30 57 95 19 592 35 677 28 934 121 382 146 918 111 164 56 630 120 634 69 914 95 9 113 772 103 65
68 20 1154 98 766 68 824 102 594 27 265 129 100 21 757 74 943 149 374 22 401 75 351 15 836 93 83 71 994 121 900 72 353 50 391 109 721 24 709 9 945 114 831
69 20 1024 76 233 16 801 12 131 146 436 45 425 90 336 130 261 31 960 73 179 41 476 53 907 73 58 94 409 145 165 48 99 122 815 23 620 16 798 45 798 2 756
70 20 1274 150 62 130 133 45 874 14 441 40 212 96 997 137 949 10 58 16 826 132 89 128 510 143 921 147 83 11 899 48 762 56 747 18 45 100 558 144 815 28 267
71 20 1020 39 891 94 666 30 558 43 540 79 636 1 718 22 487 52 890 9 763 53 328 62 394 123 237 104 134 97 47 59 934 51 106 35 251 105 667 130 338 88 375
72 20 1361 53 576 64 979 121 50 112 501 146 961 125 703 62 537 30 512 48 136 9 280 35 281 112 7 146 601 119 953 116 424 45 277 108 670 128 834 99 886 24 379
73 20 1367 143 670 88 146 44 162 77 906 43 637 12 136 68 39 116 943 131 648 116 965 129 501 68 485 83 596 55 18 81 771 147 104 147 941 89 671 12 658 60 242
74 20 1129 33 814 145 470 28 241 59 31 42 149 11 40 43 210 18 547 107 158 90 965 130 642 76 242 1 405 73 131 147 754 104 857 36 235 118 810 119 209 32 338
75 20 999 2 540 32 296 68 876 78 933 15 890 56 620 141 420 21 941 106 903 6 596 29 708 95 913 27 382 61 145 117 788 24 134 124 295 93 799 81 537 73 128
76 20 1291 20 569 74 905 50 708 60 181 10 349 85 904 93 124 105 185 93 287 24 947 98 699 150 674 95 808 91 578 114 480 134 96 55 693 109 930 69 809 85 592
77 20 1592 63 80 95 447 54 569 133 637 117 409 118 613 122 565 104 124 136 208 77 815 137 408 120 131 136 545 106 247 78 565 65 15 76 347 108 954 79 23 67 892
78 20 797 18 735 51 781 146 483 42 550 54 710 79 299 45 164 7 932 58 939 76 809 116 969 1 557 100 165 16 696 23 760 65 786 34 43 22 383 32 442 12 647
79 20 1100 133 726 3 399 61 816 84 545 47 881 61 98 39 466 85 477 93 780 21 459 59 233 47 458 91 653 60 231 105 430 18 197 92 424 84 271 69 558 124 153
80 20 1151 53 955 1 622 144 451 12 83 132 258 88 67 136 401 102 570 121 461 20 790 43 302 61 95 21 951 4 83 98 191 78 691 136 866 116 723 49 317 24 113
81 20 1226 5 460 105 872 110 217 52 490 62 644 35 277 100 685 71 635 103 711 112 172 50 425 99 252 73 383 53 956 37 278 144 286 71 319 119 640 11 395 121 475
82 20 1308 104 248 1 600 114 123 118 505 47 615 35 950 110 532 56 120 101 610 29 979 146 866 7 839 86 905 149 695 43 773 120 800 137 311 22 469 100 129 111 636
83 20 970 22 796 114 730 17 177 119 86 150 81 17 263 7 307 54 829 41 59 99 669 92 956 117 8 75 180 36 985 119 411 34 459 56 113 36 349 1 125 7 748
84 20 1276 39 37 10 784 91 939 87 283 150 50 60 865 46 578 65 665 73 425 89 238 115 964 107 308 8 122 44 797 121 928 105 608 102 822 113 156 122 779 48 217
85 20 1240 78 550 25 205 76 44 98 690 38 550 41 248 5 571 31 164 117 316 114 400 143 996 66 975 104 89 138 765 49 384 129 916 129 729 29 50 99 954 42 319
86 20 1383 30 10 115 343 12 204 85 728 124 448 85 308 78 351 114 760 29 622 56 614 51 176 117 406 136 902 105 974 44 820 114 726 67 714 148 93 140 236 79 802
87 20 1400 31 840 101 329 138 781 96 912 17 146 102 110 70 808 43 966 120 57 107 873 79 815 88 880 146 696 144 635 16 455 102 215 129 75 24 893 49 85 148 920
88 20 1340 141 433 106 597 13 658 96 643 81 505 17 510 130 719 75 873 65 106 86 866 76 867 142 589 44 377 80 817 81 177 115 556 87 731 121 455 111 155 9 766
89 20 1028 37 509 1 683 115 169 102 48 5 831 137 951 39 47 26 6 125 83 70 420 94 738 24 838 4 747 135 588 30 258 97 278 69 421 12 534 56 104 108 852
90 20 1084 39 414 61 375 31 475 82 645 113 624 54 201 25 316 121 618 21 435 11 485 137 261 17 829 36 506 8 54 144 240 36 160 100 321 143 93 71 183 106 217
91 20 1337 32 136 91 847 45 379 136 828 143 603 44 148 129 154 121 462 45 899 90 662 16 814 124 713 136 711 50 59 35 632 141 695 55 799 24 788 135 876 80 85
92 20 1311 73 785 127 146 85 750 98 431 67 883 31 962 62 186 23 799 131 459 128 733 90 472 101 748 146 80 67 425 29 570 21 221 142 407 82 393 92 928 44 699
93 20 1408 106 974 133 274 131 431 131 930 2 4 141 399 49 615 143 962 127 235 95 622 29 667 116 810 112 973 23 394 57 996 57 719 30 510 137 257 41 389 100 65
94 20 1332 100 978 86 116 138 980 107 23 110 749 28 801 127 236 33 953 120 9 80 899 23 611 41 809 78 700 36 372 68 455 121 652 133 20 142 900 85 799 10 613
95 20 1255 48 184 8 156 131 934 92 328 77 689 46 52 40 136 43 914 13 322 88 598 113 464 142 271 120 511 67 635 34 180 94 706 126 488 71 600 100 49 116 74
96 20 1220 126 595 35 168 101 421 48 158 145 424 65 998 80 412 5 263 35 99 43 784 116 220 114 457 87 997 46 346 118 933 123 369 74 588 41 894 3 878 121 815
97 20 1174 140 606 110 172 13 526 57 904 84 684 133 534 72 919 16 766 105 781 7 598 120 182 41 772 40 278 78 747 38 902 14 610 134 404 107 360 106 78 53 124
98 20 957 82 988 45 75 52 684 111 52 104 845 9 861 16 613 16 535 39 298 132 794 70 474 98 817 67 668 16 635 12 633 146 227 39 127 12 476 37 906 94 822
99 20 1288 104 359 128 954 70 826 107 807 61 986 8 544 108 880 135 661 99 731 25 421 35 811 76 631 92 550 7 125 143 2 29 131 131 733 121 291 4 911 128 294
100 20 1186 57 155 60 620 2 500 66 610 56 749 66 724 28 627 142 819 40 572 147 694 38 1000 56 533 69 48 139 122 76 181 15 494 52 54 121 781 124 119 129 448
101 20 1109 97 766 93 979 60 726 42 471 102 617 126 392 141 234 35 148 57 326 60 486 8 556 81 801 56 758 5 920 12 80 17 894 48 834 80 66 131 99 136 759
102 20 1076 124 684 131 965 50 305 26 567 48 102 140 937 4 49 133 361 110 638 98 267 74 960 24 76 76 296 26 832 22 368 35 850 27 245 99 297 56 896 43 195
103 20 1084 75 188 88 791 127 569 98 813 28 81 26 197 60 911 44 366 84 321 138 116 92 555 14 611 15 497 118 341 103 843 53 444 20 854 15 68 42 707 116 125
104 20 1054 131 258 68 89 78 341 43 425 45 408 49 840 56 491 18 331 99 694 8 356 116 398 20 68 116 900 139 903 21 66 26 616 129 140 84 505 54 622 18 565
105 20 1251 129 650 55 758 120 513 55 887 13 978 143 217 8 743 11 110 15 553 142 112 44 358 61 939 98 254 124 236 12 799 142 753 87 549 107 218 81 551 117 47
106 20 1161 145 624 55 360 95 389 142 636 57 570 27 265 66 472 115 651 133 338 17 132 83 633 114 820 87 933 2 86 96 449 81 89 14 296 15 205 23 432 85 836
107 20 982 150 754 79 689 27 843 13 210 11 189 53 214 72 858 22 849 24 918 20 159 128 174 79 257 22 117 123 216 27 425 41 87 121 379 62 237 58 253 96 919
108 20 1107 45 786 107 556 147 580 40 832 22 682 18 809 93 89 57 715 118 996 57 459 84 61 64 201 39 215 88 810 130 901 72 604 28 778 47 782 116 642 12 568
109 20 1007 14 433 1 64 12 473 26 123 121 603 67 887 11 866 32 30 64 606 96 170 132 619 115 104 88 519 79 945 104 10 11 207 52 216 125 344 11 360 98 817
110 20 1218 90 571 87 726 141 230 97 192 140 902 80 858 28 530 36 85 123 957 104 745 126 219 6 420 87 474 53 581 20 210 140 375 70 999 40 838 41 986 14 78
111 20 1301 145 855 115 552 92 449 92 421 41 805 59 121 70 663 139 644 58 346 97 894 123 648 104 676 32 698 82 101 51 704 38 263 148 208 70 96 50 478 21 400
112 20 1274 57 584 114 361 118 645 140 308 130 681 55 395 146 971 87 506 20 75 129 967 68 629 18 241 42 6 27 851 127 262 103 919 21 468 44 98 139 747 8 943
113 20 947 20 95 79 987 98 656 6 179 49 357 13 344 61 916 119 311 147 926 58 14 72 406 53 727 17 81 50 5 26 106 44 554 59 299 25 609 116 669 72 467
114 20 1338 144 295 103 236 52 119 47 286 150 116 89 888 32 787 118 101 125 730 68 267 56 188 86 878 81 540 127 423 127 611 83 446 52 296 36 360 39 714 58 948
115 20 1157 114 408 33 511 99 666 5 914 5 566 141 987 28 497 66 429 27 758 148 894 38 487 83 177 146 43 62 244 10 747 40 324 127 247 79 970 77 327 119 873
116 20 1360 149 516 123 169 148 103 81 209 106 407 110 455 20 403 149 990 132 417 95 816 67 434 23 697 92 943 31 303 142 983 147 518 22 60 3 169 29 973 31 532
117 20 1227 49 532 116 574 47 672 115 469 52 820 8 46 103 476 93 268 83 391 21 463 88 14 138 690 59 644 22 281 4 6 48 36 120 767 104 879 121 762 143 84
118 20 1232 48 578 85 909 95 70 120 75 81 142 147 649 26 505 60 24 119 842 3 801 87 319 42 335 43 485 109 892 118 295 13 932 74 581 144 135 18 150 108 762
119 20 1172 145 437 100 687 131 98 34 494 5 666 16 340 95 554 93 574 94 799 36 732 142 799 39 597 114 489 6 27 126 810 8 305 69 349 53 400 60 302 99 715
120 20 1124 69 515 15 702 120 51 17 571 138 521 9 202 148 529 89 949 57 677 41 789 38 82 99 919 48 197 147 681 93 433 2 872 130 721 6 238 68 521 72 114
121 20 1102 129 684 60 670 15 809 129 52 31 774 121 366 37 732 26 68 36 591 48 544 114 855 93 138 83 736 145 665 17 323 88 648 57 106 24 924 32 721 93 751
122 20 1234 83 245 137 647 40 194 74 47 107 858 71 834 65 898 13 610 22 834 134 971 106 289 62 528 27 516 34 83 145 420 10 889 99 653 146 923 31 832 137 97
123 20 1339 33 415 10 961 144 750 138 284 92 485 90 957 67 705 125 492 21 63 77 284 89 833 149 993 19 323 49 97 144 447 123 870 126 239 73 866 33 842 72 683
124 20 1325 83 759 4 755 71 306 7 219 69 201 73 92 93 576 54 397 129 446 102 505 97 902 75 595 138 466 66 131 84 691 49 653 76 517 143 951 130 954 114 993
125 20 1176 140 964 149 193 10 163 100 51 77 404 5 402 6 928 91 882 150 143 101 210 62 76 23 108 112 146 21 47 7 953 116 47 148 298 97 222 25 479 31 247
126 20 1259 141 864 93 129 112 404 16 76 12 918 148 157 45 588 49 112 12 923 95 55 43 85 35 997 28 601 134 62 63 891 102 461 145 239 122 544 75 936 104 766
127 20 1150 124 290 138 919 7 965 77 496 127 327 118 892 59 266 55 811 22 773 62 357 76 272 3 653 15 381 114 357 129 564 145 489 25 741 72 94 68 487 2 18
128 20 1361 7 987 78 236 60 545 128 942 42 612 120 650 48 269 144 490 18 342 24 886 140 542 103 153 136 549 95 703 13 304 125 679 73 424 147 371 80 269 121 950
129 20 1136 136 109 115 52 65 302 83 27 24 707 116 397 74 821 111 993 17 57 105 52 2 389 13 333 116 620 94 909 104 160 90 836 7 968 4 23 97 524 48 580
130 20 936 103 240 31 967 22 363 135 759 81 905 42 115 87 295 128 40 49 402 41 164 28 476 56 108 35 861 143 262 51 707 1 938 2 514 42 785 82 122 11 549
131 20 1046 40 946 79 202 105 902 120 940 23 82 104 975 58 842 146 482 95 835 24 975 31 157 44 385 123 413 5 328 17 717 27 273 115 445 59 182 35 992 58 531
132 20 1199 38 901 61 673 141 242 77 578 36 932 8 468 99 45 85 894 4 532 57 401 113 712 97 531 63 815 104 468 144 111 7 143 119 146 68 367 114 895 64 626
133 20 1293 71 591 127 764 40 396 108 153 116 773 76 272 97 170 120 622 77 327 110 841 121 966 100 30 28 78 80 555 89 199 31 369 22 873 103 110 26 946 75 821
134 20 1160 103 121 95 711 26 101 45 902 62 70 93 110 80 743 112 883 59 593 42 176 115 853 116 991 21 775 93 31 51 516 84 522 8 159 146 180 50 235 49 334
135 20 1300 143 113 57 22 13 143 77 381 44 729 23 144 106 452 138 69 74 105 94 488 23 370 89 766 103 107 147 362 99 525 12 923 85 241 124 395 126 533 48 129
136 20 1238 150 652 80 302 57 499 67 857 36 588 77 911 94 201 6 41 116 621 97 86 113 470 1 114 114 824 150 491 149 749 2 533 131 139 22 360 27 180 59 129
137 20 1316 87 830 140 596 138 489 102 249 149 970 86 811 35 577 73 755 24 528 90 721 120 339 21 652 137 432 124 884 143 801 40 492 12 302 30 207 87 837 7 525
138 20 1181 134 372 134 634 132 141 29 731 27 784 10 513 41 847 11 15 9 184 101 756 55 374 59 491 75 616 76 383 79 270 147 291 34 394 145 369 38 825 141 496
139 20 1075 20 463 144 326 63 194 110 881 78 456 54 217 92 719 22 186 50 440 103 156 68 392 43 891 78 763 66 312 35 914 10 20 38 956 117 255 66 968 87 44
140 20 1104 43 163 126 646 89 498 93 551 101 430 38 994 38 773 72 347 122 200 36 237 103 76 21 390 29 367 78 146 4 636 27 777 85 291 63 342 75 489 137 104
141 20 1209 127 237 36 548 34 134 90 560 17 204 51 453 64 662 21 71 148 879 70 365 89 328 106 246 49 738 38 629 53 741 131 209 106 958 120 795 101 167 61 542
142 20 1396 110 79 108 494 54 459 118 50 150 117 67 129 14 639 126 276 81 959 106 975 9 726 142 16 95 783 103 973 86 93 97 920 57 559 28 832 91 777 104 169
143 20 1384 16 355 28 59 106 802 127 598 145 827 46 772 98 868 127 284 75 769 47 608 65 404 142 720 122 25 39 468 96 295 82 312 47 486 34 804 139 844 149 324
144 20 1280 80 50 110 124 98 562 125 555 4 310 34 206 139 64 90 20 5 575 150 317 62 461 124 169 70 926 146 577 58 184 52 66 101 280 68 92 66 887 18 625
145 20 1348 52 15 113 927 47 161 93 262 94 494 138 507 143 271 85 946 83 974 61 827 26 848 21 347 126 226 69 392 68 507 131 713 80 535 142 488 48 296 66 100
146 20 1160 15 203 86 264 49 699 41 161 90 374 122 934 84 5 5 594 6 592 104 989 17 732 99 293 148 568 75 473 24 708 147 323 111 153 42 55 100 579 86 599
147 20 997 4 138 9 535 135 549 57 378 107 540 13 817 97 180 118 351 143 119 55 90 25 686 12 173 139 717 29 928 25 613 22 214 71 450 47 999 113 533 26 69
148 20 1025 140 817 43 50 13 576 86 236 65 53 49 801 150 263 55 40 19 683 73 35 88 338 88 3 36 764 72 120 148 68 10 264 16 593 32 740 24 868 75 294
149 20 1256 142 780 131 786 61 456 91 489 63 958 119 115 22 684 63 28 86 577 59 69 99 631 104 515 43 648 142 356 93 300 73 776 75 248 15 854 58 47 31 858
150 20 1064 22 619 58 811 7 721 101 156 14 38 119 97 27 254 142 268 72 358 28 943 147 304 27 772 125 264 107 212 15 805 134 840 87 733 14 819 18 227 66 402
151 20 1343 134 949 49 385 134 70 31 756 72 498 22 268 96 225 69 451 50 894 99 38 115 568 64 949 6 655 132 55 81 518 69 238 122 43 116 913 136 207 82 793
152 20 1379 137 518 34 751 13 415 140 694 134 649 63 80 12 757 146 55 127 501 131 462 135 568 83 611 127 506 95 173 53 560 65 580 30 162 1 401 66 660 132 215
153 20 1068 59 481 125 985 29 516 75 804 57 208 68 522 17 497 45 77 105 668 25 269 96 139 136 489 19 578 105 919 53 239 101 268 65 754 86 41 69 182 1 687
154 20 1171 24 204 75 571 16 631 76 727 115 322 125 962 101 186 114 984 19 37 96 932 82 438 26 711 149 244 125 808 15 634 36 232 145 455 39 630 61 661 25 176
155 20 1214 33 33 68 889 110 543 52 272 72 840 4 386 24 322 121 599 42 132 98 120 1 446 116 879 82 279 150 14 84 35 25 289 78 376 132 63 135 571 91 916
156 20 1274 91 370 55 83 10 710 29 441 100 85 131 250 120 495 108 447 142 241 112 512 78 929 2 347 69 690 115 678 5 853 88 556 149 375 52 169 130 37 7 60
157 20 1273 1 892 74 179 97 12 135 212 24 514 76 194 91 217 84 156 66 70 87 238 54 970 145 695 119 342 146 302 105 832 23 14 53 519 55 635 34 170 123 836
158 20 1172 101 49 128 9 5 940 43 177 142 439 74 97 51 117 114 460 82 199 53 42 72 102 41 76 35 976 45 488 21 313 93 976 130 431 87 980 6 739 143 284
159 20 1083 34 30 26 597 41 896 12 778 42 410 30 609 123 279 145 175 63 11 127 556 73 490 92 898 56 883 53 875 72 525 20 68 113 319 100 823 122 526 10 993
160 20 1126 42 996 5 902 93 865 30 256 79 174 130 944 76 650 71 781 69 683 86 867 22 365 46 461 34 971 39 493 1 748 118 356 135 140 115 326 102 247 115 371
161 20 1294 24 848 20 155 80 878 124 636 23 264 135 380 53 967 108 507 72 565 54 481 79 417 109 903 114 35 147 701 46 142 40 111 57 924 107 710 135 534 91 414
162 20 1373 5 410 70 822 119 562 76 310 100 894 127 479 36 560 135 203 61 595 59 967 106 764 131 515 15 843 118 101 38 831 138 687 119 333 114 87 9 468 141 961
163 20 1135 89 780 31 931 35 888 54 729 86 997 57 195 127 193 21 815 104 805 128 135 2 275 70 502 95 883 32 522 87 136 65 270 6 996 74 711 140 932 116 400
164 20 1104 12 97 65 104 35 47 37 700 104 612 43 634 108 118 87 705 86 21 18 310 147 344 127 800 14 466 6 470 113 789 40 355 108 1000 121 147 29 208 80 221
165 20 951 60 816 42 1 12 820 144 636 100 323 138 789 51 5 35 271 46 858 8 379 36 405 120 735 33 574 120 942 23 14 72 347 30 198 9 266 4 658 106 923
166 20 1302 21 231 115 22 145 980 97 136 67 297 68 811 104 60 77 711 123 278 1 413 80 99 128 670 66 756 35 867 58 996 132 468 15 652 139 409 64 925 93 639
167 20 1324 76 224 60 597 100 170 108 450 1 119 70 447 132 720 7 141 65 211 57 567 104 729 16 302 117 938 148 497 148 614 103 306 71 70 135 670 13 612 125 722
168 20 1337 140 268 35 956 94 12 149 450 108 254 17 928 81 727 147 74 125 480 59 710 96 180 127 919 3 866 123 485 77 871 13 387 9 117 108 202 149 960 12 466
169 20 1051 120 671 138 265 11 669 47 163 60 774 95 247 10 772 125 536 25 458 26 22 42 806 94 584 49 268 46 954 30 712 150 818 23 245 41 631 55 98 127 944
170 20 1258 130 688 52 774 24 958 124 592 138 901 52 359 36 663 8 893 146 486 62 616 109 445 46 701 116 139 20 568 9 444 96 629 134 518 120 509 48 554 103 249
171 20 1036 119 319 11 845 131 215 78 771 83 900 28 847 81 240 135 667 82 589 75 850 20 760 25 566 5 452 77 148 27 935 34 515 79 854 49 886 9 395 148 671
172 20 1008 19 107 3 584 4 661 58 883 3 108 145 314 35 190 137 745 43 547 51 350 59 672 37 414 110 820 9 365 121 154 134 259 26 658 122 423 25 98 119 200
173 20 1342 34 277 37 853 141 561 119 796 91 70 39 629 4 224 119 377 33 913 94 114 50 373 136 415 86 169 68 4 128 83 67 764 107 196 91 35 136 701 98 298
174 20 1468 135 887 92 171 147 855 92 560 90 566 96 527 102 70 105 555 53 326 150 30 51 397 83 601 107 919 144 205 128 199 48 243 66 931 126 16 10 410 11 635
175 20 815 55 207 110 211 85 560 24 185 25 714 44 248 38 171 85 195 22 75 4 930 118 538 19 944 21 882 65 762 29 206 105 618 112 131 17 946 30 119 11 100
176 20 993 22 838 136 546 50 773 48 781 139 571 97 644 93 850 80 708 93 564 30 302 4 192 28 537 63 915 133 945 65 564 10 151 18 558 49 996 23 330 61 986
177 20 1241 113 153 81 552 125 660 110 278 80 984 99 229 126 659 33 959 3 990 94 126 3 606 135 891 31 11 133 724 52 282 120 659 25 68 28 925 144 679 17 283
178 20 1091 93 243 31 693 58 778 150 940 54 412 56 599 13 516 66 751 131 702 113 741 108 342 53 3 145 19 38 410 62 326 17 766 62 861 33 451 28 88 53 394
179 20 1003 51 273 20 538 67 939 72 977 51 364 120 860 149 43 120 84 88 851 34 6 27 9 44 400 33 374 20 692 87 801 65 823 75 255 23 75 12 843 96 1000
180 20 1218 42 480 138 673 73 92 10 22 56 747 73 547 22 938 105 520 21 63 18 241 57 638 133 380 125 85 126 16 27 311 94 90 82 946 46 527 149 788 126 143
181 20 1250 20 203 115 503 89 125 73 85 135 150 30 635 73 626 113 899 69 684 133 345 37 615 31 874 95 604 123 304 4 349 117 572 127 668 28 42 118 472 33 139
182 20 1144 96 8 15 752 20 254 42 895 92 443 150 766 143 411 5 324 105 178 56 390 144 513 77 893 32 607 30 437 106 694 19 913 81 45 110 58 41 774 67 624
183 20 938 79 777 49 922 45 67 78 813 12 354 12 389 47 470 11 157 62 619 130 557 70 760 57 735 79 977 23 164 71 493 56 177 62 362 66 467 66 187 98 42
184 20 1206 22 148 32 275 101 858 147 576 32 581 57 99 134 644 77 976 20 609 100 41 87 533 90 971 145 749 12 258 99 454 121 247 148 497 15 74 19 69 50 288
185 20 1193 35 445 139 863 57 852 70 70 18 94 38 540 63 420 100 103 104 682 59 302 66 763 118 505 42 893 146 292 112 393 12 412 143 601 10 100 136 50 24 232
186 20 756 4 328 4 479 5 808 25 528 30 986 7 501 126 949 79 457 117 53 74 903 19 822 55 936 3 889 119 977 41 724 40 919 3 699 38 366 145 983 12 632
187 20 1076 64 904 80 264 21 13 67 764 68 978 123 215 114 209 83 274 83 857 10 278 140 711 125 417 52 777 22 854 106 208 57 314 31 367 55 598 33 768 12 594
188 20 1186 39 501 130 724 135 817 55 460 122 272 79 536 84 802 16 855 11 278 57 442 137 86 107 703 97 498 96 215 62 216 115 919 31 824 28 127 36 670 46 905
189 20 1289 92 12 118 316 107 176 12 170 130 448 120 568 115 263 83 492 51 455 61 918 100 75 131 697 45 846 2 339 101 89 74 254 39 468 3 818 140 121 88 176
190 20 1148 125 600 106 1000 24 622 98 119 22 350 39 185 48 774 78 132 11 343 97 142 60 589 84 835 118 145 7 535 66 449 134 924 48 76 99 521 140 436 32 798
191 20 1163 101 991 93 596 84 145 81 836 78 778 146 440 6 613 27 428 82 598 54 220 37 495 90 833 87 188 75 729 13 845 110 270 19 139 99 204 141 95 31 301
192 20 957 11 666 45 788 5 36 59 319 77 741 27 758 108 584 3 615 10 413 8 939 67 636 115 381 37 434 129 512 112 313 61 230 61 813 81 449 126 816 55 778
193 20 1452 66 219 124 649 107 232 43 482 111 528 40 771 144 383 21 447 72 774 146 205 125 757 125 492 96 496 55 842 131 590 57 918 82 61 90 734 74 567 106 76
194 20 1131 76 831 127 95 130 359 24 644 6 960 75 608 113 116 30 377 4 725 8 122 140 791 95 960 40 278 105 206 135 221 57 587 91 552 70 182 51 142 37 15
195 20 1188 51 202 6 304 138 136 56 601 27 108 148 522 65 987 34 457 60 415 33 827 62 576 12 73 41 416 42 251 89 784 81 67 136 380 137 250 129 251 138 904
196 20 1228 109 880 145 422 11 618 79 583 47 583 134 644 12 468 120 175 64 143 70 613 145 458 20 48 117 166 67 534 128 135 34 2 31 286 56 396 45 714 102 366
197 20 1222 104 117 150 303 35 396 86 366 124 858 34 642 57 167 92 471 71 207 43 966 22 363 148 161 141 883 77 823 71 703 54 747 77 455 123 612 18 258 1 487
198 20 1231 77 611 104 809 122 240 88 685 64 626 18 310 73 834 14 345 117 159 84 931 64 887 121 64 58 565 26 305 123 866 10 762 76 741 123 731 105 316 72 35
199 20 1396 98 72 110 27 147 733 85 928 21 418 106 618 117 702 123 469 5 761 4 425 126 352 93 281 14 452 97 788 149 250 113 372 67 807 77 399 105 568 89 923
200 20 1126 95 63 17 198 102 541 95 279 108 671 18 229 75 424 70 353 47 222 56 212 132 944 139 898 32 492 70 476 25 893 4 739 84 652 33 757 124 446 82 291
201 20 1196 78 303 16 549 142 484 64 339 69 144 51 112 119 57 65 777 16 617 29 403 26 426 121 456 143 800 74 632 108 152 107 916 86 500 52 416 100 54 30 492
202 20 1535 47 510 142 771 148 176 137 355 11 428 31 482 145 792 139 941 94 305 51 885 53 225 72 713 124 454 150 761 141 984 85 853 58 53 143 220 45 533 103 809
203 20 1165 38 632 83 454 23 357 86 703 106 659 42 768 141 691 124 500 89 110 23 428 46 827 3 258 99 213 100 823 135 549 105 554 23 261 66 706 39 677 86 489
204 20 1025 91 560 58 466 19 737 48 725 12 412 140 961 11 616 123 603 51 398 133 570 138 457 38 324 69 857 49 235 34 854 26 840 10 803 49 302 84 348 99 465
205 20 1386 121 958 80 949 4 981 15 1 126 444 8 970 99 517 121 442 60 380 133 796 11 507 76 40 146 358 8 238 115 214 119 540 132 290 136 663 135 819 88 968
206 20 1137 125 594 89 544 37 587 113 72 22 351 40 966 112 184 16 529 53 615 96 489 104 938 84 45 41 887 134 51 104 903 4 116 119 920 85 813 17 171 27 193
207 20 1474 109 680 92 134 150 361 109 899 135 832 89 327 14 748 99 401 125 253 138 78 102 863 20 853 102 560 5 110 123 124 138 729 17 747 120 154 42 933 114 49
208 20 895 7 682 66 609 75 556 6 646 146 282 66 548 43 446 96 62 4 977 119 213 101 963 4 403 106 184 13 830 76 268 29 612 7 177 34 797 55 449 66 258
209 20 1404 122 119 117 197 105 893 135 458 83 553 13 930 102 33 5 580 138 717 119 138 147 197 105 499 56 128 66 930 147 691 69 612 60 238 65 939 75 105 26 279
210 20 1033 52 342 82 637 88 29 62 15 123 538 1 172 54 808 1 852 64 871 98 243 143 499 105 826 17 675 97 752 39 589 68 118 3 4 42 872 45 6 108 661
211 20 1297 128 958 140 789 4 42 129 687 9 561 35 50 69 20 139 626 142 638 84 244 119 902 126 270 32 714 114 986 66 994 16 685 86 426 135 207 10 7 39 280
212 20 1086 46 594 44 978 52 555 27 849 39 918 15 991 148 666 10 653 134 604 83 192 149 608 110 78 143 199 58 841 126 684 3 243 70 43 63 123 22 2 16 328
213 20 1191 101 869 18 177 38 376 10 888 129 627 50 341 16 433 134 304 104 385 143 487 77 506 97 971 102 309 54 933 53 712 147 68 37 981 15 663 103 921 61 173
214 20 1211 51 927 72 608 86 912 94 331 80 241 135 737 33 903 13 401 90 676 93 280 121 317 51 28 100 285 98 518 35 346 89 396 46 439 41 780 126 244 60 459
215 20 788 21 967 49 661 54 231 78 159 56 174 5 909 76 216 29 94 5 13 103 811 18 590 61 87 25 959 33 767 32 615 58 477 147 909 59 318 23 780 54 477
216 20 939 15 628 62 773 94 438 23 879 6 216 57 430 16 370 144 363 112 995 87 187 48 265 11 450 10 108 135 190 126 312 2 849 82 776 87 211 27 747 30 832
217 20 1030 136 411 51 502 113 444 112 688 84 874 86 783 56 320 137 455 31 856 41 252 2 713 3 614 75 886 1 102 18 586 93 2 62 565 41 747 140 916 6 476
218 20 1376 38 289 44 633 1 787 17 462 99 611 79 617 121 768 104 251 122 115 145 176 136 430 58 715 80 483 93 523 95 436 123 119 80 416 84 219 125 599 76 829
219 20 1117 40 748 9 460 74 352 11 434 122 42 101 909 22 279 121 462 77 30 103 518 107 168 89 230 66 327 98 91 31 817 20 522 130 173 78 64 33 729 65 146
220 20 1216 43 819 26 332 62 931 67 537 93 486 119 594 91 958 36 739 109 516 57 724 148 952 55 770 97 305 40 584 78 398 114 437 107 684 1 678 78 63 99 982
221 20 972 9 136 73 917 54 452 149 260 64 645 20 792 83 324 50 681 24 11 61 994 7 816 87 70 150 247 4 348 35 912 30 773 143 905 48 901 103 512 22 188
222 20 1230 77 728 1 624 113 915 97 322 148 550 106 261 124 904 77 52 101 179 43 196 68 671 96 505 77 213 71 431 5 766 12 612 144 763 56 641 1 397 121 985
223 20 1097 49 771 104 705 45 476 67 916 61 957 21 722 113 815 31 744 73 740 63 571 122 830 18 505 3 758 2 765 150 864 76 316 147 277 38 942 126 674 63 606
224 20 1523 139 883 145 448 107 99 122 238 51 743 131 724 101 832 69 682 125 575 54 201 127 761 132 502 44 153 78 578 114 365 59 574 31 73 82 56 92 983 101 28
225 20 936 10 683 97 421 85 974 100 793 1 346 25 832 64 414 7 842 112 626 65 617 10 534 22 113 27 121 90 513 93 312 41 855 105 657 31 86 90 805 95 842
226 20 1194 90 909 52 272 128 10 29 358 52 167 45 32 150 718 73 492 13 149 7 795 1 426 87 410 117 45 5 523 99 246 125 218 79 572 148 996 79 215 114 226
227 20 1199 61 627 145 148 79 870 35 138 79 659 93 209 121 590 90 781 121 89 148 685 30 606 33 819 60 646 52 359 76 183 75 380 24 193 91 591 72 562 14 153
228 20 866 34 492 32 114 12 322 5 881 26 875 130 900 26 533 10 828 119 875 53 382 74 131 2 318 113 548 12 997 126 207 18 230 89 278 64 901 75 260 63 546
229 20 1417 50 260 6 380 31 366 135 971 135 466 132 524 126 75 59 365 70 604 97 169 63 273 144 631 52 569 50 796 148 450 93 489 148 185 24 363 77 787 132 742
230 20 1224 110 314 112 13 125 945 59 369 43 542 16 431 21 492 29 792 69 804 119 535 37 470 144 553 150 140 138 753 84 879 14 319 36 853 74 319 75 695 76 536
231 20 1176 79 626 10 762 7 624 100 27 107 640 99 196 49 466 130 383 26 909 96 395 62 325 44 365 137 623 85 563 130 540 23 643 36 705 41 900 68 519 141 208
232 20 1132 37 258 54 796 40 864 38 555 115 992 58 804 146 866 137 795 137 23 16 13 30 756 105 924 59 704 113 146 7 224 103 1 92 270 52 689 13 997 63 749
233 20 1138 6 527 1 412 17 58 29 253 71 517 65 413 57 105 47 991 123 98 133 92 111 761 35 609 35 34 60 926 144 603 127 198 74 663 113 961 60 790 115 23
234 20 1178 94 367 85 823 112 378 30 817 90 506 19 9 115 856 30 376 34 837 145 816 20 578 75 610 107 547 80 240 101 711 97 418 20 200 93 541 102 420 24 357
235 20 1216 129 201 66 224 85 501 59 518 144 305 74 814 96 45 39 281 109 642 15 881 37 532 58 666 131 705 94 974 106 422 45 437 43 564 5 686 39 233 146 922
236 20 1337 78 629 125 525 14 721 144 595 86 781 13 512 134 800 9 74 11 691 115 25 138 239 126 401 106 51 84 82 1 530 123 276 24 848 141 614 66 254 134 618
237 20 1220 109 14 140 646 116 191 79 118 92 428 134 591 120 633 101 42 12 62 23 338 123 349 48 12 75 615 35 989 69 874 10 980 70 205 42 640 44 905 83 24
238 20 1323 107 781 9 830 101 593 141 709 78 162 119 226 57 207 140 38 110 651 97 444 48 435 34 485 40 802 73 44 84 521 19 27 56 780 116 115 102 993 123 191
239 20 1233 77 593 100 382 120 753 60 305 37 366 125 456 71 587 5 302 3 519 20 568 124 5 123 840 3 939 141 369 74 760 127 392 51 483 142 893 89 64 50 129
240 20 1180 98 508 2 803 58 856 126 296 118 220 44 362 46 502 120 96 90 985 70 425 50 776 2 150 134 214 94 411 44 69 16 642 16 748 95 816 150 982 102 447
241 20 1544 91 170 70 237 87 898 108 216 15 338 30 130 136 995 93 376 111 720 97 222 132 35 88 412 75 330 137 260 85 293 127 214 144 200 102 719 86 176 116 764
242 20 1084 130 47 47 394 26 323 10 247 81 685 3 241 112 295 22 530 141 277 35 188 24 559 79 664 60 676 98 778 101 584 59 474 67 783 112 752 108 62 40 779
243 20 1058 130 16 43 296 143 390 7 72 66 772 86 312 5 493 71 698 45 154 110 290 150 655 57 2 29 866 87 754 92 43 3 218 83 442 1 670 96 613 19 735
244 20 986 91 912 12 995 49 750 62 532 6 189 27 910 122 375 77 782 12 470 146 337 87 610 1 170 11 696 20 49 43 232 131 343 44 284 80 653 63 531 149 192
245 20 1181 109 331 111 960 20 982 1 474 53 320 133 590 104 237 81 788 102 935 33 413 128 25 85 687 77 518 28 974 2 496 124 277 50 364 119 691 107 482 10 509
246 20 1220 64 788 96 655 76 566 117 810 86 950 39 809 6 305 148 218 71 975 124 73 106 323 35 770 127 76 67 196 1 436 63 292 6 307 123 301 116 954 54 848
247 20 1406 1 394 144 977 95 286 96 1 76 355 132 524 115 610 49 728 133 282 150 496 125 994 7 27 86 552 128 906 30 20 76 390 97 812 84 830 58 554 76 375
248 20 1441 93 446 64 457 115 743 106 643 117 632 140 679 143 102 116 10 63 352 82 280 47 304 60 121 33 585 115 656 106 534 83 975 36 622 112 342 65 942 106 581
249 20 907 23 947 85 512 21 848 54 735 48 965 9 563 45 503 106 925 42 360 3 431 125 80 120 978 50 334 27 99 42 41 62 333 2 455 57 851 71 868 142 654
250 20 1071 54 182 31 943 32 723 30 456 109 570 89 665 142 659 7 952 25 578 17 538 18 966 132 471 52 476 33 476 61 375 109 878 111 259 124 467 116 20 47 343
251 20 1062 127 896 11 563 47 965 148 338 37 272 88 230 41 804 37 590 147 93 37 868 20 81 72 646 124 701 16 806 33 912 68 436 8 963 111 656 132 288 24 243
252 20 1336 60 868 8 665 107 192 147 270 145 652 112 237 53 444 140 90 46 386 107 971 17 822 105 12 7 326 126 409 30 280 97 834 137 123 57 667 29 817 141 924
253 20 1173 70 852 24 573 33 277 65 725 90 517 61 610 105 425 11 922 116 40 101 676 51 339 136 143 101 655 33 323 87 160 47 509 11 892 77 813 117 463 131 840
254 20 1324 108 27 72 434 106 93 104 526 116 870 15 863 116 671 11 138 134 903 77 552 84 921 30 658 89 398 51 344 97 105 89 841 85 810 123 766 145 67 3 818
255 20 1172 116 475 34 902 49 124 91 147 1 182 124 834 25 772 113 886 12 436 110 346 52 761 145 986 105 541 20 455 109 431 50 302 100 744 131 774 77 785 2 319
256 20 1516 83 900 88 814 147 324 47 627 117 445 122 223 97 382 62 167 76 416 86 512 84 415 135 52 6 703 145 646 127 349 149 308 80 63 51 845 102 428 92 244
257 20 1288 26 761 109 90 148 432 111 878 96 366 139 287 57 296 63 353 69 970 61 103 122 66 86 207 98 276 5 486 149 212 1 604 19 986 52 438 138 244 62 403
258 20 958 56 339 35 260 130 357 68 797 24 98 19 663 99 447 76 175 13 144 39 749 100 455 72 613 70 583 2 83 98 677 52 543 57 113 6 94 78 461 104 347
259 20 943 54 485 7 954 27 221 14 960 40 552 135 456 4 188 2 451 125 405 124 131 130 512 39 676 41 359 33 84 6 706 135 750 69 765 108 240 81 434 5 744
260 20 1368 145 470 93 281 23 687 51 229 33 540 31 544 149 917 118 271 101 777 114 522 143 693 112 674 16 392 102 265 118 615 49 594 74 786 20 514 133 422 85 762
261 20 1133 44 626 141 693 74 760 78 161 8 197 89 979 93 326 76 620 126 653 29 525 16 103 111 807 55 391 99 366 97 438 72 890 50 627 37 494 4 129 118 241
262 20 1244 102 44 138 108 6 175 115 843 51 30 19 511 116 902 10 24 29 780 80 195 128 737 84 253 122 649 29 22 44 617 12 294 146 912 145 91 34 866 146 260
263 20 1255 101 914 114 191 111 528 60 394 43 132 90 964 118 246 104 469 14 979 147 259 111 392 23 494 131 347 17 492 100 128 99 290 45 898 105 588 28 963 8 818
264 20 1056 78 471 52 110 99 125 34 774 87 571 47 411 12 249 12 611 106 174 141 512 56 114 125 192 19 375 20 993 48 399 52 499 140 196 40 495 133 51 19 169
265 20 1323 75 699 61 767 137 842 113 209 129 834 35 85 147 659 62 830 13 59 83 557 111 865 118 692 101 915 125 240 87 98 54 869 88 526 33 571 73 669 9 825
266 20 1244 6 665 34 841 40 120 17 711 66 677 83 932 135 771 146 633 68 36 86 78 53 893 118 264 11 238 123 714 89 666 105 819 91 676 23 202 122 932 139 927
267 20 962 47 206 90 368 115 547 71 983 33 237 81 785 64 873 62 978 8 212 109 350 100 161 44 539 20 867 47 332 134 544 26 179 21 934 62 666 65 564 4 83
268 20 1592 41 219 92 359 75 357 130 997 116 639 85 757 150 646 85 260 95 279 104 800 121 910 96 461 93 324 86 481 8 801 115 361 101 664 142 891 116 817 139 670
269 20 1104 2 166 106 140 8 103 8 581 86 356 125 343 75 546 12 619 68 411 63 773 111 892 102 839 106 84 49 343 95 726 81 23 34 739 87 239 35 395 128 350
270 20 1413 109 358 11 531 44 839 134 633 31 310 131 731 107 710 137 215 54 312 130 764 82 876 60 611 16 190 84 252 121 216 112 311 146 936 50 569 82 39 126 891
271 20 1277 29 690 71 792 104 587 12 688 140 744 123 610 74 655 90 211 8 556 84 629 79 269 145 729 119 666 131 175 48 986 32 571 55 641 55 718 118 971 80 243
272 20 1348 103 360 53 105 11 657 69 250 42 801 52 986 29 886 128 818 101 734 132 780 143 853 90 801 46 391 25 674 125 245 120 1 77 239 62 129 133 833 144 269
273 20 1412 140 463 88 6 29 476 146 945 120 273 81 859 45 52 116 68 15 982 46 773 97 111 65 526 127 877 133 67 92 866 110 227 72 446 122 248 6 723 116 560
274 20 1325 119 269 120 719 78 653 104 581 63 104 76 655 53 546 101 873 97 513 103 823 129 25 4 267 87 362 87 986 95 865 61 689 26 342 124 376 38 381 92 13
275 20 1144 106 534 149 515 24 525 20 591 23 915 74 877 79 505 82 992 9 663 114 541 48 391 142 640 139 211 71 669 66 833 105 499 22 216 50 101 73 996 34 706
276 20 1156 5 980 47 151 12 128 85 752 10 722 105 122 72 263 98 445 30 936 138 394 32 708 16 257 96 546 68 766 39 671 120 637 101 624 115 580 111 573 145 909
277 20 1299 75 67 72 743 73 411 137 923 127 692 107 60 134 835 63 649 145 920 91 136 73 958 16 844 57 667 22 313 64 270 77 257 98 850 121 169 67 762 5 162
278 20 937 112 228 65 334 15 840 125 339 69 890 23 237 102 461 16 870 106 846 132 124 17 412 8 211 11 419 138 178 97 594 22 539 22 541 25 834 57 702 10 50
279 20 1108 30 450 66 633 49 827 31 322 21 460 70 840 23 754 61 563 133 252 86 378 38 805 16 789 70 265 28 162 150 690 145 794 96 483 135 771 68 955 69 668
280 20 1012 47 454 51 951 115 186 105 95 45 797 30 182 5 127 13 496 75 963 147 99 18 905 44 71 137 845 101 817 20 958 38 454 49 824 140 230 82 817 3 106
281 20 1168 23 200 23 570 98 145 49 212 81 881 111 797 144 441 80 260 133 971 79 250 17 311 60 303 30 824 145 328 25 270 100 920 127 790 52 28 4 129 80 762
282 20 1222 93 758 123 101 36 489 79 444 55 231 59 892 137 529 15 344 95 973 20 685 110 166 125 4 121 180 145 769 77 429 34 159 52 6 64 785 82 361 6 482
283 20 1308 11 355 15 340 120 365 85 572 44 8 36 602 146 583 149 549 140 562 148 762 36 483 139 819 111 902 24 344 32 142 147 380 39 378 110 561 101 124 3 489
284 20 1148 150 390 17 380 84 950 99 514 130 524 2 19 47 95 4 84 114 669 141 822 8 827 114 637 25 468 39 991 81 730 17 178 25 755 47 847 147 109 144 715
285 20 999 119 603 40 669 114 794 30 150 96 909 62 791 24 9 104 651 79 654 61 907 24 373 90 850 6 711 22 761 89 208 100 921 55 20 95 67 32 892 7 600
286 20 688 11 83 9 730 78 325 18 327 44 730 4 25 28 303 14 21 5 717 14 903 11 894 103 746 5 927 39 101 64 958 59 502 88 633 140 827 78 811 49 579
287 20 1092 114 925 50 412 144 977 64 494 103 250 71 449 16 998 63 523 2 895 31 872 130 612 146 286 45 592 82 784 57 846 39 367 25 763 6 482 64 697 113 943
288 20 1160 19 176 87 296 36 433 79 36 78 676 102 869 97 366 124 508 121 621 150 945 126 739 14 821 143 485 19 408 20 460 101 60 69 379 39 570 4 155 22 185
289 20 1032 5 722 78 645 88 152 76 309 26 578 90 3 122 705 93 573 28 285 119 227 2 44 41 225 17 999 144 99 64 261 38 924 124 727 44 29 22 663 70 426
290 20 1375 31 650 116 468 12 912 115 591 63 973 44 469 123 823 72 856 49 646 88 868 59 570 129 811 135 116 43 583 130 159 97 95 111 481 52 506 145 312 105 944
291 20 1157 47 117 57 467 96 442 76 753 120 612 41 282 55 881 62 19 9 936 55 23 28 321 33 52 104 281 120 485 14 381 137 863 108 748 76 209 64 75 145 388
292 20 963 108 220 99 168 30 740 61 548 31 306 24 477 30 689 36 230 126 692 138 833 26 591 117 866 10 450 6 248 82 1 81 201 5 477 62 632 40 224 92 481
293 20 1302 117 360 20 991 103 500 86 936 72 355 13 458 124 887 62 268 67 191 122 167 53 738 145 482 136 556 29 552 91 792 112 656 102 313 61 322 95 497 18 964
294 20 1086 93 142 20 159 19 349 141 88 30 966 42 4 7 810 7 978 47 370 1 140 134 299 108 434 98 545 114 987 69 812 76 825 71 977 124 785 67 422 90 25
295 20 1258 38 573 73 877 62 758 26 173 41 665 127 152 61 774 43 734 132 845 72 506 116 501 148 331 38 260 53 789 102 726 136 548 71 185 67 382 69 131 98 942
296 20 1484 128 849 40 76 110 755 92 92 78 870 133 425 12 727 138 583 141 959 108 238 10 327 16 785 124 254 138 449 127 338 28 790 89 839 115 362 89 433 139 901
297 20 1126 115 390 37 187 71 928 4 108 90 130 30 842 85 410 56 932 145 582 33 448 41 235 145 202 80 538 83 795 121 49 102 952 10 642 50 430 77 811 33 637
298 20 939 120 279 2 714 39 991 12 688 110 954 26 764 56 566 56 830 119 943 115 970 72 434 24 606 5 986 4 79 101 39 22 19 81 734 56 37 58 377 96 795
299 20 1289 72 755 121 339 103 738 85 173 62 861 64 489 14 175 47 70 55 589 129 92 91 644 131 26 134 877 65 37 58 685 93 97 114 1000 108 981 41 922 25 2
300 20 997 46 787 24 272 58 126 30 115 22 131 37 631 47 394 76 334 53 495 115 909 13 302 127 921 24 766 89 588 11 154 74 882 80 593 122 891 142 709 57 312
