1 20 1077 22 1 26 136 122 12 90 251 17 78 33 89 88 36 91 73 10 171 129 137 41 271 143 185 147 170 5 27 5 233 82 155 99 141 110 60 73 183 14 121
2 20 991 14 240 106 152 45 207 5 197 141 156 50 39 5 256 101 51 86 165 53 57 91 294 96 237 25 281 9 250 125 21 53 88 99 223 25 264 80 71 30 203
3 20 1301 45 257 83 283 95 287 144 64 89 259 81 250 30 65 143 129 89 21 52 22 41 195 96 213 106 75 13 289 72 182 112 137 118 226 104 92 107 244 7 135
4 20 1090 23 42 82 208 117 140 131 217 81 100 30 186 53 272 48 53 116 33 50 42 71 172 46 205 123 222 16 285 100 15 49 295 57 239 33 30 97 118 40 280
5 20 1134 47 279 139 155 66 202 96 283 145 63 31 173 121 231 117 220 11 252 35 186 73 31 117 232 21 266 116 272 15 260 96 123 83 56 39 124 25 189 25 227
6 20 1143 58 266 119 239 91 20 15 143 29 272 84 235 96 208 72 262 60 231 20 220 116 176 10 115 143 80 19 192 69 80 120 85 66 203 7 267 97 159 138 70
7 20 1292 97 264 49 17 99 52 87 173 122 198 37 103 18 180 76 259 147 226 97 256 88 93 105 248 71 113 65 103 43 255 26 174 140 59 149 212 40 156 60 151
8 20 1287 147 138 149 56 137 263 83 127 28 70 34 90 70 67 66 284 33 233 62 74 142 23 137 96 100 275 129 50 12 91 58 211 15 55 107 154 43 248 57 190
9 20 1123 127 138 139 107 2 21 121 31 84 100 55 160 34 135 95 48 45 159 31 295 44 135 119 26 19 236 25 147 121 247 11 144 8 243 124 121 71 136 129 254
10 20 1196 149 214 61 244 93 134 39 71 55 89 61 73 140 267 142 201 75 94 26 19 34 116 23 36 77 242 131 98 75 127 119 132 106 241 58 216 14 83 18 133
11 20 1159 45 172 17 79 91 121 36 264 57 282 58 289 94 139 75 13 99 3 140 73 41 99 53 203 137 89 39 298 51 95 15 2 142 171 97 96 140 51 22 85
12 20 1312 138 256 9 87 123 28 9 11 38 293 47 118 90 5 42 58 112 241 135 300 49 2 119 129 135 114 39 63 95 30 145 107 99 2 50 129 117 95 49 295
13 20 1325 1 62 140 161 74 22 23 160 106 235 126 167 53 20 145 181 18 232 84 46 95 269 132 142 58 84 126 142 76 67 49 230 110 58 22 194 130 292 89 265
14 20 1336 89 135 23 266 98 272 71 91 144 113 150 179 96 145 99 25 101 230 89 50 144 57 35 75 79 52 75 289 71 46 63 50 66 36 76 179 44 63 58 274
15 20 1329 64 231 18 245 55 234 139 210 95 269 120 51 135 16 128 237 63 123 15 113 105 132 135 217 59 45 111 248 81 264 25 288 18 272 120 1 113 240 63 260
16 20 1085 12 275 48 72 107 17 62 282 141 252 90 12 30 101 123 95 104 260 2 258 1 113 35 90 45 49 117 60 136 237 26 60 99 135 118 278 25 119 36 124
17 20 1224 62 90 9 237 62 125 144 58 85 5 120 294 42 227 22 41 65 82 94 261 119 273 77 140 113 90 111 108 82 291 53 184 5 138 130 95 130 173 6 40
18 20 1280 140 121 129 262 104 139 134 185 31 55 68 6 108 158 95 149 102 136 14 186 79 124 41 278 80 36 116 73 5 218 16 158 29 234 86 13 147 170 77 273
19 20 1149 22 187 22 152 55 154 140 95 12 178 27 39 113 107 43 65 79 41 6 261 71 255 100 278 123 137 111 250 137 43 118 209 76 79 35 96 69 92 78 265
20 20 912 6 159 137 109 35 20 114 171 142 244 108 71 40 131 20 200 56 272 35 168 9 115 1 142 7 263 57 110 76 140 91 129 28 232 76 81 3 48 99 264
21 20 1172 10 75 18 252 146 79 63 261 123 285 86 270 92 37 19 140 37 162 73 100 9 202 47 50 42 171 150 207 36 48 131 223 149 197 143 180 12 196 80 208
22 20 1384 65 149 111 22 127 78 108 275 122 265 56 88 146 69 145 159 135 179 70 25 52 196 104 24 102 17 96 1 49 130 83 8 39 156 114 108 3 233 3 246
23 20 1121 86 213 96 291 1 196 146 75 18 81 92 28 113 298 13 111 86 298 57 282 98 149 2 155 15 270 44 221 69 278 12 10 93 146 142 85 111 261 108 147
24 20 1219 4 123 109 177 45 123 87 268 116 41 80 95 107 294 20 233 17 189 94 116 95 280 102 223 21 141 132 273 79 37 75 98 116 39 123 293 81 148 21 122
25 20 1256 6 30 113 94 119 36 129 71 59 160 48 278 125 226 103 166 64 280 45 51 145 120 56 61 150 5 58 252 68 99 72 169 82 291 81 166 44 42 3 162
26 20 1138 119 73 149 41 46 135 130 292 18 251 13 140 97 101 13 246 77 273 59 280 24 300 125 235 119 265 147 136 55 111 14 260 115 37 67 117 3 240 33 11
27 20 1087 115 262 25 77 24 280 69 7 81 150 101 227 3 118 44 191 58 216 69 105 60 64 129 4 115 295 62 137 135 298 87 142 27 236 108 278 22 273 25 197
28 20 1064 10 255 51 267 102 66 63 88 24 149 30 152 119 216 49 90 99 192 14 270 13 105 52 122 66 129 13 212 128 39 102 286 9 16 138 140 111 60 137 145
29 20 1308 142 159 131 24 140 197 46 275 135 34 126 115 61 252 128 200 69 42 77 251 138 290 19 107 26 156 1 202 87 31 34 221 46 259 13 287 80 42 137 211
30 20 1212 52 47 34 145 64 23 23 129 68 277 20 151 51 232 83 108 79 182 87 90 81 209 48 212 94 285 149 117 140 33 129 138 110 82 76 146 73 153 55 237
31 20 1255 147 35 102 193 28 221 121 150 84 176 58 108 71 192 72 291 45 127 90 226 29 7 105 101 142 185 18 298 59 252 22 82 129 68 17 35 109 33 121 194
32 20 1135 56 298 66 203 78 169 114 182 5 1 24 178 6 167 119 248 99 209 52 97 87 179 150 230 1 115 139 226 88 234 34 16 61 4 96 47 106 276 38 235
33 20 1056 135 162 33 74 95 276 88 147 4 194 98 56 137 37 27 227 65 14 46 165 147 201 15 154 15 294 60 51 14 252 41 236 38 79 30 228 110 212 122 225
34 20 1068 28 54 39 112 73 291 59 298 150 140 48 264 89 168 34 33 23 57 6 205 135 155 8 106 109 272 52 163 103 142 108 255 72 143 78 25 30 228 91 285
35 20 867 48 16 116 264 48 119 12 153 81 239 2 138 56 180 55 200 52 250 64 38 39 297 85 218 70 54 120 213 13 63 37 294 102 16 28 160 37 192 19 118
36 20 1320 124 110 86 12 82 1 68 193 39 176 46 74 120 20 114 214 84 98 102 238 147 291 25 276 138 44 54 140 32 63 42 221 147 7 57 201 87 285 57 111
37 20 1006 28 134 12 60 70 191 142 247 33 212 45 40 79 189 97 223 56 72 16 77 83 222 3 182 99 17 74 74 58 69 132 198 106 148 26 225 28 272 71 284
38 20 1533 127 170 80 264 91 6 46 51 136 299 120 49 63 31 2 107 146 53 147 288 93 47 145 211 74 244 56 21 141 5 95 225 83 70 81 244 64 16 127 193
39 20 1010 62 241 49 188 145 105 7 45 42 288 109 190 41 193 137 128 82 286 55 12 9 124 117 157 60 91 44 77 18 212 27 111 131 10 7 148 31 47 90 255
40 20 1188 131 264 70 208 55 68 141 118 63 276 77 163 75 237 126 12 28 199 60 146 111 26 30 124 51 265 53 83 140 276 1 166 73 99 8 192 109 7 83 243
41 20 1222 61 166 68 64 20 58 8 78 49 203 27 171 78 185 138 295 133 112 23 190 104 66 121 131 148 42 120 114 66 192 21 150 107 101 94 190 110 42 32 216
42 20 1312 148 137 121 17 121 217 100 77 98 69 38 125 2 168 60 93 3 80 93 264 143 244 31 191 103 91 16 266 147 113 58 168 103 65 31 69 86 182 139 164
43 20 1382 65 47 142 224 150 139 145 233 3 111 130 122 8 148 113 114 88 248 2 115 109 14 71 10 18 122 75 175 137 224 72 135 112 64 53 153 141 103 94 54
44 20 1582 56 244 136 169 142 95 127 65 105 232 106 10 135 119 114 185 129 25 81 147 90 199 20 61 60 54 126 123 58 141 147 19 115 46 11 215 81 76 139 136
45 20 1152 50 277 141 65 4 240 39 43 150 212 116 263 125 48 55 60 7 259 25 129 50 140 91 183 1 256 121 279 90 195 8 15 64 266 115 57 128 128 61 111
46 20 1083 41 2 98 14 52 21 88 247 91 196 48 155 51 87 49 190 123 3 68 119 72 239 81 74 89 181 56 85 39 84 60 270 19 7 57 238 76 183 96 130
47 20 1436 136 47 56 30 119 214 40 234 124 12 49 133 93 102 49 30 146 126 124 199 56 20 83 185 106 218 136 37 112 248 58 81 130 139 10 290 127 2 42 170
48 20 1045 76 154 15 279 112 96 7 28 149 131 32 192 17 269 87 81 8 185 24 174 105 292 30 252 84 65 127 58 110 3 52 200 95 48 23 297 98 228 56 39
49 20 1013 44 211 28 33 33 254 100 230 15 288 52 163 2 142 131 152 135 180 79 56 55 234 13 25 69 97 94 42 68 54 1 155 27 215 138 190 46 168 137 159
50 20 944 28 143 107 22 108 139 33 161 65 16 103 135 121 161 98 165 2 164 25 152 62 199 61 214 9 4 22 86 130 129 112 264 38 18 19 255 12 104 25 209
51 20 1353 59 267 121 295 81 23 144 195 98 203 30 10 130 243 45 64 149 66 98 176 54 229 122 91 15 77 60 221 141 223 145 222 141 36 39 182 6 252 14 213
52 20 1196 104 213 91 188 11 202 63 241 52 122 105 286 85 143 125 243 74 70 51 254 37 125 73 256 97 88 12 242 120 68 140 60 16 60 96 108 84 220 60 103
53 20 1162 27 139 100 201 124 253 42 133 101 201 65 176 87 78 1 280 148 267 50 253 123 170 116 10 85 259 55 37 83 249 2 137 54 174 58 170 113 175 19 163
54 20 1201 132 168 141 214 126 245 2 61 22 164 48 233 88 121 48 128 58 244 3 300 102 210 22 62 86 49 107 94 116 264 109 83 112 202 103 140 23 152 54 244
55 20 1207 32 224 59 212 120 36 1 258 82 156 114 148 142 144 44 45 20 180 108 209 53 17 134 38 6 203 61 27 110 164 142 159 21 53 84 155 93 118 83 286
56 20 1232 130 75 86 6 55 102 57 127 50 187 129 180 105 207 19 15 120 94 23 216 28 101 133 19 146 76 133 28 24 186 22 32 45 74 77 296 128 116 31 1
57 20 995 14 34 10 95 27 196 61 258 50 92 94 119 112 53 26 133 132 47 77 86 51 1 100 201 72 152 67 286 23 102 76 83 73 116 75 108 23 109 81 258
58 20 1146 33 299 59 249 80 223 74 108 138 6 67 244 6 254 115 195 57 213 105 176 108 172 33 90 57 1 24 238 55 171 128 213 129 114 28 276 55 84 82 293
59 20 1134 27 194 67 272 141 282 75 41 13 67 69 129 52 37 19 96 150 187 108 126 92 88 95 201 75 267 38 226 87 255 25 97 71 203 135 148 16 37 63 271
60 20 1136 150 298 45 157 4 75 54 70 52 74 70 72 78 232 127 91 99 144 55 271 129 182 33 230 120 130 11 247 47 269 31 47 73 43 66 290 65 65 112 210
61 20 1236 71 141 37 55 47 176 134 22 90 2 66 191 46 195 82 267 61 101 108 75 136 192 36 97 139 295 64 87 81 12 46 194 114 83 1 27 38 248 148 222
62 20 973 24 129 9 54 147 227 104 231 57 214 72 128 124 258 40 119 111 193 98 113 40 172 129 49 53 284 60 70 13 234 5 280 53 267 5 37 19 37 54 104
63 20 1300 44 297 121 70 67 299 137 72 81 218 107 193 3 23 100 33 7 288 25 55 79 70 132 177 100 256 43 299 147 69 130 229 98 78 123 127 27 67 55 74
64 20 1136 20 134 2 171 84 143 40 126 73 195 91 35 85 155 141 83 5 268 95 174 116 6 41 146 112 118 64 208 50 272 99 232 98 115 83 55 93 221 28 44
65 20 1003 102 152 139 271 47 205 54 139 59 287 19 138 90 60 82 108 132 234 34 142 67 268 81 278 89 208 2 164 33 48 72 173 82 101 28 87 19 23 23 178
66 20 1191 16 108 114 37 125 94 35 151 15 100 66 65 24 92 68 243 128 206 126 68 128 146 124 37 15 123 65 16 118 199 95 83 64 186 6 203 21 275 136 45
67 20 1371 110 26 123 283 119 193 123 279 11 130 22 83 133 9 57 29 19 178 35 203 28 281 121 115 146 276 111 50 56 189 120 191 69 275 95 3 113 232 103 20
68 20 1154 98 230 68 248 102 179 27 80 129 30 21 227 74 283 149 113 22 121 75 106 15 251 93 25 71 299 121 270 72 106 50 118 109 217 24 213 9 284 114 250
69 20 1024 76 70 16 241 12 40 146 131 45 128 90 101 130 79 31 288 73 54 41 143 53 273 73 18 94 123 145 50 48 30 122 245 23 186 16 240 45 240 2 227
70 20 1274 150 19 130 40 45 263 14 133 40 64 96 300 137 285 10 18 16 248 132 27 128 153 143 277 147 25 11 270 48 229 56 225 18 14 100 168 144 245 28 80
71 20 1020 39 268 94 200 30 168 43 162 79 191 1 216 22 147 52 267 9 229 53 99 62 118 123 72 104 41 97 14 59 281 51 32 35 76 105 201 130 102 88 113
72 20 1361 53 173 64 294 121 15 112 151 146 289 125 211 62 161 30 154 48 41 9 84 35 85 112 3 146 181 119 286 116 128 45 84 108 201 128 250 99 266 24 114
73 20 1367 143 201 88 44 44 49 77 272 43 192 12 41 68 12 116 283 131 195 116 290 129 151 68 146 83 179 55 6 81 232 147 32 147 283 89 202 12 198 60 73
74 20 1129 33 245 145 141 28 73 59 10 42 45 11 12 43 63 18 164 107 48 90 290 130 193 76 73 1 122 73 40 147 227 104 257 36 71 118 243 119 63 32 102
75 20 999 2 162 32 89 68 263 78 280 15 267 56 186 141 126 21 283 106 271 6 179 29 213 95 274 27 115 61 44 117 237 24 41 124 89 93 240 81 161 73 39
76 20 1291 20 171 74 272 50 213 60 55 10 105 85 272 93 37 105 56 93 86 24 284 98 210 150 203 95 243 91 174 114 144 134 29 55 208 109 279 69 243 85 178
77 20 1592 63 24 95 134 54 171 133 191 117 123 118 184 122 170 104 38 136 63 77 245 137 123 120 40 136 164 106 74 78 170 65 5 76 104 108 286 79 7 67 268
78 20 797 18 221 51 235 146 145 42 165 54 213 79 90 45 50 7 280 58 282 76 243 116 291 1 167 100 50 16 209 23 228 65 236 34 13 22 115 32 133 12 194
79 20 1100 133 218 3 120 61 245 84 164 47 265 61 30 39 140 85 144 93 234 21 138 59 70 47 138 91 196 60 70 105 129 18 59 92 128 84 82 69 168 124 46
80 20 1151 53 287 1 187 144 136 12 25 132 78 88 20 136 121 102 171 121 139 20 237 43 91 61 29 21 286 4 25 98 58 78 208 136 260 116 217 49 95 24 34
81 20 1226 5 138 105 262 110 65 52 147 62 194 35 84 100 206 71 191 103 214 112 52 50 128 99 76 73 115 53 287 37 84 144 86 71 96 119 192 11 119 121 143
82 20 1308 104 75 1 180 114 37 118 152 47 185 35 285 110 160 56 36 101 183 29 294 146 260 7 252 86 272 149 209 43 232 120 240 137 94 22 141 100 39 111 191
83 20 970 22 239 114 219 17 53 119 26 150 25 17 79 7 92 54 249 41 18 99 201 92 287 117 3 75 54 36 296 119 124 34 138 56 34 36 105 1 38 7 225
84 20 1276 39 11 10 236 91 282 87 85 150 15 60 260 46 174 65 200 73 128 89 72 115 289 107 93 8 37 44 239 121 279 105 183 102 247 113 47 122 234 48 66
85 20 1240 78 165 25 62 76 14 98 207 38 165 41 75 5 172 31 49 117 95 114 120 143 299 66 293 104 27 138 230 49 116 129 275 129 219 29 15 99 287 42 96
86 20 1383 30 3 115 103 12 61 85 219 124 135 85 93 78 106 114 228 29 187 56 184 51 53 117 122 136 271 105 292 44 246 114 218 67 214 148 28 140 71 79 241
87 20 1400 31 252 101 99 138 235 96 274 17 44 102 33 70 243 43 290 120 18 107 262 79 245 88 264 146 209 144 191 16 137 102 65 129 23 24 268 49 26 148 276
88 20 1340 141 130 106 180 13 198 96 193 81 152 17 153 130 216 75 262 65 32 86 260 76 260 142 177 44 113 80 245 81 53 115 167 87 220 121 137 111 47 9 230
89 20 1028 37 153 1 205 115 51 102 15 5 250 137 286 39 14 26 2 125 25 70 126 94 222 24 252 4 224 135 177 30 78 97 84 69 127 12 161 56 32 108 256
90 20 1084 39 125 61 113 31 143 82 194 113 188 54 61 25 95 121 186 21 131 11 146 137 79 17 249 36 152 8 16 144 72 36 48 100 97 143 28 71 55 106 65
91 20 1337 32 41 91 254 45 114 136 249 143 181 44 45 129 46 121 139 45 270 90 199 16 245 124 214 136 214 50 18 35 190 141 209 55 240 24 237 135 263 80 26
92 20 1311 73 236 127 44 85 225 98 130 67 265 31 289 62 56 23 240 131 138 128 220 90 142 101 225 146 24 67 128 29 171 21 67 142 123 82 118 92 279 44 210
93 20 1408 106 293 133 83 131 130 131 279 2 2 141 120 49 185 143 289 127 71 95 187 29 200 116 243 112 292 23 119 57 299 57 216 30 153 137 78 41 117 100 20
94 20 1332 100 294 86 35 138 294 107 7 110 225 28 241 127 71 33 286 120 3 80 270 23 184 41 243 78 210 36 112 68 137 121 196 133 6 142 270 85 240 10 184
95 20 1255 48 56 8 47 131 281 92 99 77 207 46 16 40 41 43 275 13 97 88 180 113 140 142 82 120 154 67 191 34 54 94 212 126 147 71 180 100 15 116 22
96 20 1220 126 179 35 51 101 127 48 48 145 127 65 300 80 124 5 79 35 30 43 235 116 66 114 137 87 300 46 104 118 280 123 111 74 177 41 269 3 264 121 245
97 20 1174 140 182 110 52 13 158 57 272 84 206 133 161 72 276 16 230 105 235 7 180 120 55 41 232 40 84 78 224 38 271 14 183 134 122 107 108 106 24 53 38
98 20 957 82 297 45 23 52 206 111 16 104 254 9 259 16 184 16 161 39 90 132 239 70 142 98 246 67 201 16 191 12 190 146 68 39 38 12 143 37 272 94 247
99 20 1288 104 108 128 286 70 248 107 242 61 296 8 164 108 264 135 199 99 220 25 127 35 244 76 190 92 165 7 38 143 1 29 40 131 220 121 88 4 274 128 88
100 20 1186 57 47 60 186 2 150 66 183 56 225 66 218 28 189 142 246 40 172 147 209 38 300 56 160 69 15 139 37 76 55 15 149 52 17 121 235 124 36 129 135
101 20 1109 97 230 93 294 60 218 42 142 102 185 126 118 141 70 35 45 57 98 60 146 8 167 81 241 56 228 5 276 12 24 17 269 48 251 80 20 131 30 136 228
102 20 1076 124 206 131 290 50 92 26 170 48 31 140 281 4 15 133 109 110 192 98 81 74 288 24 23 76 89 26 250 22 111 35 255 27 74 99 89 56 269 43 59
103 20 1084 75 57 88 238 127 171 98 244 28 25 26 60 60 274 44 110 84 97 138 35 92 167 14 184 15 149 118 103 103 253 53 134 20 257 15 21 42 212 116 38
104 20 1054 131 78 68 27 78 103 43 128 45 123 49 252 56 148 18 100 99 209 8 107 116 120 20 21 116 270 139 271 21 20 26 185 129 42 84 152 54 187 18 170
105 20 1251 129 195 55 228 120 154 55 267 13 294 143 65 8 223 11 33 15 166 142 34 44 108 61 282 98 77 124 71 12 240 142 226 87 165 107 66 81 166 117 15
106 20 1161 145 188 55 108 95 117 142 191 57 171 27 80 66 142 115 196 133 102 17 40 83 190 114 246 87 280 2 26 96 135 81 27 14 89 15 62 23 130 85 251
107 20 982 150 227 79 207 27 253 13 63 11 57 53 65 72 258 22 255 24 276 20 48 128 53 79 77 22 35 123 65 27 128 41 26 121 114 62 71 58 76 96 276
108 20 1107 45 236 107 167 147 174 40 250 22 205 18 243 93 27 57 215 118 299 57 138 84 19 64 61 39 65 88 243 130 271 72 181 28 234 47 235 116 193 12 171
109 20 1007 14 130 1 20 12 142 26 37 121 181 67 267 11 260 32 9 64 182 96 51 132 186 115 31 88 156 79 284 104 3 11 63 52 65 125 104 11 108 98 245
110 20 1218 90 172 87 218 141 69 97 58 140 271 80 258 28 159 36 26 123 287 104 224 126 66 6 126 87 143 53 175 20 63 140 113 70 300 40 252 41 296 14 24
111 20 1301 145 257 115 166 92 135 92 127 41 242 59 37 70 199 139 193 58 104 97 269 123 195 104 203 32 210 82 31 51 212 38 79 148 63 70 29 50 144 21 120
112 20 1274 57 176 114 109 118 194 140 93 130 205 55 119 146 292 87 152 20 23 129 291 68 189 18 73 42 2 27 256 127 79 103 276 21 141 44 30 139 224 8 283
113 20 947 20 29 79 296 98 197 6 54 49 107 13 103 61 275 119 94 147 278 58 5 72 122 53 218 17 25 50 2 26 32 44 166 59 90 25 183 116 201 72 140
114 20 1338 144 89 103 71 52 36 47 86 150 35 89 267 32 236 118 31 125 219 68 81 56 57 86 264 81 162 127 127 127 184 83 134 52 89 36 108 39 215 58 285
115 20 1157 114 123 33 154 99 200 5 274 5 170 141 296 28 149 66 129 27 228 148 269 38 146 83 53 146 13 62 74 10 224 40 98 127 74 79 291 77 98 119 262
116 20 1360 149 155 123 51 148 31 81 63 106 122 110 137 20 121 149 297 132 125 95 245 67 131 23 209 92 283 31 91 142 295 147 156 22 18 3 51 29 292 31 160
117 20 1227 49 160 116 173 47 202 115 141 52 246 8 14 103 143 93 81 83 118 21 139 88 5 138 207 59 193 22 85 4 2 48 11 120 231 104 264 121 229 143 25
118 20 1232 48 174 85 273 95 21 120 23 81 43 147 195 26 152 60 8 119 253 3 241 87 96 42 101 43 146 109 268 118 89 13 280 74 175 144 41 18 45 108 229
119 20 1172 145 131 100 206 131 30 34 149 5 200 16 102 95 167 93 173 94 240 36 220 142 240 39 179 114 147 6 8 126 243 8 92 69 105 53 120 60 91 99 215
120 20 1124 69 155 15 211 120 16 17 172 138 157 9 61 148 159 89 285 57 204 41 237 38 25 99 276 48 59 147 205 93 130 2 262 130 217 6 72 68 157 72 35
121 20 1102 129 205 60 201 15 243 129 16 31 233 121 110 37 220 26 21 36 178 48 164 114 257 93 42 83 221 145 200 17 97 88 195 57 32 24 278 32 217 93 226
122 20 1234 83 74 137 194 40 59 74 14 107 258 71 251 65 270 13 183 22 251 134 292 106 87 62 159 27 155 34 25 145 126 10 267 99 196 146 277 31 250 137 29
123 20 1339 33 125 10 289 144 225 138 86 92 146 90 288 67 212 125 148 21 19 77 86 89 250 149 298 19 97 49 29 144 134 123 261 126 72 73 260 33 253 72 205
124 20 1325 83 228 4 227 71 92 7 66 69 61 73 28 93 173 54 119 129 134 102 152 97 271 75 179 138 140 66 40 84 208 49 196 76 155 143 286 130 286 114 298
125 20 1176 140 290 149 58 10 49 100 16 77 122 5 121 6 279 91 265 150 43 101 63 62 23 23 33 112 44 21 15 7 286 116 15 148 90 97 67 25 144 31 75
126 20 1259 141 260 93 39 112 122 16 23 12 276 148 47 45 177 49 34 12 277 95 17 43 26 35 299 28 181 134 19 63 268 102 139 145 72 122 164 75 281 104 230
127 20 1150 124 87 138 276 7 290 77 149 127 99 118 268 59 80 55 244 22 232 62 107 76 82 3 196 15 115 114 107 129 170 145 147 25 223 72 29 68 147 2 6
128 20 1361 7 296 78 71 60 164 128 283 42 184 120 195 48 81 144 147 18 103 24 266 140 163 103 46 136 165 95 211 13 92 125 204 73 127 147 112 80 81 121 285
129 20 1136 136 33 115 16 65 91 83 8 24 212 116 119 74 247 111 298 17 17 105 16 2 117 13 100 116 186 94 273 104 48 90 251 7 291 4 7 97 157 48 174
130 20 936 103 72 31 290 22 109 135 228 81 272 42 35 87 89 128 12 49 121 41 50 28 143 56 33 35 259 143 79 51 213 1 282 2 154 42 236 82 37 11 165
131 20 1046 40 284 79 61 105 271 120 282 23 25 104 293 58 253 146 145 95 251 24 293 31 48 44 116 123 124 5 99 17 216 27 82 115 134 59 55 35 298 58 160
132 20 1199 38 271 61 202 141 73 77 174 36 280 8 141 99 14 85 268 4 160 57 121 113 214 97 160 63 245 104 141 144 34 7 43 119 44 68 111 114 269 64 188
133 20 1293 71 178 127 230 40 119 108 46 116 232 76 82 97 51 120 187 77 98 110 253 121 290 100 9 28 24 80 167 89 60 31 111 22 262 103 33 26 284 75 247
134 20 1160 103 37 95 214 26 31 45 271 62 21 93 33 80 223 112 265 59 178 42 53 115 256 116 298 21 233 93 10 51 155 84 157 8 48 146 54 50 71 49 100
135 20 1300 143 34 57 7 13 43 77 115 44 219 23 43 106 136 138 21 74 32 94 147 23 111 89 230 103 33 147 109 99 158 12 277 85 73 124 119 126 160 48 39
136 20 1238 150 196 80 91 57 150 67 258 36 177 77 274 94 61 6 13 116 187 97 26 113 141 1 34 114 247 150 148 149 225 2 160 131 42 22 108 27 54 59 39
137 20 1316 87 249 140 179 138 147 102 75 149 291 86 244 35 173 73 227 24 159 90 217 120 102 21 196 137 130 124 265 143 241 40 148 12 91 30 62 87 251 7 158
138 20 1181 134 112 134 191 132 43 29 220 27 236 10 154 41 254 11 5 9 56 101 227 55 112 59 148 75 185 76 115 79 81 147 88 34 119 145 111 38 248 141 149
139 20 1075 20 139 144 98 63 59 110 265 78 137 54 65 92 216 22 56 50 132 103 47 68 118 43 268 78 229 66 94 35 275 10 6 38 287 117 77 66 291 87 13
140 20 1104 43 49 126 194 89 150 93 166 101 129 38 299 38 232 72 104 122 60 36 71 103 23 21 117 29 111 78 44 4 191 27 233 85 88 63 103 75 147 137 32
141 20 1209 127 71 36 165 34 40 90 168 17 62 51 136 64 199 21 22 148 264 70 110 89 99 106 74 49 222 38 189 53 223 131 63 106 288 120 239 101 50 61 163
142 20 1396 110 24 108 149 54 138 118 15 150 36 67 39 14 192 126 83 81 288 106 293 9 218 142 5 95 235 103 292 86 28 97 276 57 168 28 250 91 234 104 51
143 20 1384 16 107 28 18 106 241 127 180 145 248 46 232 98 261 127 86 75 231 47 183 65 122 142 216 122 8 39 141 96 89 82 94 47 146 34 242 139 254 149 98
144 20 1280 80 15 110 37 98 169 125 167 4 93 34 62 139 20 90 6 5 173 150 96 62 139 124 51 70 278 146 173 58 56 52 20 101 84 68 28 66 266 18 188
145 20 1348 52 5 113 278 47 49 93 79 94 149 138 152 143 82 85 284 83 293 61 248 26 255 21 105 126 68 69 118 68 152 131 214 80 161 142 147 48 89 66 30
146 20 1160 15 61 86 80 49 210 41 49 90 113 122 281 84 2 5 179 6 178 104 297 17 220 99 88 148 171 75 142 24 213 147 97 111 46 42 17 100 174 86 180
147 20 997 4 42 9 161 135 165 57 114 107 162 13 246 97 54 118 106 143 36 55 27 25 206 12 52 139 215 29 279 25 184 22 64 71 135 47 300 113 160 26 21
148 20 1025 140 245 43 15 13 173 86 71 65 16 49 241 150 79 55 12 19 205 73 11 88 102 88 1 36 230 72 36 148 21 10 80 16 178 32 222 24 261 75 89
149 20 1256 142 234 131 236 61 137 91 147 63 288 119 35 22 206 63 9 86 173 59 21 99 190 104 155 43 195 142 107 93 90 73 233 75 75 15 257 58 14 31 258
150 20 1064 22 186 58 244 7 217 101 47 14 12 119 29 27 77 142 81 72 108 28 283 147 92 27 232 125 80 107 64 15 242 134 252 87 220 14 246 18 68 66 121
151 20 1343 134 285 49 116 134 21 31 227 72 150 22 81 96 68 69 136 50 269 99 12 115 171 64 285 6 197 132 17 81 156 69 72 122 13 116 274 136 63 82 238
152 20 1379 137 156 34 226 13 125 140 209 134 195 63 24 12 228 146 17 127 151 131 139 135 171 83 184 127 152 95 52 53 168 65 174 30 49 1 121 66 198 132 65
153 20 1068 59 145 125 296 29 155 75 242 57 63 68 157 17 149 45 23 105 201 25 81 96 42 136 147 19 174 105 276 53 72 101 81 65 227 86 13 69 55 1 206
154 20 1171 24 61 75 172 16 190 76 218 115 97 125 289 101 56 114 295 19 11 96 280 82 132 26 214 149 74 125 243 15 190 36 70 145 137 39 189 61 199 25 53
155 20 1214 33 10 68 267 110 163 52 82 72 252 4 116 24 97 121 180 42 40 98 36 1 134 116 264 82 84 150 5 84 11 25 87 78 113 132 19 135 172 91 275
156 20 1274 91 111 55 25 10 213 29 133 100 26 131 75 120 149 108 134 142 73 112 154 78 279 2 105 69 207 115 204 5 256 88 167 149 113 52 51 130 12 7 18
157 20 1273 1 268 74 54 97 4 135 64 24 155 76 59 91 66 84 47 66 21 87 72 54 291 145 209 119 103 146 91 105 250 23 5 53 156 55 191 34 51 123 251
158 20 1172 101 15 128 3 5 282 43 54 142 132 74 29 51 36 114 138 82 60 53 13 72 31 41 23 35 293 45 147 21 94 93 293 130 130 87 294 6 222 143 85
159 20 1083 34 9 26 179 41 269 12 234 42 123 30 183 123 84 145 53 63 4 127 167 73 147 92 270 56 265 53 263 72 158 20 21 113 96 100 247 122 158 10 298
160 20 1126 42 299 5 271 93 260 30 77 79 53 130 284 76 195 71 235 69 205 86 260 22 110 46 139 34 292 39 148 1 225 118 107 135 42 115 98 102 75 115 112
161 20 1294 24 255 20 47 80 264 124 191 23 80 135 114 53 291 108 153 72 170 54 145 79 125 109 271 114 11 147 211 46 43 40 34 57 277 107 213 135 161 91 124
162 20 1373 5 123 70 247 119 169 76 93 100 269 127 144 36 168 135 61 61 179 59 291 106 230 131 155 15 253 118 31 38 250 138 207 119 100 114 26 9 141 141 289
163 20 1135 89 234 31 280 35 267 54 219 86 299 57 59 127 58 21 245 104 242 128 41 2 83 70 151 95 265 32 157 87 41 65 81 6 299 74 214 140 280 116 120
164 20 1104 12 29 65 31 35 15 37 210 104 184 43 191 108 36 87 212 86 7 18 93 147 104 127 240 14 140 6 141 113 237 40 107 108 300 121 44 29 63 80 67
165 20 951 60 245 42 1 12 246 144 191 100 97 138 237 51 2 35 82 46 258 8 114 36 122 120 221 33 172 120 283 23 5 72 104 30 60 9 80 4 198 106 277
166 20 1302 21 70 115 7 145 294 97 41 67 89 68 244 104 18 77 214 123 84 1 124 80 30 128 201 66 227 35 261 58 299 132 141 15 196 139 123 64 278 93 192
167 20 1324 76 68 60 180 100 51 108 135 1 36 70 134 132 216 7 43 65 64 57 171 104 219 16 91 117 282 148 149 148 185 103 92 71 21 135 201 13 184 125 217
168 20 1337 140 81 35 287 94 4 149 135 108 77 17 279 81 218 147 23 125 144 59 213 96 54 127 276 3 260 123 146 77 262 13 116 9 35 108 61 149 288 12 140
169 20 1051 120 202 138 80 11 201 47 49 60 233 95 74 10 232 125 161 25 138 26 7 42 242 94 176 49 81 46 287 30 214 150 246 23 74 41 190 55 30 127 283
170 20 1258 130 207 52 233 24 288 124 178 138 271 52 108 36 199 8 268 146 146 62 185 109 134 46 211 116 42 20 171 9 134 96 189 134 156 120 153 48 167 103 75
171 20 1036 119 96 11 254 131 65 78 232 83 270 28 254 81 72 135 200 82 177 75 255 20 228 25 170 5 136 77 45 27 281 34 155 79 257 49 266 9 119 148 202
172 20 1008 19 32 3 176 4 199 58 265 3 33 145 94 35 57 137 224 43 164 51 105 59 202 37 124 110 246 9 110 121 47 134 78 26 198 122 127 25 30 119 60
173 20 1342 34 83 37 256 141 169 119 239 91 21 39 189 4 68 119 114 33 274 94 35 50 112 136 125 86 51 68 1 128 25 67 230 107 59 91 11 136 211 98 90
174 20 1468 135 267 92 52 147 257 92 168 90 170 96 158 102 21 105 167 53 98 150 9 51 120 83 181 107 276 144 62 128 60 48 73 66 280 126 5 10 123 11 191
175 20 815 55 62 110 64 85 168 24 56 25 215 44 75 38 52 85 59 22 23 4 279 118 162 19 284 21 265 65 229 29 62 105 186 112 40 17 284 30 36 11 30
176 20 993 22 252 136 164 50 232 48 235 139 172 97 194 93 255 80 213 93 170 30 91 4 58 28 161 63 275 133 284 65 170 10 46 18 168 49 299 23 99 61 296
177 20 1241 113 46 81 166 125 198 110 84 80 296 99 69 126 198 33 288 3 297 94 38 3 182 135 268 31 4 133 218 52 85 120 198 25 21 28 278 144 204 17 85
178 20 1091 93 73 31 208 58 234 150 282 54 124 56 180 13 155 66 226 131 211 113 223 108 103 53 1 145 6 38 123 62 98 17 230 62 259 33 136 28 27 53 119
179 20 1003 51 82 20 162 67 282 72 293 51 110 120 258 149 13 120 26 88 256 34 2 27 3 44 120 33 112 20 208 87 241 65 247 75 77 23 23 12 253 96 300
180 20 1218 42 144 138 202 73 28 10 7 56 224 73 164 22 282 105 156 21 19 18 73 57 192 133 114 125 26 126 5 27 94 94 27 82 284 46 158 149 237 126 43
181 20 1250 20 61 115 151 89 38 73 26 135 45 30 191 73 188 113 270 69 205 133 104 37 185 31 263 95 182 123 92 4 105 117 172 127 201 28 13 118 142 33 42
182 20 1144 96 3 15 226 20 76 42 269 92 133 150 230 143 124 5 97 105 54 56 117 144 154 77 268 32 182 30 132 106 209 19 274 81 14 110 18 41 233 67 188
183 20 938 79 233 49 277 45 20 78 244 12 106 12 117 47 141 11 47 62 186 130 167 70 228 57 221 79 294 23 49 71 148 56 54 62 109 66 140 66 56 98 13
184 20 1206 22 45 32 83 101 258 147 173 32 175 57 30 134 194 77 293 20 183 100 13 87 160 90 292 145 225 12 78 99 137 121 75 148 150 15 23 19 21 50 87
185 20 1193 35 134 139 259 57 256 70 21 18 28 38 162 63 126 100 31 104 205 59 91 66 229 118 152 42 268 146 88 112 118 12 124 143 181 10 30 136 15 24 70
186 20 756 4 99 4 144 5 243 25 159 30 296 7 151 126 285 79 137 117 16 74 271 19 247 55 281 3 267 119 293 41 218 40 276 3 210 38 110 145 295 12 190
187 20 1076 64 271 80 79 21 4 67 230 68 294 123 65 114 63 83 83 83 257 10 84 140 214 125 126 52 233 22 256 106 63 57 95 31 110 55 180 33 231 12 178
188 20 1186 39 151 130 218 135 246 55 138 122 82 79 161 84 241 16 257 11 84 57 133 137 26 107 211 97 150 96 65 62 65 115 276 31 248 28 38 36 201 46 272
189 20 1289 92 4 118 95 107 53 12 51 130 135 120 171 115 79 83 148 51 137 61 276 100 23 131 210 45 254 2 102 101 27 74 77 39 141 3 246 140 37 88 53
190 20 1148 125 180 106 300 24 187 98 36 22 105 39 56 48 232 78 40 11 103 97 43 60 177 84 251 118 44 7 161 66 135 134 278 48 23 99 157 140 131 32 240
191 20 1163 101 298 93 179 84 44 81 251 78 234 146 132 6 184 27 129 82 180 54 66 37 149 90 250 87 57 75 219 13 254 110 81 19 42 99 61 141 29 31 91
192 20 957 11 200 45 237 5 11 59 96 77 223 27 228 108 176 3 185 10 124 8 282 67 191 115 115 37 131 129 154 112 94 61 69 61 244 81 135 126 245 55 234
193 20 1452 66 66 124 195 107 70 43 145 111 159 40 232 144 115 21 134 72 233 146 62 125 227 125 148 96 149 55 253 131 177 57 276 82 19 90 221 74 171 106 23
194 20 1131 76 250 127 29 130 108 24 193 6 288 75 183 113 35 30 114 4 218 8 37 140 238 95 288 40 84 105 62 135 67 57 177 91 166 70 55 51 43 37 5
195 20 1188 51 61 6 91 138 41 56 181 27 33 148 157 65 296 34 137 60 125 33 248 62 173 12 22 41 125 42 76 89 236 81 21 136 114 137 75 129 76 138 272
196 20 1228 109 264 145 127 11 186 79 175 47 175 134 194 12 141 120 53 64 43 70 184 145 138 20 15 117 50 67 161 128 41 34 1 31 86 56 119 45 215 102 110
197 20 1222 104 36 150 91 35 119 86 110 124 258 34 193 57 51 92 142 71 62 43 290 22 109 148 49 141 265 77 247 71 211 54 224 77 137 123 184 18 78 1 147
198 20 1231 77 184 104 243 122 72 88 206 64 188 18 93 73 251 14 104 117 48 84 280 64 266 121 20 58 170 26 92 123 260 10 229 76 223 123 220 105 95 72 11
199 20 1396 98 22 110 8 147 220 85 279 21 126 106 186 117 211 123 141 5 229 4 128 126 106 93 85 14 136 97 237 149 75 113 112 67 242 77 120 105 171 89 277
200 20 1126 95 19 17 60 102 163 95 84 108 202 18 69 75 128 70 106 47 67 56 64 132 283 139 270 32 148 70 143 25 268 4 222 84 196 33 228 124 134 82 88
201 20 1196 78 91 16 165 142 146 64 102 69 44 51 34 119 18 65 234 16 186 29 121 26 128 121 137 143 240 74 190 108 46 107 275 86 150 52 125 100 17 30 148
202 20 1535 47 153 142 232 148 53 137 107 11 129 31 145 145 238 139 283 94 92 51 266 53 68 72 214 124 136 150 229 141 296 85 256 58 16 143 66 45 160 103 243
203 20 1165 38 190 83 137 23 107 86 211 106 198 42 231 141 208 124 150 89 33 23 129 46 248 3 78 99 64 100 247 135 165 105 167 23 79 66 212 39 203 86 147
204 20 1025 91 168 58 140 19 221 48 218 12 124 140 289 11 185 123 181 51 120 133 171 138 138 38 97 69 257 49 71 34 257 26 252 10 241 49 91 84 105 99 140
205 20 1386 121 288 80 285 4 295 15 1 126 134 8 291 99 155 121 133 60 114 133 239 11 153 76 12 146 108 8 72 115 65 119 162 132 87 136 199 135 246 88 291
206 20 1137 125 179 89 164 37 177 113 22 22 106 40 290 112 56 16 159 53 185 96 147 104 282 84 14 41 266 134 16 104 271 4 35 119 276 85 244 17 52 27 58
207 20 1474 109 204 92 41 150 109 109 270 135 250 89 98 14 225 99 121 125 76 138 24 102 259 20 256 102 168 5 33 123 38 138 219 17 225 120 46 42 280 114 15
208 20 895 7 205 66 183 75 167 6 194 146 85 66 165 43 134 96 19 4 294 119 64 101 289 4 121 106 56 13 249 76 81 29 184 7 54 34 240 55 135 66 78
209 20 1404 122 36 117 59 105 268 135 138 83 166 13 279 102 10 5 174 138 216 119 42 147 59 105 150 56 39 66 279 147 208 69 184 60 72 65 282 75 32 26 84
210 20 1033 52 103 82 192 88 9 62 5 123 162 1 52 54 243 1 256 64 262 98 73 143 150 105 248 17 203 97 226 39 177 68 36 3 2 42 262 45 2 108 199
211 20 1297 128 288 140 237 4 13 129 207 9 169 35 15 69 6 139 188 142 192 84 74 119 271 126 81 32 215 114 296 66 298 16 206 86 128 135 62 10 3 39 84
212 20 1086 46 178 44 294 52 167 27 255 39 276 15 298 148 200 10 196 134 182 83 58 149 183 110 24 143 60 58 253 126 206 3 73 70 13 63 37 22 1 16 99
213 20 1191 101 261 18 54 38 113 10 267 129 188 50 103 16 130 134 91 104 116 143 146 77 152 97 292 102 93 54 280 53 214 147 21 37 295 15 199 103 277 61 52
214 20 1211 51 278 72 183 86 274 94 100 80 73 135 222 33 271 13 121 90 203 93 84 121 96 51 9 100 86 98 156 35 104 89 119 46 132 41 234 126 74 60 138
215 20 788 21 290 49 199 54 70 78 48 56 53 5 273 76 65 29 29 5 4 103 244 18 177 61 27 25 288 33 230 32 185 58 143 147 273 59 96 23 234 54 143
216 20 939 15 189 62 232 94 132 23 264 6 65 57 129 16 111 144 109 112 299 87 56 48 80 11 135 10 33 135 57 126 94 2 255 82 233 87 64 27 224 30 250
217 20 1030 136 124 51 151 113 133 112 207 84 263 86 235 56 96 137 137 31 257 41 76 2 214 3 185 75 266 1 31 18 176 93 1 62 170 41 225 140 275 6 143
218 20 1376 38 87 44 190 1 236 17 139 99 184 79 185 121 231 104 76 122 35 145 53 136 129 58 215 80 145 93 157 95 131 123 36 80 125 84 66 125 180 76 249
219 20 1117 40 225 9 138 74 106 11 131 122 13 101 273 22 84 121 139 77 9 103 156 107 51 89 69 66 99 98 28 31 246 20 157 130 52 78 20 33 219 65 44
220 20 1216 43 246 26 100 62 280 67 162 93 146 119 178 91 288 36 222 109 155 57 218 148 286 55 231 97 92 40 176 78 120 114 132 107 205 1 204 78 19 99 295
221 20 972 9 41 73 275 54 136 149 78 64 194 20 238 83 98 50 205 24 4 61 298 7 245 87 21 150 74 4 105 35 274 30 232 143 272 48 271 103 154 22 57
222 20 1230 77 219 1 188 113 275 97 97 148 165 106 79 124 272 77 16 101 54 43 59 68 202 96 152 77 64 71 130 5 230 12 184 144 229 56 193 1 119 121 296
223 20 1097 49 232 104 212 45 143 67 275 61 287 21 217 113 245 31 224 73 222 63 172 122 249 18 152 3 228 2 230 150 260 76 95 147 84 38 283 126 203 63 182
224 20 1523 139 265 145 135 107 30 122 72 51 223 131 217 101 250 69 205 125 173 54 61 127 229 132 151 44 46 78 174 114 110 59 173 31 22 82 17 92 295 101 9
225 20 936 10 205 97 127 85 293 100 238 1 104 25 250 64 125 7 253 112 188 65 186 10 160 22 34 27 37 90 154 93 94 41 257 105 197 31 26 90 242 95 253
226 20 1194 90 273 52 82 128 3 29 108 52 50 45 10 150 216 73 148 13 45 7 239 1 128 87 123 117 14 5 157 99 74 125 66 79 172 148 299 79 65 114 68
227 20 1199 61 188 145 45 79 261 35 42 79 198 93 63 121 177 90 235 121 27 148 206 30 182 33 246 60 194 52 108 76 55 75 114 24 58 91 178 72 169 14 46
228 20 866 34 148 32 34 12 97 5 265 26 263 130 270 26 160 10 249 119 263 53 115 74 40 2 96 113 165 12 299 126 63 18 69 89 84 64 271 75 78 63 164
229 20 1417 50 78 6 114 31 110 135 292 135 140 132 157 126 23 59 110 70 182 97 51 63 82 144 190 52 171 50 239 148 135 93 147 148 56 24 109 77 236 132 223
230 20 1224 110 95 112 4 125 284 59 111 43 163 16 130 21 148 29 238 69 241 119 161 37 141 144 166 150 42 138 226 84 264 14 96 36 256 74 96 75 209 76 161
231 20 1176 79 188 10 229 7 188 100 8 107 192 99 59 49 140 130 115 26 273 96 119 62 98 44 110 137 187 85 169 130 162 23 193 36 212 41 270 68 156 141 63
232 20 1132 37 78 54 239 40 260 38 167 115 298 58 241 146 260 137 239 137 7 16 4 30 227 105 277 59 212 113 44 7 68 103 1 92 81 52 207 13 299 63 225
233 20 1138 6 158 1 124 17 18 29 76 71 155 65 124 57 32 47 298 123 30 133 28 111 229 35 183 35 11 60 278 144 181 127 60 74 199 113 289 60 237 115 7
234 20 1178 94 110 85 247 112 114 30 246 90 152 19 3 115 257 30 113 34 251 145 245 20 174 75 183 107 165 80 72 101 214 97 126 20 60 93 163 102 126 24 107
235 20 1216 129 61 66 68 85 151 59 156 144 92 74 245 96 14 39 85 109 193 15 265 37 160 58 200 131 212 94 293 106 127 45 131 43 169 5 206 39 70 146 277
236 20 1337 78 189 125 158 14 217 144 179 86 235 13 154 134 240 9 23 11 208 115 8 138 72 126 121 106 16 84 25 1 159 123 83 24 255 141 185 66 76 134 186
237 20 1220 109 4 140 194 116 58 79 36 92 129 134 178 120 190 101 13 12 19 23 102 123 105 48 4 75 185 35 297 69 262 10 294 70 62 42 192 44 272 83 8
238 20 1323 107 235 9 249 101 178 141 213 78 49 119 68 57 63 140 12 110 196 97 133 48 131 34 146 40 241 73 14 84 157 19 8 56 234 116 35 102 298 123 58
239 20 1233 77 178 100 115 120 226 60 92 37 110 125 137 71 176 5 91 3 156 20 171 124 2 123 252 3 282 141 111 74 228 127 118 51 145 142 268 89 20 50 39
240 20 1180 98 153 2 241 58 257 126 89 118 66 44 109 46 151 120 29 90 296 70 128 50 233 2 45 134 64 94 124 44 21 16 193 16 225 95 245 150 295 102 135
241 20 1544 91 51 70 72 87 270 108 65 15 102 30 39 136 299 93 113 111 216 97 67 132 11 88 124 75 99 137 78 85 88 127 65 144 60 102 216 86 53 116 230
242 20 1084 130 14 47 118 26 97 10 74 81 206 3 73 112 89 22 159 141 84 35 57 24 168 79 199 60 203 98 234 101 175 59 143 67 235 112 226 108 19 40 234
243 20 1058 130 5 43 89 143 117 7 22 66 232 86 94 5 148 71 210 45 47 110 87 150 197 57 1 29 260 87 227 92 13 3 66 83 133 1 201 96 184 19 221
244 20 986 91 274 12 299 49 225 62 160 6 57 27 273 122 113 77 235 12 141 146 101 87 183 1 51 11 209 20 15 43 70 131 103 44 86 80 196 63 160 149 58
245 20 1181 109 100 111 288 20 295 1 143 53 96 133 177 104 72 81 237 102 281 33 124 128 8 85 207 77 156 28 293 2 149 124 83 50 109 119 208 107 145 10 153
246 20 1220 64 237 96 197 76 170 117 243 86 285 39 243 6 92 148 66 71 293 124 22 106 97 35 231 127 23 67 59 1 131 63 88 6 92 123 91 116 287 54 255
247 20 1406 1 119 144 294 95 86 96 1 76 107 132 157 115 183 49 219 133 85 150 149 125 299 7 8 86 166 128 272 30 6 76 117 97 244 84 249 58 167 76 113
248 20 1441 93 134 64 138 115 223 106 193 117 190 140 204 143 31 116 3 63 106 82 84 47 91 60 37 33 176 115 197 106 161 83 293 36 187 112 103 65 283 106 175
249 20 907 23 284 85 154 21 255 54 221 48 290 9 169 45 151 106 278 42 108 3 130 125 24 120 294 50 101 27 30 42 13 62 100 2 137 57 256 71 261 142 196
250 20 1071 54 55 31 283 32 217 30 137 109 171 89 200 142 198 7 286 25 174 17 162 18 290 132 142 52 143 33 143 61 113 109 264 111 78 124 140 116 6 47 103
251 20 1062 127 269 11 169 47 290 148 102 37 82 88 69 41 242 37 177 147 28 37 261 20 25 72 194 124 211 16 242 33 274 68 131 8 289 111 197 132 87 24 73
252 20 1336 60 261 8 200 107 58 147 81 145 196 112 71 53 133 140 27 46 116 107 292 17 247 105 4 7 98 126 123 30 84 97 250 137 37 57 200 29 245 141 278
253 20 1173 70 256 24 172 33 83 65 218 90 156 61 183 105 128 11 277 116 12 101 203 51 102 136 43 101 197 33 97 87 48 47 153 11 268 77 244 117 139 131 252
254 20 1324 108 9 72 131 106 28 104 158 116 261 15 259 116 202 11 42 134 271 77 166 84 277 30 198 89 120 51 104 97 32 89 253 85 243 123 230 145 21 3 246
255 20 1172 116 143 34 271 49 38 91 44 1 55 124 251 25 232 113 266 12 131 110 104 52 229 145 296 105 163 20 137 109 130 50 91 100 223 131 232 77 236 2 96
256 20 1516 83 270 88 245 147 97 47 188 117 134 122 67 97 115 62 51 76 125 86 154 84 125 135 16 6 211 145 194 127 105 149 93 80 19 51 254 102 129 92 74
257 20 1288 26 229 109 27 148 130 111 264 96 110 139 86 57 89 63 106 69 291 61 31 122 20 86 62 98 83 5 146 149 64 1 182 19 296 52 132 138 74 62 121
258 20 958 56 102 35 78 130 107 68 239 24 30 19 199 99 134 76 53 13 44 39 225 100 137 72 184 70 175 2 25 98 203 52 163 57 34 6 29 78 139 104 104
259 20 943 54 146 7 286 27 67 14 288 40 166 135 137 4 57 2 136 125 122 124 40 130 154 39 203 41 108 33 25 6 212 135 225 69 230 108 72 81 131 5 224
260 20 1368 145 141 93 85 23 206 51 69 33 162 31 164 149 275 118 82 101 234 114 157 143 208 112 203 16 118 102 80 118 185 49 178 74 236 20 154 133 127 85 229
261 20 1133 44 188 141 208 74 228 78 49 8 60 89 294 93 98 76 186 126 196 29 158 16 31 111 243 55 118 99 110 97 132 72 267 50 188 37 149 4 39 118 73
262 20 1244 102 14 138 33 6 53 115 253 51 9 19 154 116 271 10 8 29 234 80 59 128 221 84 76 122 195 29 7 44 185 12 88 146 274 145 28 34 260 146 78
263 20 1255 101 275 114 58 111 159 60 119 43 40 90 290 118 74 104 141 14 294 147 78 111 118 23 148 131 104 17 148 100 39 99 87 45 270 105 177 28 289 8 246
264 20 1056 78 142 52 33 99 38 34 233 87 172 47 124 12 75 12 184 106 53 141 154 56 34 125 58 19 113 20 298 48 120 52 150 140 59 40 149 133 16 19 51
265 20 1323 75 210 61 230 137 253 113 63 129 250 35 26 147 198 62 249 13 18 83 168 111 260 118 208 101 275 125 72 87 30 54 261 88 158 33 172 73 201 9 248
266 20 1244 6 200 34 253 40 36 17 214 66 203 83 280 135 232 146 190 68 11 86 24 53 268 118 79 11 72 123 215 89 200 105 246 91 203 23 61 122 280 139 279
267 20 962 47 62 90 111 115 165 71 295 33 72 81 236 64 262 62 294 8 64 109 105 100 49 44 162 20 260 47 100 134 164 26 54 21 281 62 200 65 170 4 25
268 20 1592 41 66 92 108 75 107 130 299 116 192 85 228 150 194 85 78 95 84 104 240 121 273 96 139 93 97 86 145 8 241 115 109 101 199 142 268 116 245 139 201
269 20 1104 2 50 106 42 8 31 8 175 86 107 125 103 75 164 12 186 68 124 63 232 111 268 102 252 106 26 49 103 95 218 81 7 34 222 87 72 35 119 128 105
270 20 1413 109 108 11 160 44 252 134 190 31 93 131 220 107 213 137 65 54 94 130 230 82 263 60 184 16 57 84 76 121 65 112 94 146 281 50 171 82 12 126 268
271 20 1277 29 207 71 238 104 177 12 207 140 224 123 183 74 197 90 64 8 167 84 189 79 81 145 219 119 200 131 53 48 296 32 172 55 193 55 216 118 292 80 73
272 20 1348 103 108 53 32 11 197 69 75 42 241 52 296 29 266 128 246 101 221 132 234 143 256 90 241 46 118 25 203 125 74 120 1 77 72 62 39 133 250 144 81
273 20 1412 140 139 88 2 29 143 146 284 120 82 81 258 45 16 116 21 15 295 46 232 97 34 65 158 127 264 133 20 92 260 110 68 72 134 122 75 6 217 116 168
274 20 1325 119 81 120 216 78 196 104 175 63 32 76 197 53 164 101 262 97 154 103 247 129 8 4 81 87 109 87 296 95 260 61 207 26 103 124 113 38 115 92 4
275 20 1144 106 161 149 155 24 158 20 178 23 275 74 264 79 152 82 298 9 199 114 163 48 118 142 192 139 64 71 201 66 250 105 150 22 65 50 31 73 299 34 212
276 20 1156 5 294 47 46 12 39 85 226 10 217 105 37 72 79 98 134 30 281 138 119 32 213 16 78 96 164 68 230 39 202 120 191 101 187 115 174 111 172 145 273
277 20 1299 75 21 72 223 73 124 137 277 127 208 107 18 134 251 63 195 145 276 91 41 73 288 16 254 57 200 22 94 64 81 77 77 98 255 121 51 67 229 5 49
278 20 937 112 69 65 101 15 252 125 102 69 267 23 72 102 139 16 261 106 254 132 38 17 124 8 64 11 126 138 54 97 178 22 162 22 163 25 251 57 211 10 15
279 20 1108 30 135 66 190 49 249 31 97 21 138 70 252 23 227 61 169 133 76 86 114 38 242 16 237 70 80 28 49 150 207 145 238 96 145 135 232 68 287 69 201
280 20 1012 47 136 51 286 115 56 105 29 45 239 30 55 5 38 13 149 75 289 147 30 18 272 44 22 137 254 101 246 20 288 38 137 49 247 140 69 82 245 3 32
281 20 1168 23 60 23 171 98 44 49 64 81 265 111 239 144 133 80 78 133 292 79 75 17 94 60 91 30 248 145 99 25 81 100 276 127 237 52 9 4 39 80 229
282 20 1222 93 228 123 31 36 147 79 134 55 70 59 268 137 159 15 104 95 292 20 206 110 50 125 2 121 54 145 231 77 129 34 48 52 2 64 236 82 109 6 145
283 20 1308 11 107 15 102 120 110 85 172 44 3 36 181 146 175 149 165 140 169 148 229 36 145 139 246 111 271 24 104 32 43 147 114 39 114 110 169 101 37 3 147
284 20 1148 150 117 17 114 84 285 99 155 130 158 2 6 47 29 4 26 114 201 141 247 8 249 114 191 25 141 39 298 81 219 17 54 25 227 47 254 147 33 144 215
285 20 999 119 181 40 201 114 239 30 45 96 273 62 238 24 3 104 196 79 197 61 272 24 112 90 255 6 214 22 229 89 63 100 277 55 6 95 20 32 268 7 180
286 20 688 11 25 9 219 78 98 18 99 44 219 4 8 28 91 14 7 5 215 14 271 11 269 103 224 5 278 39 31 64 288 59 151 88 190 140 249 78 244 49 174
287 20 1092 114 278 50 124 144 293 64 148 103 75 71 135 16 300 63 157 2 269 31 262 130 184 146 86 45 178 82 235 57 254 39 111 25 229 6 145 64 209 113 283
288 20 1160 19 53 87 89 36 130 79 11 78 203 102 261 97 110 124 153 121 187 150 284 126 222 14 247 143 146 19 123 20 138 101 18 69 114 39 171 4 47 22 56
289 20 1032 5 217 78 194 88 46 76 93 26 174 90 1 122 212 93 172 28 86 119 68 2 14 41 68 17 300 144 30 64 79 38 278 124 219 44 9 22 199 70 128
290 20 1375 31 195 116 141 12 274 115 178 63 292 44 141 123 247 72 257 49 194 88 261 59 171 129 244 135 35 43 175 130 48 97 29 111 145 52 152 145 94 105 284
291 20 1157 47 36 57 140 96 133 76 226 120 184 41 85 55 265 62 6 9 281 55 7 28 97 33 16 104 85 120 146 14 115 137 259 108 225 76 63 64 23 145 117
292 20 963 108 66 99 51 30 222 61 165 31 92 24 143 30 207 36 69 126 208 138 250 26 178 117 260 10 135 6 75 82 1 81 61 5 144 62 190 40 68 92 145
293 20 1302 117 108 20 298 103 150 86 281 72 107 13 138 124 266 62 81 67 58 122 50 53 222 145 145 136 167 29 166 91 238 112 197 102 94 61 97 95 149 18 290
294 20 1086 93 43 20 48 19 105 141 27 30 290 42 2 7 243 7 294 47 111 1 42 134 90 108 130 98 164 114 296 69 244 76 248 71 293 124 236 67 127 90 8
295 20 1258 38 172 73 263 62 228 26 52 41 200 127 46 61 233 43 220 132 254 72 152 116 151 148 100 38 78 53 237 102 218 136 165 71 56 67 115 69 40 98 283
296 20 1484 128 255 40 23 110 227 92 28 78 261 133 128 12 218 138 175 141 288 108 72 10 99 16 236 124 77 138 135 127 102 28 237 89 252 115 109 89 130 139 271
297 20 1126 115 117 37 56 71 279 4 33 90 39 30 253 85 123 56 280 145 175 33 135 41 71 145 61 80 162 83 239 121 15 102 286 10 193 50 129 77 244 33 191
298 20 939 120 84 2 215 39 298 12 207 110 287 26 230 56 170 56 249 119 283 115 291 72 131 24 182 5 296 4 24 101 12 22 6 81 221 56 11 58 113 96 239
299 20 1289 72 227 121 102 103 222 85 52 62 259 64 147 14 53 47 21 55 177 129 28 91 193 131 8 134 263 65 11 58 206 93 30 114 300 108 295 41 277 25 1
300 20 997 46 237 24 82 58 38 30 35 22 40 37 190 47 118 76 101 53 149 115 273 13 91 127 277 24 230 89 177 11 46 74 265 80 178 122 268 142 213 57 94
