1 20 1432 22 52 126 78 33 176 37 171 129 81 85 27 82 198 92 121 82 240 106 89 104 197 141 100 20 256 101 172 83 57 125 106 112 264 80 59 102 90 129 283
2 20 1417 144 64 30 286 65 21 52 81 98 213 106 26 145 182 112 235 113 92 107 14 23 163 104 140 131 162 50 186 48 231 86 205 123 31 143 15 33 193 59 280
3 20 1379 139 132 101 283 145 61 116 220 73 233 116 266 96 166 28 124 41 266 119 182 10 143 96 143 131 231 116 19 40 192 69 239 43 203 97 276 49 198 99 103
4 20 1406 90 259 147 193 128 93 71 129 52 255 140 297 106 156 60 291 147 298 132 127 28 68 45 67 62 283 138 50 15 213 77 248 54 21 121 168 50 160 95 89
5 20 1274 44 237 13 236 121 22 72 243 124 141 127 297 107 244 93 77 36 89 61 279 101 94 26 68 58 36 131 150 121 216 149 172 17 182 61 264 94 150 37 99
6 20 1482 45 298 51 30 86 96 140 43 138 17 14 11 47 180 150 2 119 270 57 63 95 289 48 295 129 62 140 147 11 160 106 252 84 20 145 36 116 46 132 116
7 20 1686 126 151 34 230 110 43 146 265 68 266 71 287 90 145 99 202 115 50 144 69 145 46 63 132 90 63 65 231 139 190 135 51 135 256 119 123 105 270 109 45
8 20 1634 124 264 120 226 120 260 140 275 48 214 141 252 90 60 130 258 35 89 119 60 99 235 139 119 36 28 62 18 119 125 144 170 147 227 22 129 131 273 77 226
9 20 1471 111 163 146 184 130 259 87 40 131 139 134 61 79 149 102 28 93 124 80 231 37 218 86 293 85 273 144 187 55 280 48 178 27 225 54 65 79 12 131 255
10 20 1492 139 137 137 235 105 79 35 138 133 11 55 20 114 284 122 71 40 39 100 272 57 152 70 129 76 6 132 20 38 252 146 126 131 285 92 37 70 162 73 18
11 20 1598 47 84 104 48 131 297 90 196 138 265 56 291 90 25 104 203 65 8 114 6 117 246 104 213 146 36 149 111 98 3 78 270 12 186 131 147 115 123 109 90
12 20 1704 116 159 147 233 94 190 140 223 132 158 147 148 90 30 113 238 36 160 125 205 83 280 45 290 60 61 150 115 126 99 72 163 146 166 44 6 119 298 146 251
13 20 1417 51 246 125 237 68 111 115 134 59 240 33 283 25 48 140 7 81 202 114 118 69 120 148 137 87 54 118 278 126 255 102 126 44 149 119 98 96 270 52 132
14 20 1584 128 204 143 16 138 222 73 284 99 275 135 252 58 252 128 137 145 107 87 67 111 259 80 274 106 104 24 145 64 45 65 277 83 157 91 90 149 280 73 153
15 20 1486 119 293 97 221 121 167 88 108 45 179 113 7 105 284 93 298 22 257 34 35 109 242 78 227 91 1 119 198 105 97 87 300 115 115 139 175 117 16 61 191
16 20 1520 81 74 88 8 97 56 137 54 114 14 147 29 77 294 60 27 126 236 38 60 114 212 122 187 28 77 56 291 150 95 132 168 34 46 29 205 135 16 136 163
17 20 1516 128 143 78 59 114 285 110 16 48 24 77 239 64 77 149 218 70 239 107 63 102 56 80 192 97 176 46 240 107 98 147 50 138 44 54 63 32 221 147 113
18 20 1560 57 137 12 139 124 212 45 158 95 223 56 32 111 182 99 147 37 69 132 211 74 225 140 170 91 91 150 49 63 3 144 47 145 147 122 21 141 189 113 70
19 20 1317 122 16 127 263 145 13 23 288 109 81 64 286 55 18 79 91 44 36 106 111 131 13 74 47 132 208 55 282 59 276 77 150 119 12 60 221 13 124 53 280
20 20 1357 73 16 96 7 83 64 20 15 39 203 78 275 148 112 104 241 57 192 107 188 95 42 109 77 98 76 63 168 60 5 122 191 103 31 57 168 103 61 82 129
21 20 1584 142 300 117 111 130 15 124 115 109 142 5 122 75 274 112 135 112 105 136 283 116 10 135 228 74 199 20 120 62 141 147 230 23 215 81 277 141 7 120 43
22 20 1410 106 263 125 110 30 259 50 181 92 256 90 15 133 57 128 121 56 82 124 196 51 97 60 239 81 177 91 85 39 120 135 7 76 192 65 272 107 234 124 98
23 20 1493 93 98 100 20 83 211 124 81 130 19 145 2 136 154 112 14 66 192 87 16 93 174 84 253 100 48 98 112 28 65 127 230 131 269 90 56 13 137 27 155
24 20 1448 95 168 137 129 107 215 70 161 65 206 81 165 9 44 132 18 120 267 81 288 98 203 30 260 122 64 149 195 88 229 122 29 39 221 141 289 18 182 107 188
25 20 1564 101 241 52 210 143 143 125 147 35 254 37 145 128 88 120 279 30 60 96 167 110 103 42 139 100 248 127 133 101 129 88 78 148 99 127 170 116 170 130 37
26 20 1524 125 137 113 37 132 281 123 61 88 95 64 244 102 43 132 83 112 205 70 152 58 224 120 1 129 156 114 284 72 45 108 105 19 203 61 219 80 53 84 186
27 20 1187 51 127 129 209 104 15 120 45 108 101 133 292 14 186 22 89 148 116 31 296 14 20 48 196 50 187 27 133 132 154 43 1 100 144 76 286 76 145 58 108
28 20 1348 55 258 50 299 74 276 122 254 115 113 107 176 108 66 45 1 128 257 57 276 55 163 147 53 97 272 141 150 21 67 69 103 19 96 150 215 101 267 25 142
29 20 1603 135 31 136 299 149 157 54 104 116 91 99 109 136 182 120 21 124 269 31 146 145 65 112 246 71 74 28 176 134 180 96 195 61 216 96 97 64 161 97 83
30 20 1582 111 48 65 54 147 207 116 214 72 247 129 119 111 196 57 172 129 105 142 70 5 38 121 134 150 72 107 6 17 288 25 157 89 256 147 259 115 78 123 53
31 20 1340 55 113 84 80 63 195 91 169 42 268 95 232 59 208 99 195 58 55 93 55 102 278 136 205 54 117 144 138 90 163 117 142 89 4 82 48 72 164 51 87
32 20 1362 12 178 51 108 114 250 47 151 66 47 46 243 128 252 19 123 65 235 100 83 136 108 110 246 142 193 22 265 15 178 121 292 138 50 120 138 138 3 113 206
33 20 1607 150 230 102 53 15 227 149 43 61 106 93 141 150 270 72 99 109 213 114 235 76 31 121 40 146 89 64 101 130 61 144 54 73 188 25 30 122 45 93 240
34 20 1360 120 227 20 263 40 191 150 285 10 31 124 27 128 286 13 270 18 199 123 80 134 200 79 2 108 147 53 124 141 32 35 209 121 223 145 211 62 60 77 41
35 20 1379 42 85 112 292 143 128 45 216 125 266 101 44 44 153 136 192 12 136 142 195 129 136 73 179 55 161 142 202 60 229 145 56 37 10 42 21 32 164 107 179
36 20 1465 130 151 37 122 73 293 114 257 36 236 122 63 32 244 32 136 132 280 141 41 142 271 61 233 119 41 124 185 120 161 73 12 60 20 136 37 105 185 43 284
37 20 1488 102 243 91 228 104 279 85 251 63 189 67 171 133 234 85 38 136 154 85 5 76 216 143 7 118 221 146 84 83 213 79 90 25 280 100 31 105 228 34 44
38 20 1237 109 120 84 94 133 30 85 185 117 138 59 93 69 196 60 210 65 59 92 168 144 24 70 237 43 121 15 286 4 195 130 217 49 48 110 103 74 194 35 199
39 20 1429 71 205 107 52 50 197 58 287 37 288 43 96 119 21 104 1 76 185 110 111 92 294 146 13 126 272 149 86 116 240 137 44 96 43 120 219 17 238 13 79
40 20 1222 46 249 41 198 101 287 117 149 27 296 119 68 69 34 36 1 19 225 6 236 87 300 130 174 73 178 145 93 8 87 120 279 105 204 124 47 122 96 33 155
41 20 1690 25 151 104 165 41 10 86 49 117 227 150 293 104 275 115 116 129 58 144 96 126 3 115 24 110 135 85 155 114 187 51 234 136 292 114 134 121 61 126 99
42 20 1550 118 274 17 204 122 290 120 214 131 245 146 288 96 137 102 257 12 268 49 295 138 281 90 198 96 162 76 153 130 150 131 32 142 88 57 245 81 229 84 220
43 20 1233 24 230 121 153 115 203 8 250 39 51 111 252 135 60 42 127 56 216 128 77 63 113 82 226 94 61 25 242 93 131 137 34 125 152 8 288 36 48 100 285
44 20 1553 71 212 32 182 127 114 136 285 91 45 129 241 70 270 90 32 123 214 136 99 105 240 135 160 127 170 113 130 62 46 120 138 128 179 64 171 21 283 62 118
45 20 1734 140 210 147 83 131 262 140 2 141 97 145 71 95 57 100 243 137 82 10 199 147 35 107 220 113 241 127 66 143 3 36 135 135 240 25 56 8 261 141 99
46 20 1624 104 16 40 86 138 97 88 225 77 191 34 187 74 180 100 231 126 69 64 48 145 130 150 124 35 85 118 66 114 174 150 104 123 148 89 269 121 121 140 220
47 20 1451 84 265 81 276 105 14 28 232 40 156 112 271 134 214 45 103 103 16 39 263 120 142 146 77 19 143 99 108 107 121 148 164 135 198 110 127 76 184 83 38
48 20 1404 110 88 128 185 57 119 93 150 142 80 105 300 56 137 28 149 52 242 118 36 129 50 97 186 147 218 102 251 35 45 57 119 73 167 12 34 135 251 80 262
49 20 1423 136 54 124 262 145 92 48 279 141 15 133 220 96 81 24 151 45 250 27 197 45 269 43 90 75 175 119 171 28 51 137 110 84 275 84 184 118 206 127 134
50 20 1642 129 21 116 271 131 136 52 128 45 97 126 148 99 15 60 21 139 42 10 185 129 168 76 187 138 195 120 109 134 294 143 16 112 33 142 87 54 282 98 247
51 20 1132 142 174 145 110 96 171 27 132 51 40 83 228 123 280 96 161 14 89 15 45 65 251 114 207 13 21 29 65 20 255 39 35 123 54 64 26 121 123 36 76
52 20 1487 138 90 118 167 147 80 125 205 93 113 108 299 57 168 31 65 130 143 91 234 116 24 86 28 65 20 26 241 91 267 32 128 91 51 132 229 78 284 104 21
53 20 1480 52 249 52 108 86 218 141 193 136 258 36 245 144 224 126 11 63 143 20 280 57 300 14 220 145 230 83 135 92 82 121 37 139 116 135 195 104 63 105 31
54 20 1424 106 79 148 139 72 120 103 119 146 174 76 23 18 84 128 79 44 277 112 283 15 29 98 11 27 107 119 294 139 5 72 106 109 25 50 52 83 90 116 143
55 20 1410 36 36 47 300 134 236 118 250 110 81 56 172 132 162 127 254 92 134 52 71 54 215 62 154 99 10 137 170 66 53 135 146 83 292 37 224 40 253 146 98
56 20 1406 131 298 69 121 149 264 123 131 31 284 148 156 22 5 26 292 133 160 116 94 101 141 8 206 72 81 83 42 70 5 138 118 97 85 4 95 116 264 121 285
57 20 1494 87 273 95 240 98 152 60 238 127 241 87 84 51 146 118 25 140 175 144 36 115 290 15 149 95 186 87 240 142 78 74 8 126 16 46 105 53 120 108 137
58 20 1591 120 34 79 61 148 178 143 204 38 197 138 59 147 186 65 262 130 12 79 35 147 205 129 61 117 110 26 71 89 164 93 166 100 97 88 114 16 278 97 59
59 20 1580 129 251 106 123 80 155 34 289 63 267 99 291 139 250 137 181 144 276 73 288 125 41 149 97 49 288 131 72 79 228 71 14 87 119 129 204 76 271 75 275
60 20 1380 66 167 104 196 76 286 143 286 29 49 100 153 61 121 150 201 12 33 112 41 8 286 116 296 34 144 31 78 141 185 61 23 148 89 89 34 95 86 150 181
61 20 1623 134 139 145 243 82 281 104 216 124 275 138 290 77 254 134 80 62 152 41 196 114 258 74 223 72 135 74 6 100 296 78 120 142 184 120 95 74 103 140 205
62 20 1344 136 189 106 92 125 145 56 81 106 119 17 209 8 117 116 188 137 48 4 193 79 174 110 72 135 162 136 35 87 256 61 50 56 69 40 213 82 22 83 80
63 20 1413 79 209 136 282 23 208 147 253 146 189 126 293 31 88 62 99 27 229 67 55 58 217 141 153 87 280 99 170 134 160 57 226 107 160 104 288 17 43 119 136
64 20 1469 115 119 108 232 116 82 97 239 94 98 100 56 84 60 31 44 131 33 149 37 95 52 136 21 93 159 112 265 42 230 128 298 93 101 78 157 8 291 27 71
65 20 1442 143 114 4 43 77 88 110 43 106 275 74 111 103 294 79 277 85 247 80 39 98 91 57 133 129 177 94 11 94 26 113 1 113 160 131 44 54 54 59 107
66 20 1405 146 244 90 240 51 196 137 247 121 148 30 173 126 158 22 220 11 17 114 112 59 150 93 115 79 294 44 119 145 75 144 125 133 137 54 184 108 56 50 206
67 20 1574 68 86 134 229 66 70 138 6 117 131 146 13 135 49 126 177 75 166 101 76 150 232 72 243 30 71 103 42 59 111 78 8 96 233 85 126 52 147 137 51
68 20 1532 36 165 34 179 84 62 51 127 100 22 148 140 37 222 131 211 144 239 101 121 82 220 75 138 118 300 20 192 126 162 144 293 142 190 118 292 86 193 138 168
69 20 1461 125 234 104 49 28 211 121 180 145 92 116 261 127 150 116 183 65 283 108 8 96 163 47 146 139 297 80 220 84 93 34 277 3 173 150 123 87 56 52 202
70 20 1450 68 132 133 188 139 49 93 188 142 293 126 138 59 152 131 159 74 89 66 240 15 172 40 210 41 180 141 2 99 296 86 142 147 221 23 17 100 171 90 7
71 20 1296 135 114 81 246 97 236 14 206 12 278 108 279 22 141 68 300 113 52 11 280 123 15 86 129 40 12 73 176 115 36 148 19 40 178 75 229 142 261 118 137
72 20 1508 74 288 119 43 103 9 86 117 95 155 142 186 45 233 75 29 129 14 131 186 101 28 15 77 142 144 54 283 147 53 116 80 107 29 126 220 18 131 61 268
73 20 1511 49 268 114 150 22 192 68 269 99 230 86 285 132 161 78 72 122 232 137 63 78 226 140 268 98 24 146 254 86 184 127 190 84 174 30 2 61 198 132 5
74 20 1351 148 155 57 135 79 149 45 209 101 81 96 271 74 174 53 202 41 227 86 138 28 206 21 61 75 31 95 218 115 249 145 56 19 191 140 132 149 250 122 190
75 20 1468 69 189 25 241 33 135 134 163 52 144 126 116 24 241 90 40 98 1 132 84 150 167 86 275 85 111 55 19 107 133 100 261 77 279 115 10 128 167 149 103
76 20 1270 130 14 9 1 134 54 97 269 32 155 76 181 36 291 145 238 125 5 53 109 96 51 123 288 101 256 2 282 43 283 66 29 51 228 69 60 53 143 147 147
77 20 1534 147 130 143 112 34 52 90 269 42 59 84 147 72 40 124 158 142 299 30 157 142 195 46 68 146 148 118 270 56 47 128 47 124 46 57 291 108 144 85 145
78 20 1592 136 11 147 92 22 34 107 270 81 124 23 123 119 151 135 144 135 122 90 291 106 262 78 253 118 76 104 100 114 18 145 177 117 280 57 254 29 245 128 4
79 20 1425 70 189 133 157 87 129 41 299 140 231 12 129 16 15 104 85 96 36 87 172 120 140 113 80 150 44 29 160 34 119 123 1 144 199 119 2 35 92 129 114
80 20 1454 111 172 23 143 52 60 20 70 115 290 147 41 67 136 122 18 123 2 62 30 128 132 114 261 132 29 62 278 93 99 76 119 90 51 108 2 108 43 65 114
81 20 1744 104 31 93 92 71 270 101 184 125 114 140 69 144 4 149 215 39 279 147 249 72 213 96 253 138 260 123 153 131 116 9 215 144 140 116 202 138 22 101 49
82 20 1624 117 74 125 49 69 7 94 97 41 287 150 46 37 190 55 253 142 260 104 233 124 276 136 108 146 123 93 134 116 40 86 134 96 267 77 167 103 99 119 21
83 20 1592 131 156 116 270 81 270 100 177 77 53 141 155 148 276 19 5 88 199 145 70 112 164 51 117 101 124 110 17 39 198 122 49 34 74 120 21 119 66 137 35
84 20 1436 63 51 68 255 115 59 91 271 106 90 147 267 92 294 129 168 90 192 79 21 105 106 60 181 144 255 30 73 126 19 62 191 50 62 110 169 84 56 44 76
85 20 1399 85 43 12 279 118 37 142 265 29 210 93 40 30 22 136 99 116 235 139 193 97 255 93 60 46 58 65 19 23 168 99 84 99 251 99 288 94 6 134 4
86 20 1203 109 85 120 50 11 278 144 34 43 185 37 208 150 107 62 180 131 226 112 103 53 290 62 98 28 105 60 102 41 162 51 239 128 2 27 88 60 112 75 45
87 20 1327 42 144 138 146 14 7 73 43 141 156 21 36 37 192 133 250 142 158 149 252 22 39 76 38 73 270 23 191 73 226 135 205 133 74 93 263 95 245 46 105
88 20 1366 101 13 118 66 21 191 113 76 92 300 62 97 105 112 77 268 106 38 137 14 110 82 117 188 92 233 45 155 122 106 47 22 84 228 23 142 74 54 62 131
89 20 1316 66 196 22 63 87 175 57 268 97 293 100 174 80 292 145 24 75 23 19 100 139 113 128 21 18 75 81 126 100 207 103 91 118 83 59 124 143 19 8 70
90 20 1572 79 233 136 247 38 289 148 190 104 271 80 42 115 294 123 227 129 84 140 249 63 233 106 113 48 110 38 151 130 270 123 138 122 158 81 241 57 273 106 150
91 20 1509 138 248 28 71 101 272 75 4 118 214 27 51 130 240 74 137 100 262 105 254 101 148 39 141 140 175 125 212 150 187 98 43 53 56 78 22 89 251 118 13
92 20 1385 66 268 139 23 99 280 66 240 149 179 84 161 126 234 146 12 92 129 82 108 33 149 87 149 110 254 110 37 15 91 10 200 5 117 112 228 108 5 93 124
93 20 1582 141 191 115 74 47 69 81 251 123 234 105 66 124 213 35 145 111 80 58 134 146 249 114 148 96 110 127 177 82 179 111 171 106 122 127 259 54 193 75 226
94 20 1208 8 280 119 288 40 209 34 177 91 139 28 43 37 139 51 12 91 33 148 130 148 137 60 65 124 173 12 81 63 76 81 271 136 217 64 186 79 93 97 141
95 20 1445 69 15 117 134 21 1 31 112 60 215 102 276 104 299 46 119 86 247 129 193 57 183 71 62 148 281 133 247 77 245 92 78 122 184 122 175 103 188 117 168
96 20 1424 121 116 85 92 123 20 115 223 123 209 48 11 110 279 106 233 71 229 126 186 43 136 149 225 56 242 77 209 86 277 10 60 102 190 101 69 75 140 53 67
97 20 1576 142 270 70 50 134 222 84 65 114 134 82 106 78 32 73 102 69 101 117 186 121 285 120 190 108 213 138 150 52 200 74 93 54 129 145 277 142 92 53 144
98 20 1370 124 299 148 256 58 286 33 160 17 190 83 45 106 198 141 247 75 33 99 200 83 167 23 132 106 203 86 53 91 116 70 221 123 102 69 97 49 67 129 252
99 20 1572 121 91 84 198 70 241 144 285 15 251 67 291 99 241 67 114 133 21 77 12 146 16 123 291 90 164 113 43 53 290 112 31 80 185 96 207 141 14 134 208
100 20 1598 17 53 109 183 135 250 89 27 113 121 125 276 130 256 102 10 110 225 120 83 140 15 142 205 75 11 43 165 43 192 10 294 119 201 145 121 106 26 125 81
101 20 1417 92 54 55 132 39 244 134 138 83 25 140 10 138 238 75 39 147 138 92 72 75 52 52 164 96 9 62 245 81 52 98 286 124 203 97 78 89 36 3 84
102 20 1377 45 216 140 7 104 169 35 138 96 74 126 64 108 296 86 269 31 3 39 161 148 20 91 58 149 220 127 206 70 126 19 1 104 261 18 76 57 267 129 100
103 20 1612 134 208 73 152 102 107 140 214 147 73 148 199 61 297 72 171 137 100 80 270 111 271 90 185 48 9 100 195 78 104 89 92 66 234 126 119 69 42 145 199
104 20 1341 27 273 76 57 15 4 61 49 144 230 58 293 137 96 54 222 94 45 132 65 57 32 150 56 48 22 68 33 135 252 47 255 87 54 112 250 62 151 113 224
105 20 1453 56 273 69 257 41 3 107 185 93 124 85 225 140 11 72 76 44 190 99 157 116 76 122 289 65 215 80 186 79 131 123 160 63 66 125 151 125 80 113 138
106 20 1592 53 131 122 202 137 84 121 154 14 246 130 155 110 44 75 246 26 123 140 162 93 238 89 288 109 113 143 231 97 80 88 120 114 214 103 204 78 198 148 17
107 20 1470 54 297 39 194 83 99 103 4 87 300 37 105 143 96 136 154 22 35 97 296 136 16 101 86 101 152 77 142 65 230 144 112 97 119 140 232 104 89 72 275
108 20 1536 144 217 113 61 112 222 63 244 125 152 150 151 42 283 126 125 91 278 36 223 131 201 125 205 125 107 76 46 78 227 55 173 31 164 148 9 53 205 97 170
109 20 1416 64 14 127 188 22 54 77 94 105 62 121 253 129 273 52 255 54 50 45 299 108 148 13 13 120 128 87 234 7 157 99 250 150 65 114 46 145 157 131 42
110 20 1254 99 63 121 180 118 27 148 60 91 246 52 151 57 58 91 143 85 46 19 148 32 24 49 265 130 51 80 249 53 148 20 96 113 23 150 63 18 178 42 271
111 20 1579 39 164 108 78 31 269 146 140 132 252 55 182 97 125 95 171 148 186 28 109 132 131 110 223 142 111 119 73 113 264 74 150 105 161 104 188 100 214 96 59
112 20 1276 58 273 96 123 49 110 137 169 81 193 68 281 32 73 39 239 146 274 4 4 113 14 41 207 147 158 17 58 78 124 57 93 149 30 133 221 115 183 35 119
113 20 1680 144 254 100 289 115 222 94 170 124 114 90 38 129 113 145 40 87 183 107 159 107 126 20 186 82 126 76 156 144 147 123 14 39 217 97 265 131 187 147 127
114 20 1417 66 169 39 292 139 156 79 217 144 171 118 154 134 18 12 208 115 275 13 159 123 48 93 76 134 230 109 279 95 13 12 46 53 4 75 70 149 262 70 83
115 20 1543 83 247 107 17 125 178 141 155 34 63 140 220 98 133 48 68 73 241 73 167 79 8 116 203 149 58 94 178 100 239 113 92 37 250 69 176 124 245 126 282
116 20 1660 56 228 127 102 134 20 50 167 98 3 121 257 126 236 33 109 120 180 148 128 134 188 62 21 150 203 91 139 135 65 30 272 150 113 111 194 62 99 137 170
117 20 1425 127 288 108 53 116 99 130 94 59 97 81 5 45 159 141 70 29 168 79 120 102 234 101 117 72 235 112 216 117 260 59 22 86 9 74 210 45 220 99 1
118 20 1501 130 227 92 6 67 201 96 38 111 181 137 299 62 11 29 273 122 153 118 141 146 173 92 51 20 85 52 86 80 125 109 222 144 295 53 265 89 72 128 170
119 20 1768 77 56 147 149 124 99 104 145 73 237 96 151 122 285 148 142 147 22 106 69 116 23 67 1 66 88 123 232 144 255 81 119 95 192 92 219 133 299 150 8
120 20 1547 136 6 76 194 122 249 58 152 93 127 112 193 117 280 42 91 60 66 99 161 112 129 142 175 144 284 85 41 128 221 42 5 147 101 27 84 50 137 142 55
121 20 1625 28 283 109 178 99 286 132 104 72 143 61 217 132 78 124 232 52 253 135 169 148 73 35 242 147 73 131 25 124 31 121 274 68 16 145 197 132 47 37 119
122 20 1658 107 293 98 71 53 280 146 247 105 13 62 84 137 113 100 245 141 66 33 130 109 156 105 21 139 12 101 102 99 97 87 93 77 268 117 261 126 215 131 259
123 20 1498 101 42 134 154 83 277 89 102 127 243 123 290 11 246 72 271 49 182 22 55 124 49 116 266 110 103 148 163 109 99 116 236 58 270 147 93 58 51 76 172
124 20 1328 84 270 8 211 145 253 127 129 92 94 109 295 132 110 139 114 45 106 61 244 42 146 149 1 91 296 52 276 37 121 135 102 35 260 54 239 24 38 100 134
125 20 1251 27 44 100 144 92 175 98 103 82 34 6 156 52 107 73 286 27 27 144 166 135 8 29 136 125 248 77 203 41 66 13 212 135 138 115 72 81 9 112 290
126 20 1659 93 46 103 69 149 236 117 157 143 223 102 118 102 235 93 178 133 169 115 87 104 228 78 16 147 98 76 251 98 158 16 222 122 118 99 194 66 267 118 44
127 20 1536 17 53 115 102 136 8 80 256 111 76 122 57 93 88 146 290 14 260 146 21 114 221 80 119 43 180 145 74 104 28 147 78 111 46 52 148 100 198 44 270
128 20 1527 89 289 71 33 99 67 117 172 47 24 38 184 106 282 77 34 125 37 57 298 48 104 30 149 133 38 137 225 125 26 147 123 125 18 83 222 130 208 125 174
129 20 1390 88 66 86 201 29 200 40 34 107 203 135 292 95 11 86 105 134 79 123 178 100 246 91 46 140 279 26 62 90 229 83 295 33 162 118 262 109 199 25 162
130 20 1411 130 100 134 51 27 281 65 7 41 184 54 107 116 169 97 78 95 207 120 273 96 185 73 241 115 201 134 245 139 70 106 15 16 175 86 250 52 164 68 126
131 20 1634 106 98 109 7 87 69 109 22 80 252 134 62 110 213 137 107 115 263 16 168 141 171 82 252 134 57 104 238 104 24 112 183 90 16 84 189 79 289 110 200
132 20 1374 27 296 80 80 103 106 16 197 69 83 121 296 128 201 128 241 46 50 36 39 133 287 140 175 142 82 45 231 11 295 97 130 132 20 110 143 38 217 116 2
133 20 1491 108 196 104 125 99 164 97 206 124 8 87 173 148 260 26 247 57 115 92 292 106 297 78 158 79 164 149 199 114 95 101 250 105 43 33 31 110 294 47 23
134 20 1700 105 144 67 281 138 63 107 78 96 135 115 202 120 201 137 149 112 124 137 254 104 18 134 125 138 41 64 153 128 51 140 69 65 30 126 102 23 203 70 261
135 20 1530 127 38 138 194 89 162 10 283 31 42 69 252 61 266 57 242 70 56 119 145 135 136 144 201 128 136 115 210 120 55 5 26 75 289 147 35 136 22 137 201
136 20 1628 140 163 123 32 146 60 98 98 133 239 144 160 146 75 60 60 50 81 127 104 5 39 100 228 123 71 74 134 55 117 134 159 110 249 116 129 34 104 118 109
137 20 1357 73 22 54 102 120 169 86 3 146 297 115 145 139 221 136 104 32 293 57 114 110 201 19 147 59 114 99 259 79 6 47 7 124 249 114 50 71 298 17 50
138 20 1520 147 287 108 238 91 201 114 60 137 238 24 208 98 197 89 199 139 6 95 63 134 180 120 25 78 36 50 219 4 55 46 7 103 10 139 31 59 175 125 244
139 20 1390 87 227 139 124 64 206 68 300 63 3 135 262 130 291 43 178 39 50 115 145 79 53 87 71 65 11 97 248 142 222 143 38 62 138 101 137 57 171 22 50
140 20 1326 109 194 88 151 47 174 90 244 106 172 28 237 34 14 41 34 150 30 64 75 139 219 44 44 100 128 65 195 116 24 137 178 44 245 124 257 59 257 73 152
141 20 1236 142 94 67 226 120 81 43 265 62 18 141 7 28 66 73 115 137 215 113 63 64 290 108 198 26 222 61 62 46 143 36 252 125 178 82 161 31 144 40 184
142 20 1474 54 298 103 172 141 107 124 124 41 58 122 105 84 166 112 203 47 97 95 35 145 186 22 48 141 60 145 2 47 1 148 244 124 133 64 8 58 172 26 81
143 20 1738 127 122 117 220 132 143 50 78 102 271 83 56 67 138 142 255 128 23 110 183 131 128 138 281 144 72 124 275 51 237 115 177 136 230 59 56 90 60 127 123
144 20 1442 88 135 41 290 81 239 121 204 143 193 50 153 122 191 115 84 72 48 91 296 4 202 111 11 58 192 120 143 114 102 103 169 130 147 14 93 132 11 93 227
145 20 1304 25 292 24 115 19 35 22 73 95 118 76 106 137 91 89 22 133 178 142 114 150 160 77 218 65 186 90 288 149 68 69 186 62 21 39 234 108 211 60 104
146 20 1472 66 149 120 184 134 167 38 184 105 43 83 279 76 125 53 27 19 145 150 44 142 174 119 170 109 251 81 258 111 209 70 33 54 294 127 279 117 130 67 130
147 20 1563 70 165 117 162 115 142 46 248 35 283 144 63 89 186 144 83 129 203 30 180 110 41 146 197 32 89 46 280 149 155 106 193 139 221 141 287 49 42 117 190
148 20 1572 113 300 149 90 96 106 135 138 132 195 150 296 86 95 119 142 115 207 112 210 5 13 85 32 36 101 75 256 126 37 142 76 23 32 82 73 73 300 111 67
149 20 1241 49 296 73 127 44 253 78 253 127 299 29 68 139 178 120 141 43 154 54 75 64 295 79 176 50 93 119 194 62 6 108 159 85 74 50 86 77 293 102 286
150 20 1807 83 9 110 206 144 146 109 139 144 25 148 88 90 140 147 92 141 26 112 220 50 156 88 92 90 216 135 18 28 13 129 265 134 159 110 22 141 201 126 144
151 20 1235 82 45 88 86 90 289 93 176 108 63 81 178 113 211 35 40 100 93 51 288 100 261 80 200 72 92 34 212 106 27 100 218 72 69 77 222 37 218 25 20
152 20 1605 80 113 134 244 89 72 143 269 120 250 101 64 106 222 17 216 131 163 137 277 123 165 148 10 37 47 77 5 68 23 132 165 123 51 142 73 8 16 91 118
153 20 1630 87 62 91 24 149 148 97 252 86 287 126 109 41 122 95 221 68 8 89 157 70 172 144 176 139 233 101 168 123 22 65 250 120 136 105 135 134 134 108 40
154 20 1224 104 182 88 278 32 61 149 30 73 172 36 246 121 212 134 240 51 85 48 29 79 225 48 97 96 243 39 233 61 283 28 112 135 243 131 135 40 158 38 275
155 20 1277 119 73 64 282 50 130 147 296 71 293 58 82 83 254 120 275 75 122 46 294 58 271 63 100 98 105 20 232 63 176 145 176 85 276 126 188 43 42 63 288
156 20 1467 69 201 133 209 105 85 103 185 144 62 26 212 78 61 30 73 93 255 52 161 125 99 25 70 131 117 105 10 114 19 137 205 68 106 53 145 117 263 126 189
157 20 1523 55 276 114 88 88 247 70 125 81 67 128 15 76 232 141 123 109 138 140 72 45 159 132 228 91 299 148 42 46 246 43 16 123 45 127 299 137 283 10 94
158 20 1704 86 252 116 11 120 160 124 97 111 74 118 84 115 151 86 25 122 239 113 38 129 236 124 4 108 180 150 13 150 80 39 94 66 167 131 140 80 19 42 25
159 20 1531 97 248 145 85 131 276 9 39 129 188 93 242 40 299 127 24 9 51 140 133 47 153 80 33 105 163 134 3 130 46 107 125 65 210 122 108 133 293 71 68
160 20 1293 120 124 143 73 10 226 66 67 135 181 96 105 88 245 107 112 23 263 149 6 23 173 18 288 110 222 94 120 67 56 73 63 142 77 16 165 65 283 72 137
161 20 1632 62 28 141 145 86 197 91 176 142 12 78 79 146 102 148 200 137 247 131 174 147 278 50 77 54 128 100 296 88 43 148 276 86 32 106 167 65 40 35 147
162 20 1385 21 165 108 297 98 250 127 84 101 293 23 287 94 171 106 299 42 163 90 297 140 92 138 160 116 240 70 57 32 285 61 246 88 99 103 144 54 71 120 84
163 20 1454 88 166 45 258 119 51 103 47 61 162 115 218 92 265 83 214 103 51 38 98 99 294 133 189 94 51 55 92 115 28 147 212 95 37 104 9 77 167 52 275
164 20 1677 107 216 62 227 81 189 130 262 144 144 131 160 142 276 112 216 71 254 105 202 94 298 45 257 78 14 117 292 115 35 110 246 139 297 43 104 144 257 127 289
165 20 1548 98 292 150 218 116 294 46 130 135 194 117 41 32 74 146 13 105 57 146 8 36 95 146 90 96 201 39 206 80 234 94 193 80 231 119 221 86 163 69 201
166 20 1508 131 217 137 7 136 66 140 173 137 44 46 40 142 55 116 28 139 289 106 167 56 1 53 54 29 35 95 47 26 85 51 148 107 72 53 212 71 60 115 257
167 20 1532 118 62 147 209 74 149 119 176 135 249 109 245 132 268 145 209 106 2 12 156 91 29 82 160 115 136 70 113 31 213 139 49 30 192 39 4 150 298 71 262
168 20 1424 105 171 31 160 134 50 122 296 63 221 149 35 83 243 114 9 89 148 37 192 54 184 20 151 109 80 146 258 63 150 59 143 134 114 39 145 104 275 125 146
169 20 1544 25 149 135 28 124 118 126 12 128 70 109 254 91 149 48 165 63 224 31 239 63 287 102 246 147 277 149 110 119 151 51 43 70 145 114 41 99 170 137 138
170 20 1542 135 238 74 105 115 91 41 162 127 155 107 35 100 93 41 118 124 82 141 295 75 195 149 9 77 89 82 175 39 3 96 204 17 294 138 222 131 286 119 18
171 20 1508 138 214 9 210 105 54 67 249 122 102 110 249 120 99 110 22 74 232 56 282 65 84 72 48 88 179 135 288 112 67 135 79 90 121 95 158 125 243 57 161
172 20 1548 82 51 102 293 64 169 65 138 59 59 103 163 142 237 149 142 24 200 116 92 97 289 145 89 150 81 68 248 114 215 113 244 23 16 118 144 81 157 121 109
173 20 1510 64 58 113 126 124 159 128 224 81 9 116 226 92 174 145 236 135 29 114 123 56 16 128 281 87 77 8 36 66 217 116 176 79 24 99 38 63 184 74 78
174 20 1556 89 122 142 297 50 295 84 95 123 43 146 189 81 111 107 235 40 23 100 58 96 249 68 94 142 180 67 59 56 232 128 40 50 125 115 23 113 11 148 224
175 20 1715 55 49 107 195 85 48 128 194 149 68 141 210 68 152 139 234 66 161 149 59 25 177 147 198 144 79 129 167 96 102 109 276 121 69 124 140 128 22 34 154
176 20 1488 135 132 75 75 32 136 50 101 45 251 73 80 110 101 128 114 69 246 95 5 73 245 120 166 88 51 130 202 134 108 132 300 131 93 43 91 102 19 96 243
177 20 1452 82 237 150 182 80 189 100 94 90 66 110 83 149 158 149 91 67 136 113 193 65 162 70 216 69 168 45 161 17 168 83 167 92 27 121 290 68 141 95 9
178 20 1165 125 265 93 134 46 171 32 254 99 146 60 159 56 174 35 151 30 242 58 259 122 101 36 150 143 269 118 44 21 14 57 275 36 61 96 21 54 138 140 185
179 20 1514 104 84 127 55 115 12 97 52 23 117 138 299 75 113 68 10 117 32 103 282 61 175 98 259 129 63 50 15 69 276 101 123 149 57 111 223 86 100 72 161
180 20 1428 66 8 84 115 145 165 47 214 73 91 142 147 30 135 47 93 81 84 84 5 119 299 28 243 66 141 129 83 92 49 142 230 146 274 78 61 139 1 48 51
181 20 1414 89 164 102 71 40 259 75 231 123 163 94 262 73 121 107 49 90 231 130 285 114 210 126 166 147 238 101 62 40 297 57 171 31 11 27 277 124 252 78 147
182 20 1437 108 27 70 71 138 164 105 268 138 234 39 155 122 164 42 195 29 167 125 234 16 268 113 197 107 41 101 123 94 245 143 4 82 286 37 287 51 169 137 110
183 20 1470 76 88 84 99 79 287 77 156 92 276 144 256 147 276 150 70 81 247 86 87 24 83 87 112 58 118 96 203 143 267 118 54 80 240 39 298 69 254 108 103
184 20 1372 43 246 87 154 120 87 29 57 35 167 70 137 125 202 114 123 78 277 140 136 102 55 96 14 124 293 56 238 120 22 54 23 76 24 34 165 69 215 144 174
185 20 1180 87 97 6 215 24 123 79 254 53 245 123 56 51 213 80 181 80 128 13 26 98 205 43 20 93 55 122 186 11 148 114 255 92 90 70 202 101 163 135 293
186 20 1415 130 211 121 261 136 112 89 263 106 29 105 69 40 211 117 18 147 178 28 143 40 171 107 170 56 31 85 203 39 241 102 107 89 184 78 140 79 48 75 194
187 20 1500 125 213 64 202 39 263 144 64 127 229 145 104 134 172 144 204 16 275 51 196 67 25 90 287 83 200 126 130 33 215 146 109 88 166 51 170 73 248 130 216
188 20 1416 57 172 32 153 57 9 101 258 141 210 89 251 47 106 87 46 148 43 57 90 104 220 47 260 133 189 59 253 131 228 110 96 148 242 34 296 135 205 54 139
189 20 1557 103 220 51 39 108 300 107 206 64 289 107 76 128 117 95 245 146 279 137 110 45 215 40 95 20 272 86 239 100 267 81 251 135 85 150 44 96 43 148 227
190 20 1524 62 103 146 58 70 83 67 205 129 263 80 218 72 150 122 291 113 91 64 64 134 246 145 121 82 41 98 160 109 207 119 66 56 207 91 4 107 208 39 58
191 20 1527 95 275 140 58 137 174 112 257 65 250 86 8 69 196 131 279 75 177 75 99 73 211 76 246 119 9 28 9 57 51 115 21 149 203 113 248 129 89 65 280
192 20 1454 126 91 50 64 108 258 132 97 128 299 89 76 28 43 122 77 58 269 49 234 23 88 120 194 129 98 75 108 56 101 91 8 148 221 99 175 58 144 129 270
193 20 1577 102 34 82 211 66 15 78 266 145 128 84 198 111 43 52 25 96 179 73 27 96 166 148 171 147 80 101 229 113 23 138 271 149 278 67 140 49 49 75 134
194 20 1608 104 234 73 24 139 36 148 72 111 276 117 242 118 213 106 30 18 296 133 42 59 261 136 182 104 272 146 172 86 256 119 182 85 46 31 80 103 202 74 225
195 20 1650 124 216 58 214 104 299 35 139 137 158 106 34 132 277 108 251 107 294 129 292 136 241 143 151 123 28 51 210 139 258 131 142 97 16 106 178 45 277 52 220
196 20 1528 136 250 52 151 110 79 98 60 143 24 81 79 107 78 83 117 102 210 70 264 143 59 38 292 78 291 143 235 49 87 146 133 29 115 72 41 134 196 97 161
197 20 1503 99 127 127 17 143 116 127 147 65 15 84 192 114 240 70 128 71 114 99 4 43 3 117 68 138 11 45 17 20 7 123 37 106 206 136 271 83 106 69 203
198 20 1352 140 295 71 237 65 290 145 124 148 33 42 127 125 114 110 200 48 140 132 240 30 93 5 56 41 295 25 209 87 19 63 146 138 282 89 15 57 248 129 210
199 20 1673 139 159 119 180 80 46 31 131 128 45 83 23 115 226 70 293 122 27 144 148 85 194 36 4 125 73 135 88 72 260 102 220 125 117 141 66 92 211 148 49
200 20 1568 60 192 120 114 113 147 113 251 12 95 145 261 70 281 86 203 80 213 42 22 144 208 70 29 108 121 131 146 125 190 81 105 137 207 146 64 113 79 65 118
201 20 1503 94 78 82 120 36 52 129 13 83 136 92 231 88 54 141 90 141 68 101 160 100 111 20 7 59 224 94 249 65 131 82 292 136 79 55 273 143 130 138 158
202 20 1440 148 215 86 80 39 229 54 81 83 231 137 172 51 9 48 73 72 277 103 118 133 146 92 281 137 185 51 48 86 270 90 160 40 56 123 252 89 160 138 109
203 20 1396 52 28 62 187 94 137 76 98 144 263 63 84 39 89 86 9 93 118 103 181 52 4 95 241 142 128 21 66 104 71 68 57 139 196 132 41 124 280 56 119
204 20 1487 121 79 42 295 23 141 108 83 137 75 135 149 103 64 26 297 58 177 120 235 10 52 69 117 147 276 121 59 139 97 113 54 137 238 138 75 99 206 13 58
205 20 1578 72 12 114 173 145 116 51 227 118 143 144 78 107 2 14 83 149 241 44 270 116 86 80 70 86 68 130 2 130 37 145 143 106 114 77 125 120 201 25 106
206 20 1584 129 41 96 255 100 91 83 36 87 222 125 34 143 13 17 94 6 221 108 192 83 207 51 189 105 119 107 136 101 6 150 231 139 74 104 79 150 143 97 146
207 20 1680 150 45 61 67 123 260 42 13 129 20 102 111 84 12 92 198 96 15 107 116 80 205 113 7 125 188 142 159 96 269 36 80 129 31 148 105 147 115 99 259
208 20 1548 78 21 84 236 90 275 84 157 95 171 134 235 92 6 72 269 97 110 98 274 120 8 148 197 124 14 85 186 147 64 60 157 144 143 47 63 102 285 34 7
209 20 1368 34 259 123 81 113 261 144 126 139 176 79 202 52 268 11 160 77 219 53 72 29 293 46 121 126 117 116 177 100 263 53 153 86 243 112 168 101 58 116 82
210 20 1540 99 175 112 105 66 8 124 207 62 234 94 41 136 232 63 217 120 151 20 9 96 52 133 229 115 22 129 195 133 38 85 267 101 279 104 299 79 73 54 228
211 20 1391 38 44 83 55 92 195 107 3 147 107 111 232 140 236 38 214 82 157 146 189 43 187 18 25 87 216 60 88 100 222 63 106 142 56 80 128 147 189 15 237
212 20 1287 111 45 108 193 40 219 24 66 89 190 127 87 45 128 97 5 68 207 70 245 19 1 90 104 82 230 97 289 118 113 81 116 30 80 53 285 118 79 142 245
213 20 1656 145 14 133 143 124 108 98 169 81 147 127 190 81 5 127 115 121 49 110 263 49 300 100 128 56 27 142 29 103 26 114 298 86 36 122 54 55 128 97 112
214 20 1440 110 46 118 224 70 41 144 2 135 132 30 158 82 293 37 115 145 10 79 68 57 275 83 67 39 208 99 55 123 254 35 111 147 164 112 145 130 279 26 195
215 20 1623 63 190 60 234 141 136 50 240 53 101 106 209 97 108 103 8 138 55 30 295 111 106 93 49 146 294 142 290 97 37 135 292 106 135 129 236 99 63 130 31
216 20 1520 135 122 120 117 48 20 104 262 137 142 95 293 104 219 136 138 65 209 90 252 85 83 96 203 92 298 62 44 42 126 115 273 120 28 96 28 60 235 99 50
217 20 1467 91 47 120 248 62 124 126 106 142 158 22 71 105 175 88 60 103 227 41 282 40 159 95 275 112 80 112 78 97 241 132 37 57 254 110 23 144 24 35 185
218 20 1685 137 35 145 35 129 178 140 224 70 123 74 127 94 21 112 62 45 131 125 282 118 136 117 72 103 72 122 271 83 293 60 113 83 237 75 223 130 145 145 46
219 20 1560 29 273 81 75 129 116 101 175 122 103 129 58 64 82 72 247 142 50 30 243 148 296 119 47 116 21 66 300 56 11 137 245 22 101 148 187 103 82 137 183
220 20 1452 130 243 146 18 90 261 58 37 20 39 144 268 124 196 104 188 119 31 88 268 61 165 57 5 118 249 58 44 13 197 136 296 144 97 33 143 132 17 40 246
221 20 1624 124 35 139 38 133 38 76 1 70 174 103 98 63 235 60 216 104 251 136 38 134 149 61 239 102 40 144 89 146 155 109 35 99 37 142 230 44 34 42 175
222 20 1430 112 50 58 270 58 29 57 288 36 214 134 214 113 179 132 232 10 219 88 69 123 143 141 87 120 23 83 126 150 268 31 246 141 118 78 113 81 236 42 249
223 20 1591 140 12 93 176 118 59 145 239 39 229 24 81 46 105 91 289 145 123 132 31 97 277 43 255 13 68 146 286 129 146 150 161 119 226 71 28 131 195 117 167
224 20 1595 139 230 74 262 98 160 107 221 32 216 131 228 113 274 125 158 148 300 64 72 87 245 10 3 134 138 43 14 41 252 135 211 136 291 138 178 117 240 122 149
225 20 1472 30 199 106 113 133 45 148 27 57 116 39 36 127 255 100 261 45 233 99 258 24 161 136 234 20 270 35 63 149 173 150 234 122 112 92 149 98 107 130 231
226 20 1510 86 112 108 236 109 279 148 202 24 192 93 294 139 275 132 194 37 31 140 92 91 136 86 281 20 291 118 15 136 70 25 55 69 154 139 114 133 231 55 8
227 20 1724 127 63 147 3 110 49 146 272 48 230 121 82 138 59 43 129 142 238 72 147 54 124 141 146 119 17 141 196 63 244 121 124 116 83 117 5 85 192 104 121
228 20 1473 79 293 112 13 109 165 116 160 85 81 144 110 139 295 80 137 98 22 123 85 54 236 69 186 73 12 68 129 70 25 116 30 19 30 115 244 59 129 114 238
229 20 1379 111 140 85 90 103 38 101 265 44 296 29 251 74 225 45 236 98 8 146 252 39 67 72 247 111 56 100 84 137 244 43 294 34 192 133 136 83 25 136 96
230 20 1677 120 94 117 276 61 132 65 200 116 2 51 72 122 271 142 174 116 275 122 245 118 161 128 190 148 20 99 255 104 49 126 229 139 272 3 147 143 83 57 201
231 20 1481 108 42 113 51 34 110 139 225 96 147 81 41 46 188 125 2 84 152 66 242 122 231 44 28 59 19 125 114 123 295 104 104 140 118 117 188 58 291 68 254
232 20 1336 116 147 137 176 125 85 132 143 35 139 65 209 118 47 133 291 76 171 55 91 105 255 80 50 56 175 99 271 29 292 53 92 52 152 84 105 79 29 41 91
233 20 1438 127 192 66 37 110 231 128 294 70 246 128 230 132 262 109 254 88 28 100 10 15 268 73 182 36 21 74 64 116 163 72 77 30 72 140 77 36 270 148 32
234 20 1541 150 284 53 141 52 290 138 187 47 87 63 240 141 177 110 22 138 102 149 238 117 284 119 205 133 180 114 269 61 166 132 236 19 233 10 78 122 250 59 291
235 20 1470 109 44 108 72 128 22 96 269 135 263 81 1 32 233 62 289 69 238 33 52 145 46 115 29 91 56 99 279 137 284 57 215 78 100 85 96 96 136 82 98
236 20 1513 127 177 48 196 120 63 134 26 138 30 92 255 115 139 87 209 77 203 67 188 143 235 45 35 120 262 128 224 69 91 104 124 37 213 139 29 46 226 56 236
237 20 1547 60 126 102 96 143 42 36 180 64 162 23 39 141 161 96 82 150 131 84 126 140 120 104 255 36 254 97 46 105 15 147 202 131 208 6 291 131 122 138 134
238 20 1584 109 279 142 196 35 262 128 265 82 172 150 143 55 145 144 269 92 123 146 246 104 130 115 3 18 201 64 76 88 292 105 220 146 220 108 232 13 72 137 127
239 20 1569 79 17 147 1 116 74 111 151 29 72 150 220 89 118 38 289 121 197 115 158 43 272 28 191 68 238 114 288 122 277 128 64 75 10 148 162 107 72 134 238
240 20 1582 57 162 91 17 116 41 59 8 118 224 144 296 131 127 46 168 115 217 95 245 90 120 94 155 89 71 141 274 147 200 79 113 111 115 115 146 56 167 84 270
241 20 1600 110 38 105 284 129 272 132 149 129 169 150 228 83 62 75 212 120 89 27 235 129 221 101 185 70 56 57 297 112 161 70 83 83 133 86 273 128 200 104 8
242 20 1617 136 30 119 88 138 90 131 253 145 136 39 242 143 263 49 42 114 223 118 21 87 268 59 206 125 192 84 122 37 5 106 166 102 220 26 216 115 63 149 29
243 20 1372 138 128 86 52 130 299 84 57 52 68 20 254 43 183 106 119 120 237 109 66 144 137 62 74 70 91 19 211 30 262 69 52 97 88 123 187 135 120 79 149
244 20 1440 42 243 135 157 116 161 56 104 140 270 88 91 128 250 39 200 124 164 48 283 52 203 48 214 109 40 101 199 107 231 119 143 33 119 138 173 60 242 118 269
245 20 1502 81 134 33 276 118 82 83 125 148 78 70 177 144 269 75 259 117 20 122 14 132 246 139 287 40 238 50 157 105 72 69 235 122 30 118 281 41 187 71 83
246 20 1180 101 29 22 194 71 268 65 132 16 272 141 35 98 57 26 1 56 58 91 27 85 116 71 53 84 102 81 250 90 164 119 196 26 14 31 255 59 291 143 183
247 20 1409 59 290 150 210 38 88 117 213 121 229 107 171 81 231 84 221 52 132 59 169 85 158 98 32 34 286 71 270 138 33 102 72 128 260 79 190 114 256 45 249
248 20 1592 112 273 97 154 85 70 108 266 138 254 114 271 109 293 142 114 38 85 80 48 85 25 121 96 107 124 106 251 27 6 139 43 93 32 74 183 65 85 150 283
249 20 1472 81 131 103 190 47 89 143 175 146 189 80 161 122 179 148 187 15 262 81 40 109 28 84 258 58 263 68 68 30 81 146 275 70 141 136 153 46 205 127 19
250 20 1400 137 125 147 35 110 84 67 92 142 236 141 67 99 281 27 32 105 96 15 27 115 73 100 162 128 97 60 197 28 125 83 203 27 13 69 84 69 166 82 170
251 20 1639 68 217 150 196 145 253 126 19 28 188 121 239 129 209 119 161 94 121 42 183 52 91 147 241 145 193 105 84 109 6 82 37 73 59 120 185 114 7 80 9
252 20 1594 115 39 117 70 87 163 82 250 115 28 73 20 139 112 92 17 80 258 111 191 54 280 40 7 139 75 126 207 118 251 146 283 57 274 116 253 85 105 101 288
253 20 1735 123 296 132 115 148 79 147 139 118 57 109 18 150 271 30 123 70 13 102 24 108 221 83 115 117 143 136 229 145 110 135 29 133 214 17 67 112 199 54 194
254 20 1289 3 7 146 6 66 223 136 169 67 95 61 15 18 10 8 3 76 231 122 55 37 273 76 169 87 109 117 143 112 243 117 28 43 282 123 84 118 74 79 13
255 20 1533 144 94 131 284 143 263 125 297 111 200 97 280 115 144 142 28 81 38 81 210 68 164 102 266 105 16 19 35 28 167 74 136 138 90 53 14 54 145 106 26
256 20 1575 136 148 107 267 112 266 86 248 53 190 141 259 41 88 58 18 118 170 62 48 145 212 97 39 82 104 69 50 102 90 115 236 142 193 65 62 103 180 135 275
257 20 1586 92 169 111 263 98 188 145 114 99 227 128 145 45 231 148 263 86 174 97 155 50 13 70 290 119 179 128 154 148 121 85 106 27 105 63 213 137 130 107 220
258 20 1229 150 238 90 296 66 29 56 175 43 78 76 203 18 161 56 27 128 129 20 252 119 145 100 219 64 90 99 262 114 280 63 114 66 56 92 30 94 237 23 294
259 20 1475 32 246 72 179 30 5 131 202 86 144 87 153 146 273 35 68 134 258 149 127 132 289 110 94 73 205 48 211 117 231 101 228 46 70 122 219 129 235 64 234
260 20 1568 45 17 145 221 102 61 150 15 95 158 107 21 112 191 10 207 109 15 135 216 127 216 60 110 86 209 137 223 68 134 114 163 143 113 51 30 92 46 72 231
261 20 1440 67 132 125 44 76 182 138 40 116 25 59 123 63 131 125 259 106 39 124 1 121 41 139 159 62 280 89 74 104 183 80 192 69 151 70 169 37 174 30 35
262 20 1569 149 250 135 6 91 53 73 114 33 143 140 53 105 135 56 65 108 240 123 100 85 220 102 45 115 111 127 286 77 116 68 11 45 296 149 297 42 187 139 191
263 20 1292 73 270 142 27 57 38 64 36 101 300 87 274 87 179 67 181 15 200 13 218 89 65 143 17 148 52 10 289 77 137 109 29 101 143 58 245 49 95 125 57
264 20 1551 65 19 139 111 126 263 83 187 47 94 101 106 135 6 61 107 150 5 128 89 137 46 98 144 87 263 79 122 114 24 99 198 99 2 106 7 32 186 53 21
265 20 1344 12 41 14 70 43 229 44 183 100 237 80 282 141 281 122 120 23 187 124 281 78 232 80 43 141 286 39 147 124 163 137 75 77 224 128 170 23 23 150 249
266 20 1725 105 66 33 206 127 195 83 234 138 126 71 292 96 84 106 69 143 105 134 183 104 192 138 285 57 109 139 236 51 254 135 193 140 220 94 286 113 284 150 180
267 20 1472 95 136 105 289 74 12 101 111 63 60 147 56 57 77 42 254 94 19 131 96 139 293 134 8 84 295 68 202 44 278 146 89 50 259 76 225 113 139 77 53
268 20 1512 91 167 114 200 25 139 138 122 88 139 148 43 109 281 83 55 94 290 142 181 144 10 25 118 147 75 38 212 104 56 146 148 86 29 40 126 28 299 100 119
269 20 1399 111 232 15 277 99 33 45 20 105 296 106 75 72 6 95 10 118 12 78 213 35 118 128 161 139 89 113 173 49 49 86 256 47 148 127 187 66 96 115 80
270 20 1627 116 211 48 33 127 57 106 20 123 10 115 221 100 3 86 99 35 34 16 291 135 132 121 19 112 125 145 187 132 231 100 42 114 241 147 56 148 30 8 196
271 20 1467 139 156 52 137 136 245 147 151 144 161 21 203 25 185 93 163 19 182 119 23 73 42 72 249 95 101 129 8 138 263 126 175 128 161 71 274 74 262 33 259
272 20 1226 122 130 71 164 129 270 97 273 75 95 112 270 7 117 133 169 59 242 47 8 73 248 113 93 76 189 88 135 58 299 60 51 11 11 101 217 59 179 42 281
273 20 1540 7 140 148 298 132 18 10 191 110 227 147 32 115 242 41 142 39 138 47 55 140 201 126 83 123 90 118 7 141 187 99 50 142 139 134 69 29 139 77 55
274 20 1481 50 52 131 89 8 222 110 116 136 28 140 93 18 166 41 104 105 139 57 268 77 140 61 258 76 206 74 137 124 6 146 42 140 13 146 220 110 6 102 272
275 20 1439 18 175 84 248 139 256 56 225 148 103 82 179 72 278 36 249 25 38 143 45 149 155 103 58 89 139 14 104 147 20 46 258 133 151 93 13 135 59 87 31
276 20 1363 58 280 51 283 85 45 94 267 136 29 34 170 128 247 119 119 19 208 10 155 94 294 97 98 117 63 84 219 115 91 15 226 142 249 79 43 140 110 87 60
277 20 1432 36 200 121 195 139 294 100 138 127 20 66 250 8 251 123 293 130 293 44 16 133 293 22 274 111 13 148 204 41 208 29 33 12 237 118 91 143 152 140 195
278 20 1430 145 273 133 273 139 243 23 121 126 176 145 125 8 84 108 18 2 210 134 163 120 240 18 119 150 287 52 168 55 192 50 87 61 42 98 117 110 88 111 249
279 20 1504 140 76 67 150 102 105 93 286 109 94 148 243 105 244 32 209 64 90 125 174 114 226 18 194 31 12 72 247 142 281 117 170 118 248 63 179 94 20 127 128
280 20 1759 80 189 80 230 128 273 146 219 116 298 104 138 141 260 112 290 138 104 128 30 17 154 21 1 108 106 136 2 144 37 127 212 144 29 99 256 103 134 127 253
281 20 1364 137 67 138 261 39 64 67 152 74 20 60 237 72 118 148 66 92 177 29 13 101 61 41 77 72 76 66 105 62 179 84 127 34 139 146 188 111 4 132 32
282 20 1766 137 268 111 209 75 118 63 212 135 104 103 155 128 88 59 143 147 293 112 294 130 257 100 59 141 212 140 180 128 171 91 178 40 17 114 249 114 73 140 264
283 20 1555 141 246 101 230 93 162 140 15 90 71 144 132 143 17 44 232 134 96 15 226 140 251 138 199 137 258 71 165 75 271 73 69 51 42 101 161 56 76 57 80
284 20 1424 46 115 43 26 98 33 75 102 126 35 82 108 124 199 128 139 115 260 37 156 119 161 62 295 117 187 33 43 118 229 49 61 88 63 102 296 82 208 137 287
285 20 1156 96 148 10 196 124 8 30 92 99 68 106 17 149 211 90 49 122 247 39 231 33 4 27 9 43 68 127 290 71 278 7 152 55 220 40 6 85 190 93 96
286 20 1392 128 255 68 300 54 235 44 94 96 79 53 275 127 138 98 106 53 6 141 10 41 160 90 159 55 125 134 63 110 179 146 12 30 25 54 268 84 154 134 190
287 20 1588 121 287 25 273 86 73 87 135 125 173 76 115 108 127 137 96 146 225 48 48 69 170 118 173 96 176 148 167 144 28 130 187 74 74 74 223 59 95 114 200
288 20 1442 49 147 115 212 148 273 101 63 91 189 99 282 93 168 72 158 16 258 32 219 127 145 148 293 113 9 123 206 56 187 89 171 67 132 89 109 61 7 114 119
289 20 1444 123 169 101 1 35 107 86 212 59 246 125 120 123 163 70 239 94 157 128 172 26 79 92 167 129 291 148 248 35 257 22 50 86 187 123 62 113 250 87 102
290 20 1612 84 57 136 95 138 239 136 82 107 286 43 257 51 58 126 178 115 217 100 166 55 277 150 271 116 165 132 260 85 76 147 129 27 205 121 62 51 105 96 30
291 20 1721 147 155 73 238 103 13 137 96 59 267 80 167 147 287 138 205 125 56 130 47 148 264 73 245 123 191 31 146 139 214 146 39 80 184 82 167 150 295 41 13
292 20 1514 141 58 131 88 5 194 136 255 93 136 57 41 39 72 95 181 135 106 114 87 132 92 57 71 95 67 103 275 68 103 72 50 125 106 91 164 115 13 89 205
293 20 1407 128 126 114 180 108 283 122 247 62 158 46 212 71 299 40 260 108 51 112 26 36 146 66 229 83 4 144 162 78 137 75 288 141 71 77 201 97 68 51 87
294 20 1105 111 20 55 155 91 72 132 267 9 266 50 140 26 166 85 193 47 131 109 36 23 178 68 239 142 203 46 168 20 84 40 259 93 135 113 222 63 211 59 164
295 20 1400 146 137 115 44 104 132 9 224 99 2 37 98 39 95 23 262 48 192 99 121 77 238 110 293 99 64 66 228 115 197 133 202 83 168 142 87 88 237 118 205
296 20 1496 142 274 136 45 140 28 41 153 84 187 120 188 112 157 18 214 78 115 37 151 104 12 127 51 136 49 134 42 137 53 68 153 100 29 47 174 38 184 71 123
297 20 1428 64 49 129 64 123 80 64 231 112 10 102 133 135 183 63 273 128 187 135 92 131 64 30 136 80 190 73 252 61 289 123 154 82 115 63 80 23 233 64 164
298 20 1252 50 230 136 45 80 9 59 21 85 273 121 8 121 138 65 120 103 9 90 149 37 196 148 300 74 126 38 167 48 100 41 207 64 100 30 106 80 212 96 242
299 20 1617 100 299 114 246 134 255 135 162 140 208 27 23 72 63 99 87 95 92 138 94 100 245 83 109 112 87 139 8 131 6 117 53 68 255 22 163 135 152 61 93
300 20 1476 150 80 62 79 86 263 147 5 94 121 131 44 54 35 58 197 129 7 22 121 137 36 17 109 123 250 93 126 148 271 27 281 94 92 81 235 52 266 140 207
