1 20 1476 22 52 126 78 88 181 37 171 129 81 85 27 82 198 92 121 82 240 106 89 104 197 141 100 20 256 101 172 83 57 125 106 112 264 80 59 102 90 129 283
2 20 1631 144 64 30 286 98 213 106 26 145 182 112 235 113 92 112 42 117 261 109 100 48 231 86 205 123 31 143 15 33 193 59 280 76 279 139 132 101 283 145 61
3 20 1475 121 233 110 252 73 233 116 266 96 166 62 189 133 239 91 30 72 272 116 19 40 192 69 239 102 267 97 276 49 198 99 103 147 193 128 93 71 129 52 255
4 20 1656 106 156 132 127 70 131 142 233 62 283 138 50 107 85 124 190 54 21 121 168 50 160 95 89 80 295 119 37 118 147 124 141 127 297 107 244 93 77 101 94
5 20 1639 58 36 131 150 121 216 149 172 91 71 132 282 94 150 37 99 137 78 149 95 15 284 26 85 128 87 123 18 147 118 90 83 150 2 119 270 57 63 95 289
6 20 1696 99 100 48 295 129 62 140 147 84 20 145 36 116 46 132 116 71 67 110 43 146 265 68 266 71 287 115 50 144 69 145 46 63 132 90 63 65 231 139 190
7 20 1640 120 270 119 123 105 270 109 45 120 226 120 260 140 275 48 214 141 252 90 60 130 258 45 234 119 60 99 235 139 119 45 237 62 287 147 227 22 129 131 273
8 20 1691 146 184 130 259 87 40 131 139 134 61 68 186 79 82 139 36 116 10 109 158 86 293 85 273 144 187 140 23 89 39 113 86 21 261 123 221 105 79 69 155
9 20 1603 136 159 137 69 122 71 57 152 65 232 76 6 132 20 38 252 146 126 131 285 92 37 70 162 73 18 101 50 150 71 90 196 138 265 56 291 90 25 104 203
10 20 1692 96 97 54 233 104 213 146 36 149 111 98 3 78 270 12 186 131 147 115 123 109 90 134 41 80 214 147 233 94 190 140 223 79 149 147 148 90 30 113 238
11 20 1556 129 118 80 278 125 205 83 280 45 290 60 61 150 115 126 99 81 87 21 162 131 73 149 92 146 251 97 26 123 273 125 237 68 111 115 134 59 240 33 283
12 20 1650 131 77 69 161 114 118 69 120 148 137 87 54 118 278 126 255 102 126 44 149 119 98 96 270 66 25 143 16 138 222 73 284 99 275 135 252 58 252 128 137
13 20 1535 87 67 111 259 80 274 106 104 73 23 83 157 91 90 149 280 73 153 97 221 121 167 88 108 29 210 93 298 129 34 114 10 89 167 52 174 115 115 139 175
14 20 1513 34 121 138 235 81 74 88 8 97 56 137 54 114 14 147 29 77 294 60 27 126 236 38 60 114 212 122 187 28 77 146 298 150 95 132 168 34 46 29 205
15 20 1526 78 106 103 216 128 143 78 59 114 285 110 16 64 77 149 218 70 239 107 63 102 56 80 192 97 176 46 240 107 98 147 50 138 44 32 84 101 285 57 137
16 20 1803 67 60 142 66 106 40 56 32 111 182 99 147 74 225 140 170 91 91 150 49 63 3 144 47 145 147 122 21 141 189 113 70 64 254 145 13 144 190 137 164
17 20 1426 55 18 79 91 44 36 106 111 131 13 74 47 132 208 55 282 59 276 77 150 100 146 111 59 62 265 53 280 138 166 73 16 122 122 83 64 133 46 96 150
18 20 1708 148 242 109 77 98 76 63 168 60 5 122 191 103 31 57 168 103 61 82 129 117 111 130 15 124 115 109 142 112 135 112 105 136 283 116 10 135 228 100 61
19 20 1575 62 141 147 230 23 215 81 277 141 7 120 43 150 231 132 48 55 13 130 129 91 2 128 279 8 128 133 57 128 121 56 82 124 196 51 97 120 74 89 112
20 20 1717 39 120 135 7 96 149 136 111 107 234 124 98 51 30 146 248 100 20 136 224 124 81 130 19 145 2 136 154 112 14 66 192 87 16 93 174 84 253 100 48
21 20 1319 149 228 56 289 28 65 127 230 131 269 90 56 13 137 27 155 138 91 80 55 70 161 65 206 83 164 9 44 132 18 120 267 81 288 98 203 30 260 122 64
22 20 1740 88 229 122 29 91 252 107 188 85 250 122 70 97 24 121 68 140 32 110 103 42 139 100 248 127 133 101 129 88 78 148 99 127 170 116 170 130 37 113 37
23 20 1560 131 168 141 252 123 61 88 95 64 244 102 43 132 83 112 205 70 152 58 224 120 1 129 156 114 284 72 45 108 105 19 203 61 219 80 53 84 186 143 260
24 20 1280 86 110 51 127 129 209 104 15 120 45 108 101 133 292 93 32 45 154 148 116 31 296 14 20 48 196 50 187 27 133 132 154 101 152 76 145 54 109 50 299
25 20 1620 125 223 74 276 122 254 115 113 107 176 108 66 119 171 128 257 57 276 55 163 147 53 97 272 141 150 21 67 69 103 19 96 150 215 101 267 135 31 136 299
26 20 1454 54 104 72 271 129 65 65 247 31 146 145 65 112 246 71 74 96 195 61 216 96 97 64 161 42 27 148 234 147 207 116 214 72 247 129 119 111 196 57 172
27 20 1521 142 70 19 108 121 134 150 72 107 6 17 288 25 157 128 299 147 259 115 78 123 53 84 80 98 35 85 281 42 268 95 232 59 208 98 166 111 44 136 205
28 20 1432 70 287 90 163 117 142 33 143 87 101 19 46 89 31 47 151 66 47 19 123 65 235 100 83 136 108 110 246 142 193 133 114 89 203 121 292 138 50 120 138
29 20 1616 95 225 116 20 150 230 102 53 114 283 149 43 53 251 93 141 150 270 72 99 109 213 118 70 146 89 40 288 73 82 72 273 73 188 123 186 132 133 40 191
30 20 1325 10 31 13 270 18 199 123 80 134 200 53 124 141 32 35 209 121 223 145 211 48 17 42 85 112 292 143 128 45 216 125 266 101 44 44 153 136 192 68 231
31 20 1657 131 232 145 151 68 165 90 6 147 294 142 202 60 229 145 56 23 12 43 35 145 193 76 2 114 257 36 236 122 63 122 162 141 41 142 271 61 233 119 41
32 20 1649 120 161 73 12 60 20 136 37 105 185 43 284 150 189 122 174 114 267 140 243 85 251 63 189 67 171 133 234 85 5 76 216 143 7 118 221 146 84 83 213
33 20 1447 45 50 100 31 105 228 34 44 58 133 109 120 84 94 133 30 85 185 117 138 59 93 98 70 105 35 144 24 70 237 43 121 143 25 98 156 130 217 49 48
34 20 1614 137 138 110 103 74 194 100 142 58 287 37 288 96 119 121 223 104 1 76 185 110 111 92 294 146 13 126 272 149 86 47 141 100 222 96 43 120 219 119 300
35 20 1474 41 198 101 287 117 149 148 124 56 72 53 38 118 282 87 300 130 174 73 178 145 93 105 204 124 47 122 96 33 155 83 62 76 195 104 165 41 10 86 49
36 20 1952 150 293 104 275 115 116 129 58 144 96 126 3 115 24 114 187 51 234 136 292 114 134 121 61 126 99 138 191 137 44 102 140 122 290 120 214 131 245 146 288
37 20 1636 102 257 134 26 148 23 141 211 90 198 96 162 76 153 130 150 131 32 142 88 123 53 115 174 24 230 121 153 115 203 8 250 39 51 111 252 135 60 64 161
38 20 1508 128 77 63 113 113 107 31 95 121 42 66 146 137 34 125 152 8 288 36 48 100 285 32 182 127 114 136 285 91 45 129 241 70 270 124 271 107 18 141 110
39 20 1888 135 160 127 170 113 130 62 46 110 142 146 133 64 171 142 164 140 210 147 83 131 262 140 2 141 97 145 71 95 57 122 292 137 82 10 199 147 35 107 220
40 20 1508 127 66 143 3 68 241 135 240 28 47 92 154 104 16 40 86 138 97 88 225 77 191 34 187 74 180 100 231 126 69 64 48 145 130 150 124 35 85 118 66
41 20 1816 150 104 123 148 89 269 121 121 140 220 26 158 133 144 138 230 120 82 116 84 134 214 45 103 127 259 132 140 123 201 146 77 19 143 143 248 135 198 110 127
42 20 1287 122 190 92 13 44 274 128 185 57 119 93 150 142 80 105 300 69 278 28 149 52 242 68 194 115 294 102 251 35 45 57 119 73 167 12 34 135 251 80 262
43 20 1576 136 54 124 262 145 92 48 279 141 15 133 220 96 81 24 151 45 250 99 111 135 59 122 25 26 119 137 110 84 275 84 184 118 206 127 134 15 83 131 136
44 20 1784 78 86 64 123 116 39 136 20 129 168 76 187 138 195 120 109 134 294 143 16 112 33 142 87 141 77 124 23 113 165 107 161 145 110 96 171 66 230 51 40
45 20 1688 123 280 96 161 14 89 114 207 53 143 129 255 128 158 39 35 123 54 64 26 121 123 138 90 118 167 147 80 125 205 93 113 150 138 84 127 136 181 116 24
46 20 1512 94 130 26 241 91 267 32 128 91 51 132 229 78 284 104 21 52 108 86 218 141 193 136 258 36 245 144 224 126 11 72 175 140 140 150 252 14 220 145 230
47 20 1553 92 184 64 242 59 139 97 104 123 207 102 210 82 102 106 79 148 139 72 120 103 119 87 39 146 189 42 54 128 79 44 277 112 283 148 197 49 25 138 94
48 20 1561 139 5 72 106 109 25 50 52 83 90 116 143 144 205 134 236 118 250 110 81 56 172 132 162 127 254 92 134 52 71 54 215 62 154 99 10 137 170 66 53
49 20 1496 148 76 37 224 127 157 146 98 69 121 149 264 123 131 147 44 9 51 133 160 116 94 71 246 8 206 59 139 88 275 104 193 4 95 116 264 121 285 95 240
50 20 1561 81 294 98 152 60 238 127 241 87 84 51 146 118 25 140 175 144 36 115 290 75 200 95 186 120 220 142 78 74 8 126 16 53 120 60 197 108 137 78 211
51 20 1578 79 61 148 178 143 204 38 197 138 59 147 186 65 262 130 12 79 35 147 205 129 61 55 220 26 71 89 164 93 166 100 97 57 48 139 217 97 59 74 214
52 20 1715 106 123 80 155 34 289 63 267 99 291 139 250 137 181 144 276 144 212 125 41 149 97 49 288 131 72 79 228 71 14 87 119 129 204 136 179 138 132 104 196
53 20 1619 143 286 29 49 100 153 61 121 150 201 22 15 116 296 34 144 130 39 112 32 12 276 148 89 89 34 95 86 150 181 134 126 134 139 145 243 82 281 138 290
54 20 1491 134 80 62 152 41 196 114 258 74 223 72 135 74 6 100 296 78 120 142 184 120 95 74 103 140 205 106 92 125 145 143 272 124 298 17 209 8 117 116 188
55 20 1477 104 179 126 291 4 193 79 174 110 72 135 162 136 35 87 256 61 50 56 69 107 282 82 22 83 80 142 61 23 208 147 253 146 189 126 293 31 88 62 99
56 20 1688 108 82 115 118 149 160 109 271 141 153 87 280 99 170 134 160 57 226 107 160 104 288 17 43 119 136 135 188 115 119 108 232 116 82 97 239 94 98 100 56
57 20 1471 80 177 30 111 103 52 142 247 149 37 26 89 136 21 93 159 112 265 42 230 128 298 93 101 79 48 146 100 143 114 58 219 23 212 74 111 103 294 79 277
58 20 1499 80 39 98 91 94 11 94 26 113 1 113 160 131 44 54 54 59 107 140 276 146 244 120 42 121 148 30 173 126 158 110 236 11 17 114 112 76 158 44 119
59 20 1584 56 248 141 262 144 125 133 137 54 184 108 56 103 135 59 268 66 70 138 6 117 131 146 13 135 49 126 177 65 299 72 243 59 111 78 8 96 233 85 126
60 20 1597 75 273 127 71 83 40 90 33 68 199 21 295 132 110 89 211 111 189 131 211 144 239 101 121 82 220 75 138 118 300 20 192 126 162 144 293 142 190 118 292
61 20 1572 138 168 104 49 28 211 124 232 127 150 116 183 65 283 47 146 139 297 80 220 84 93 34 277 87 56 52 202 133 188 139 49 93 188 142 293 126 138 107 161
62 20 1598 74 89 66 240 86 98 105 49 90 243 141 2 99 296 86 142 147 221 87 180 75 42 135 114 81 246 97 236 103 52 139 58 140 184 71 94 150 160 26 19
63 20 1636 123 15 86 129 103 11 88 175 115 36 148 19 40 178 75 229 142 261 118 137 91 126 144 35 63 172 87 21 99 208 78 195 142 186 117 75 58 61 129 44
64 20 1620 101 28 54 283 147 53 32 242 134 174 110 246 66 127 134 62 114 150 96 138 68 269 99 230 86 285 132 161 78 72 122 232 137 63 78 226 140 268 98 24
65 20 1340 86 184 127 190 84 174 30 2 61 198 132 5 57 135 79 149 45 209 101 81 96 271 74 174 53 202 114 13 69 1 103 47 86 190 115 249 145 56 19 191
66 20 1293 82 52 122 190 36 289 69 189 25 241 33 135 134 163 52 144 126 116 121 84 18 134 82 300 86 275 56 25 100 261 77 279 115 10 128 167 149 103 6 18
67 20 1625 74 193 32 155 76 181 146 209 119 292 125 5 34 245 101 256 141 54 142 148 147 147 130 173 147 222 143 112 34 52 90 269 123 290 84 147 20 225 124 158
68 20 1863 149 83 150 271 79 260 142 195 118 270 20 159 132 191 135 105 146 153 79 217 136 11 147 92 139 213 135 182 62 9 124 169 76 199 135 144 135 122 90 291
69 20 1454 78 253 118 76 13 141 118 234 57 254 29 245 128 4 133 157 87 129 41 299 140 231 12 129 105 184 108 174 106 7 147 253 120 140 121 58 34 119 123 1
70 20 1468 96 97 138 101 41 258 120 66 142 5 72 60 30 80 20 70 115 290 147 41 67 136 122 18 123 2 101 227 132 29 62 278 93 99 76 119 68 36 70 264
71 20 1747 65 114 110 91 148 296 101 184 125 114 140 69 144 4 149 215 39 279 147 249 72 213 96 253 138 260 123 153 131 116 108 297 144 140 40 201 47 120 117 74
72 20 1583 81 138 26 83 121 176 49 92 144 214 150 46 37 190 55 253 142 260 104 233 124 276 136 108 146 123 67 211 116 40 86 134 96 267 77 167 103 99 119 21
73 20 1687 131 156 116 270 81 270 100 177 77 53 141 155 148 276 19 5 88 199 145 70 112 164 51 117 101 124 121 267 39 198 122 49 141 237 120 21 119 66 137 35
74 20 1440 115 59 91 271 106 90 147 267 92 294 129 168 90 192 84 98 150 102 140 5 50 62 110 169 84 56 44 76 30 23 118 37 142 265 29 210 20 284 30 22
75 20 1759 127 252 136 99 116 235 139 193 97 255 93 60 46 58 148 69 126 65 144 297 94 6 134 4 133 103 99 21 144 34 43 185 37 208 150 107 62 180 131 226
76 20 1194 108 106 62 98 28 105 60 102 41 162 51 239 128 2 27 88 60 112 75 45 12 253 42 144 138 146 14 7 105 41 142 158 149 252 22 39 96 188 133 74
77 20 1596 95 245 46 105 117 253 101 13 118 66 96 30 113 76 92 300 62 97 105 112 77 268 106 38 137 14 110 82 117 188 92 233 45 155 122 106 130 139 114 221
78 20 1420 147 49 71 112 70 56 98 71 22 63 87 175 57 268 97 293 100 174 146 225 99 242 75 23 19 100 139 113 128 21 18 75 81 126 100 207 103 91 118 83
79 20 1681 146 224 59 124 143 19 79 233 136 247 104 271 80 42 115 294 123 227 129 84 140 249 63 233 106 113 48 110 38 151 130 270 123 138 122 158 81 241 137 214
80 20 1497 97 191 138 248 28 71 101 272 27 51 130 240 74 137 100 262 105 254 101 148 39 141 140 175 125 212 150 187 98 43 53 56 78 22 89 251 118 13 81 135
81 20 1613 139 23 99 280 66 240 149 179 84 161 126 234 146 12 92 129 54 74 125 57 110 37 46 22 100 237 5 117 112 228 108 5 93 124 115 74 122 135 126 109
82 20 1652 105 66 124 213 80 232 144 42 67 233 146 249 75 253 131 113 138 19 106 122 127 259 54 193 113 59 57 218 140 189 144 84 105 270 89 166 70 102 51 12
83 20 1529 138 112 91 33 148 130 148 137 60 65 124 173 12 81 63 76 81 271 136 217 64 186 134 23 69 15 117 134 60 215 102 276 104 299 46 119 86 247 129 193
84 20 1725 71 62 148 281 133 247 77 245 92 78 122 184 122 175 103 188 117 168 140 266 121 116 85 92 123 209 98 220 110 279 106 233 71 229 126 186 43 136 149 225
85 20 1532 77 209 86 277 101 69 75 140 53 67 56 263 142 270 70 50 134 222 124 163 78 32 73 102 69 101 117 186 121 285 120 190 108 213 138 150 100 60 74 93
86 20 1544 142 296 54 129 145 277 142 92 53 144 148 256 58 286 122 76 95 137 106 84 65 248 99 200 84 79 86 53 91 116 70 221 123 102 69 97 49 67 129 252
87 20 1572 121 91 84 198 70 241 144 285 15 251 67 291 99 241 67 114 133 21 77 12 146 16 123 291 90 164 113 43 53 290 112 31 80 185 96 207 141 14 134 208
88 20 1786 27 280 109 183 135 250 89 27 113 121 125 276 130 256 102 10 110 225 120 83 140 15 142 205 146 132 83 134 96 8 147 64 106 26 125 81 66 59 122 234
89 20 1523 135 165 83 279 102 9 75 39 147 138 92 72 75 52 52 164 96 9 62 245 81 52 98 286 124 203 68 5 131 2 108 236 140 7 104 169 35 138 96 74
90 20 1588 136 81 86 269 31 3 39 161 148 20 91 58 149 220 127 206 70 126 19 1 104 261 129 100 52 130 134 208 73 152 102 107 140 214 147 73 148 199 61 297
91 20 1376 139 183 94 159 111 271 93 241 48 9 100 195 78 104 89 92 66 234 126 119 54 155 27 273 76 57 15 4 61 49 144 230 147 117 48 234 111 189 94 45
92 20 1435 144 223 150 56 48 22 68 33 135 252 47 255 87 54 112 250 62 151 113 224 104 263 56 273 69 257 41 3 107 185 93 124 85 225 140 11 38 88 95 236
93 20 1651 92 185 121 208 65 215 80 186 90 249 113 138 74 21 137 84 121 154 123 157 130 155 110 44 75 246 93 238 89 288 109 113 143 231 97 80 88 120 114 214
94 20 1701 78 198 148 17 138 136 149 127 97 238 83 99 103 4 87 300 37 105 143 96 136 154 110 188 97 296 136 16 101 86 101 152 77 142 65 230 144 112 97 119
95 20 1576 148 97 116 212 150 151 42 283 126 125 91 278 109 250 125 107 76 46 114 118 87 22 82 184 148 9 53 205 97 170 147 238 64 14 127 188 22 54 47 257
96 20 1460 99 26 129 273 52 255 54 50 45 299 108 148 87 234 7 157 99 250 150 65 114 46 145 157 131 42 93 241 89 235 121 295 103 182 52 151 57 58 91 143
97 20 1638 74 34 53 148 20 96 113 23 150 63 89 128 136 78 108 78 135 263 95 171 148 186 28 109 132 131 110 223 142 111 119 73 113 264 74 150 105 161 104 188
98 20 1628 115 188 100 214 96 59 130 52 137 119 62 88 94 169 130 45 97 212 141 52 37 108 120 260 146 274 114 277 113 14 104 299 147 158 17 58 78 124 57 93
99 20 1640 123 266 115 183 35 119 145 237 115 222 94 170 124 114 90 38 129 113 145 40 87 183 107 159 107 126 93 203 63 107 76 156 144 147 123 14 39 217 97 265
100 20 1529 80 200 131 187 147 127 39 292 139 156 79 217 144 171 118 154 134 18 12 208 115 275 13 159 123 48 93 76 134 230 109 279 53 4 70 83 96 272 83 247
101 20 1736 118 249 101 281 107 49 119 114 98 133 73 167 79 8 116 203 149 58 94 178 100 239 113 92 125 141 88 91 124 245 126 282 141 148 59 145 142 178 98 3
102 20 1641 126 236 55 151 120 180 148 128 134 188 62 21 150 203 91 139 135 65 30 272 150 113 111 194 108 53 116 99 130 94 59 97 112 44 42 57 101 117 72 235
103 20 1544 113 19 59 22 86 9 74 210 45 220 99 1 92 6 67 201 96 38 111 181 137 299 122 153 118 141 146 173 92 51 20 85 52 86 149 113 109 222 144 295
104 20 1691 72 96 133 208 119 281 128 170 104 156 124 99 104 145 73 237 96 151 122 285 148 142 147 22 106 69 30 131 63 12 144 255 81 119 95 192 92 219 133 299
105 20 1505 7 171 136 6 76 194 122 249 76 278 93 127 112 193 117 280 42 91 60 66 81 293 112 129 142 175 144 284 85 41 128 221 125 240 147 101 27 84 50 137
106 20 1793 128 261 142 55 54 62 142 217 109 178 99 286 132 104 72 143 61 217 132 78 124 232 52 253 135 169 148 73 121 177 147 73 131 25 124 31 121 274 68 16
107 20 1678 111 264 44 73 131 200 107 293 146 247 105 13 62 84 137 113 100 245 141 66 90 122 64 277 116 202 102 102 136 201 99 97 87 93 77 268 117 261 126 215
108 20 1608 72 211 131 259 116 21 136 166 89 102 127 243 123 290 11 246 72 271 49 182 22 55 124 49 116 266 110 103 148 163 109 99 116 236 135 245 147 93 58 51
109 20 1625 8 211 145 253 127 129 92 94 109 295 132 110 139 114 146 31 122 171 42 146 149 1 91 296 138 123 56 69 120 30 99 152 27 44 100 144 92 175 98 103
110 20 1399 57 12 52 107 73 286 135 8 29 136 125 248 77 203 33 12 113 230 108 162 66 224 43 206 51 65 81 164 149 236 117 157 143 223 102 118 102 235 93 178
111 20 1597 118 154 133 169 115 87 104 228 78 16 147 98 126 57 79 31 55 198 66 267 118 44 102 276 17 53 51 38 136 8 80 256 111 76 122 57 93 88 146 290
112 20 1590 146 21 114 221 80 119 43 180 145 74 104 28 147 78 111 46 52 148 100 198 44 270 105 56 145 246 71 33 99 67 117 172 106 282 77 34 125 37 57 298
113 20 1771 60 150 140 79 137 225 125 26 147 123 125 18 83 222 130 208 125 174 131 158 29 200 40 34 107 203 135 292 95 11 86 105 134 79 123 178 123 203 139 52
114 20 1580 83 295 33 162 118 262 109 199 81 260 47 267 82 54 145 66 92 150 150 192 150 169 120 273 96 185 73 241 115 201 134 245 139 70 106 15 16 175 86 250
115 20 1668 68 126 116 268 106 98 109 7 87 69 109 22 80 252 134 62 110 213 137 107 115 263 84 242 141 171 82 252 134 57 104 238 104 24 92 197 90 16 84 189
116 20 1690 148 172 80 80 103 106 16 197 69 83 121 296 128 201 128 241 125 239 140 175 142 82 45 231 148 232 97 130 132 20 110 143 38 217 116 2 119 239 108 196
117 20 1608 88 32 97 206 4 81 87 173 148 260 124 75 106 297 78 158 79 164 149 199 114 95 101 250 105 43 150 212 110 294 47 23 113 217 105 144 67 281 138 63
118 20 1839 96 135 115 202 120 201 137 149 112 124 127 213 126 195 145 181 144 254 64 153 128 51 140 69 65 30 126 102 102 32 131 254 132 34 62 64 138 194 89 162
119 20 1836 82 251 10 283 133 172 57 242 70 56 119 145 135 136 144 201 128 136 115 210 120 55 147 35 136 22 137 201 123 288 140 163 123 32 146 60 98 98 133 239
120 20 1471 146 75 60 60 50 81 127 104 5 39 100 228 123 71 74 134 55 117 80 104 110 249 116 129 34 104 118 109 35 107 120 169 86 3 146 297 115 145 139 221
121 20 1339 32 293 57 114 110 201 19 147 59 114 99 259 79 6 47 7 124 249 114 50 71 298 147 287 108 238 91 201 30 192 137 238 24 208 98 197 89 199 139 6
122 20 1493 134 180 120 25 78 36 50 219 4 55 46 7 39 128 144 151 140 156 122 174 139 124 103 141 68 300 130 291 43 178 79 53 87 71 102 261 97 248 142 222
123 20 1477 73 123 101 137 57 171 25 217 88 151 47 174 90 244 106 172 119 4 34 300 144 127 40 278 124 87 100 128 65 195 116 24 137 178 123 143 129 194 129 270
124 20 1380 130 194 73 152 145 210 142 94 92 85 62 18 141 7 33 208 73 115 137 215 113 63 64 290 108 198 26 222 36 252 125 178 82 161 31 144 40 184 73 234
125 20 1699 103 172 141 107 62 134 84 166 112 203 75 290 135 43 20 38 145 2 134 215 148 244 124 133 26 81 117 220 132 143 50 78 136 142 142 255 128 23 110 183
126 20 1679 133 24 144 72 124 275 51 237 115 177 136 230 59 56 90 60 127 123 145 65 68 71 145 160 81 239 121 204 143 193 42 215 72 48 91 296 101 43 111 11
127 20 1606 120 143 111 52 47 110 132 11 93 227 150 295 25 292 58 59 95 118 76 106 137 91 89 22 133 178 142 114 150 160 77 218 65 186 90 288 149 68 69 186
128 20 1411 93 215 62 21 39 234 108 211 60 104 120 184 134 167 38 184 105 43 83 279 76 125 53 27 68 25 131 238 109 251 129 277 105 200 70 33 54 294 127 279
129 20 1549 141 187 117 130 67 130 129 99 97 229 78 92 47 177 92 288 129 203 47 292 32 89 46 280 149 155 106 193 139 221 141 287 22 98 113 300 149 90 96 106
130 20 1708 132 195 150 296 86 95 119 142 115 207 112 210 144 184 75 256 126 37 142 76 23 32 82 73 73 300 111 67 52 102 148 13 64 111 127 118 127 275 127 299
131 20 1640 140 245 120 141 43 154 79 176 50 93 119 194 62 6 108 159 85 74 50 86 77 293 102 286 93 1 144 146 109 139 144 25 148 88 90 140 147 92 141 26
132 20 1522 50 156 88 92 90 216 135 18 28 13 129 265 134 159 110 22 141 201 126 144 99 168 145 284 93 176 108 63 81 178 113 211 35 40 47 295 51 288 100 261
133 20 1539 72 92 34 212 106 27 100 218 72 69 77 222 109 212 25 20 134 244 89 72 143 269 120 250 101 64 111 119 17 216 131 163 137 277 123 165 148 10 75 245
134 20 1685 68 23 132 165 123 51 142 73 143 212 77 298 72 3 98 168 126 195 86 287 126 109 41 122 111 131 70 172 144 176 139 233 101 168 123 22 65 250 120 136
135 20 1450 134 134 108 40 50 134 91 140 139 233 32 61 149 30 86 291 36 246 121 212 134 240 51 85 48 97 122 65 117 265 61 283 28 112 135 243 131 135 40 158
136 20 1545 122 238 119 73 64 282 50 130 147 296 71 293 58 82 83 254 120 275 61 83 147 109 136 191 63 100 98 105 20 232 63 176 145 176 138 63 94 77 133 209
137 20 1592 107 145 141 121 26 212 78 61 30 73 93 255 52 161 125 99 125 137 131 117 105 10 114 19 137 205 68 106 53 145 117 263 126 189 111 98 138 205 114 88
138 20 1680 70 125 81 67 128 15 76 232 141 123 109 138 140 72 45 159 132 228 150 72 43 16 123 45 127 299 137 283 10 94 116 11 120 160 124 97 111 74 118 84
139 20 1582 86 25 122 239 150 13 150 80 39 94 66 167 131 140 80 19 97 248 43 116 131 276 91 185 150 184 127 24 9 51 140 133 47 153 80 33 105 163 134 3
140 20 1412 140 232 133 293 71 68 93 294 120 124 143 73 10 226 66 67 135 181 96 105 88 245 107 112 43 46 18 288 110 222 94 120 67 56 73 63 142 77 16 165
141 20 1700 104 189 65 283 72 137 125 136 118 171 91 176 142 12 78 79 146 102 148 200 137 247 131 174 147 278 39 214 54 128 100 296 88 43 148 276 86 32 106 167
142 20 1404 50 70 132 256 21 165 108 297 125 83 42 105 101 293 23 287 94 171 106 299 42 163 90 297 140 92 138 160 120 19 29 8 143 188 61 246 88 99 103 144
143 20 1605 120 38 36 159 120 84 115 250 83 90 129 162 119 51 135 143 92 265 83 214 103 51 133 189 94 51 55 92 115 28 147 212 95 37 104 9 77 167 52 275
144 20 1728 107 216 62 227 81 189 130 262 144 144 131 160 142 276 108 288 71 254 105 202 94 298 129 300 78 14 117 292 115 35 110 246 139 297 147 254 53 204 98 292
145 20 1573 116 294 113 105 25 131 50 291 35 72 146 90 96 201 39 206 117 190 94 193 80 231 119 221 86 163 69 201 101 191 131 217 137 7 136 66 140 173 137 44
146 20 1496 78 76 20 133 142 55 116 28 139 289 106 167 56 1 27 81 47 254 150 212 26 85 107 105 71 60 115 257 77 271 118 62 147 209 74 149 119 176 135 249
147 20 1522 132 268 145 209 106 2 35 89 139 156 57 188 63 125 90 103 96 209 71 262 80 237 134 50 122 296 63 221 149 35 83 243 114 9 74 179 96 152 54 184
148 20 1336 124 297 90 58 107 218 146 258 63 150 59 143 134 114 39 145 104 275 125 146 26 70 19 248 68 251 93 99 129 71 91 149 48 165 112 68 31 239 63 287
149 20 1610 120 88 102 246 147 277 149 110 119 151 51 43 70 145 114 41 99 170 137 138 41 171 135 238 74 105 115 91 41 162 127 155 107 35 100 93 41 118 124 82
150 20 1696 142 86 148 140 110 153 46 163 142 188 102 5 147 58 111 218 131 286 119 18 105 55 122 102 110 249 120 99 110 22 74 232 56 282 65 84 72 48 88 179
151 20 1604 112 67 135 79 90 121 95 158 125 243 57 161 149 30 26 237 102 293 64 169 65 138 59 59 103 163 142 237 149 142 24 200 116 92 97 289 145 89 150 81
152 20 1633 114 215 113 244 81 157 121 109 78 119 131 191 113 126 124 159 128 224 81 9 116 226 92 174 145 236 135 29 114 123 87 77 8 36 66 217 116 176 79 24
153 20 1345 63 184 74 78 82 283 50 295 48 279 81 111 107 235 70 5 39 183 96 249 102 133 56 232 128 40 50 125 115 23 113 11 148 224 128 156 25 257 107 195
154 20 1634 41 120 149 68 141 210 68 152 139 234 81 184 149 59 25 177 147 198 144 79 129 167 96 102 109 276 121 69 124 140 128 22 34 154 75 75 32 136 111 20
155 20 1637 73 80 110 101 128 114 69 246 95 5 73 245 120 166 88 51 130 202 134 108 132 300 131 93 43 91 102 19 96 243 111 272 82 237 150 182 80 189 100 94
156 20 1284 78 220 58 298 149 91 67 136 113 193 81 230 70 216 69 168 45 161 17 168 83 167 92 27 121 290 68 141 95 9 93 134 46 171 127 13 73 208 60 159
157 20 1500 150 212 87 75 76 100 30 242 130 182 122 101 36 150 143 269 124 77 34 108 140 185 86 254 67 4 127 121 22 46 138 299 75 113 68 10 117 32 103 282
158 20 1553 98 259 129 63 50 15 69 276 101 123 149 57 111 223 86 100 72 161 89 168 145 165 107 300 73 91 142 147 68 53 86 193 144 188 28 243 66 141 129 83
159 20 1530 102 284 146 274 78 61 139 1 48 51 147 60 86 79 75 231 123 163 94 262 73 121 130 285 114 210 126 166 147 238 101 62 40 297 86 92 31 11 27 277
160 20 1759 150 235 126 208 78 147 80 140 95 20 45 253 138 164 39 155 149 105 98 20 134 235 113 197 107 41 101 123 94 245 143 4 143 84 144 133 85 232 137 110
161 20 1505 76 88 84 99 79 287 77 156 92 276 144 256 147 276 150 70 81 247 44 48 130 105 56 141 143 267 118 54 80 240 39 298 69 254 108 103 122 260 43 246
162 20 1457 88 240 86 198 84 61 114 123 78 277 140 136 77 22 56 238 120 22 54 23 76 24 83 281 69 215 144 174 147 136 136 266 6 215 62 142 79 254 123 211
163 20 1466 51 213 80 181 80 128 43 20 11 148 114 255 92 90 101 186 101 163 135 293 121 261 136 112 89 263 106 29 105 69 99 200 128 77 78 15 72 254 91 106
164 20 1794 56 31 85 203 121 194 92 156 79 48 75 194 64 202 132 282 144 64 127 229 145 104 134 172 144 204 138 39 147 56 122 219 144 50 100 152 126 130 68 175
165 20 1555 83 135 85 100 113 289 57 172 77 89 57 9 101 258 141 210 89 251 47 106 87 46 148 43 109 94 133 189 59 253 131 228 110 96 148 242 34 296 135 205
166 20 1635 55 261 103 220 20 227 108 300 107 206 64 289 107 76 128 117 95 245 146 279 137 110 108 100 48 44 136 218 120 232 100 267 81 251 135 85 150 44 96 43
167 20 1611 139 45 62 103 146 58 140 132 80 218 72 150 146 84 46 189 64 64 134 246 145 121 82 41 98 160 104 298 119 66 56 207 91 4 107 208 39 58 144 92
168 20 1696 140 58 137 174 112 257 125 214 86 8 69 196 131 279 75 177 75 99 73 211 123 262 119 9 147 136 26 123 115 21 149 203 113 248 140 195 77 255 89 76
169 20 1413 19 244 58 269 49 234 100 111 129 38 129 98 75 108 56 101 91 8 148 221 99 175 58 144 129 270 103 156 133 292 82 211 66 15 119 168 111 43 13 133
170 20 1824 100 146 70 192 148 171 147 80 101 229 113 23 138 271 149 278 67 140 125 23 117 92 73 24 139 36 148 72 111 276 117 242 118 213 15 40 148 12 136 182
171 20 1725 146 172 86 256 119 182 85 46 31 80 103 202 74 225 131 238 108 286 58 214 104 299 109 211 110 263 108 251 107 294 129 292 136 241 143 151 139 258 131 142
172 20 1513 106 178 45 277 52 220 52 151 110 79 98 60 143 24 81 79 107 78 41 75 78 291 143 235 128 58 72 41 134 196 97 161 127 17 143 116 127 147 8 152
173 20 1633 131 190 121 140 87 141 99 4 43 3 117 68 138 11 45 17 20 7 123 37 83 106 69 203 150 253 140 295 71 237 145 118 145 124 148 33 42 127 125 114
174 20 1420 124 95 132 240 30 93 5 56 41 295 25 209 87 19 63 146 138 282 89 15 57 248 129 210 126 295 139 159 119 180 80 46 66 219 128 45 83 23 115 226
175 20 1675 100 286 70 293 122 27 144 148 85 194 36 4 125 73 135 88 72 260 102 220 125 117 141 66 92 211 148 49 62 135 96 235 105 225 48 152 145 261 141 173
176 20 1596 80 213 42 22 144 208 70 29 125 190 81 105 137 207 146 64 113 79 65 118 107 177 94 78 82 120 36 52 129 13 83 136 92 231 88 54 141 90 141 68
177 20 1751 100 111 94 249 65 131 82 292 136 79 55 273 143 130 138 158 145 214 135 1 147 2 115 47 137 172 118 49 37 218 72 277 103 118 133 146 141 100 93 154
178 20 1527 86 270 90 160 144 136 123 252 89 160 138 109 144 277 52 28 62 187 94 137 76 98 144 263 63 84 39 89 103 181 52 4 95 241 142 128 70 25 103 149
179 20 1693 139 196 132 41 124 280 56 119 97 83 23 141 108 83 137 75 135 149 103 64 149 91 58 177 120 235 10 52 69 117 147 276 121 59 139 97 113 54 137 238
180 20 1433 86 197 13 58 48 228 145 116 51 227 118 143 144 78 107 2 44 270 116 86 80 70 86 68 130 2 130 37 145 143 106 114 77 125 120 201 25 106 21 191
181 20 1619 128 159 46 241 83 36 120 285 100 178 111 73 47 27 111 91 96 192 83 207 51 189 105 119 107 136 101 6 150 231 139 74 104 79 150 143 97 146 95 46
182 20 1668 78 62 109 228 132 269 123 260 42 13 84 12 99 119 106 120 124 7 18 249 142 159 96 269 115 175 149 281 53 156 147 115 99 259 98 37 138 72 134 235
183 20 1712 41 77 127 80 72 269 97 110 98 274 120 8 148 197 124 14 85 186 147 64 60 157 144 143 47 63 102 285 130 297 123 81 113 261 144 126 139 176 79 202
184 20 1508 127 123 134 47 80 279 77 219 53 72 147 106 134 232 100 263 53 153 86 243 52 231 112 105 66 8 124 207 62 234 94 41 136 232 20 9 96 52 133 229
185 20 1704 116 124 119 36 146 188 133 38 85 267 101 279 104 299 101 166 38 44 146 198 98 291 107 3 147 107 111 232 140 236 107 263 82 157 146 189 43 187 60 88
186 20 1343 63 106 142 56 80 128 147 189 15 237 29 21 110 63 97 97 110 13 91 253 45 128 97 5 68 207 70 245 60 128 112 180 115 116 145 54 30 80 53 285
187 20 1759 53 284 126 46 145 14 133 143 124 108 98 169 81 147 127 190 81 5 127 115 121 49 110 263 150 290 100 128 56 27 142 29 103 26 114 298 86 36 122 54
188 20 1347 80 194 56 185 110 46 112 253 28 9 30 158 82 293 37 115 145 10 79 68 57 275 83 67 104 28 28 96 123 254 108 224 123 140 98 126 60 234 141 136
189 20 1636 147 265 50 240 53 101 106 209 97 108 103 8 138 55 148 244 44 292 142 290 97 37 135 292 106 135 129 236 99 63 130 31 76 239 62 96 46 208 137 142
190 20 1549 78 230 95 293 104 219 136 138 65 209 90 252 85 83 96 203 149 188 62 44 42 126 115 273 120 28 96 28 60 235 99 50 113 88 146 54 124 171 62 226
191 20 1736 132 96 126 267 142 158 22 71 105 175 88 60 103 227 41 282 80 204 95 275 112 80 112 78 97 241 132 37 127 172 126 70 120 276 137 35 145 35 129 178
192 20 1676 70 123 74 127 94 21 112 62 66 258 125 282 118 136 117 72 103 72 122 271 83 293 60 113 83 237 145 46 140 99 137 132 132 2 122 103 129 58 64 82
193 20 1630 142 50 30 243 148 296 119 47 116 21 66 300 56 11 137 245 22 101 148 187 103 82 137 183 132 261 79 57 125 85 90 261 58 37 124 196 104 188 102 267
194 20 1515 130 275 88 268 83 238 57 5 118 249 58 44 13 197 136 296 144 97 80 80 115 289 124 35 139 38 133 38 76 1 70 174 103 98 63 235 60 216 104 251
195 20 1638 35 267 61 239 102 40 144 89 146 155 109 35 99 37 142 230 114 271 88 224 44 116 58 29 57 288 113 179 132 232 110 149 141 87 120 23 83 126 150 268
196 20 1584 141 118 78 113 81 236 42 249 70 64 140 12 93 176 118 59 145 239 39 229 24 81 145 123 132 31 97 277 43 255 129 146 150 161 119 226 113 234 81 94
197 20 1776 74 262 141 213 111 48 113 274 125 158 148 300 64 72 87 245 135 211 136 291 138 178 117 240 122 149 106 113 133 45 148 27 57 116 39 36 127 255 100 261
198 20 1588 99 258 24 161 136 234 20 270 35 63 149 173 150 234 122 112 92 149 98 107 130 231 108 236 109 279 148 202 24 192 93 294 139 275 132 194 37 31 140 92
199 20 1740 86 281 146 188 56 50 43 138 139 114 133 231 55 8 141 233 127 63 147 3 110 49 146 272 48 230 121 82 142 238 72 147 62 281 141 146 119 17 141 196
200 20 1628 121 124 116 83 117 5 85 192 104 121 69 252 147 287 112 13 109 165 116 160 139 295 80 137 98 22 123 85 54 236 93 176 101 179 65 248 70 25 116 30
201 20 1602 43 229 59 129 114 238 149 29 85 206 34 108 104 11 133 84 148 171 126 190 113 193 45 236 98 8 146 252 39 67 72 247 111 56 100 84 137 244 147 41
202 20 1784 133 136 83 25 136 96 120 234 61 132 128 224 116 2 51 72 122 271 142 174 116 275 122 245 118 161 128 190 148 20 99 255 104 49 126 229 139 272 39 114
203 20 1666 101 216 96 225 102 68 139 225 96 147 81 41 14 168 79 141 147 117 121 278 122 231 44 28 59 19 125 114 123 295 104 104 140 118 117 188 146 126 127 76
204 20 1509 116 147 137 176 119 70 65 209 118 47 133 291 76 171 55 91 105 255 80 50 88 290 99 271 146 72 46 115 86 157 66 73 96 43 127 192 19 207 110 231
205 20 1468 141 280 128 294 70 246 128 230 131 190 127 89 66 29 73 182 36 21 74 64 116 163 72 77 30 72 140 77 64 283 150 284 53 141 52 290 138 187 47 87
206 20 1468 36 213 63 240 141 177 110 22 138 102 149 238 117 284 119 205 133 180 114 269 61 166 132 236 19 233 10 78 122 250 59 291 59 216 95 256 23 192 135 263
207 20 1544 24 182 117 54 117 110 145 177 69 238 33 52 145 46 115 29 91 56 99 279 137 284 57 215 78 100 85 96 96 136 82 98 48 196 120 63 134 26 138 30
208 20 1429 140 47 128 82 77 203 67 188 143 235 45 35 131 1 112 162 69 91 104 124 107 92 56 236 39 161 60 126 102 96 143 42 36 180 64 162 23 39 141 161
209 20 1854 150 131 84 126 140 120 128 274 36 254 97 46 131 208 146 294 131 122 138 134 135 14 101 69 128 265 82 172 150 143 55 145 144 269 92 123 146 246 104 130
210 20 1502 76 36 64 76 88 292 105 220 146 220 108 232 64 62 79 17 147 1 116 74 111 151 29 72 150 220 89 118 38 289 121 197 115 158 136 227 28 191 68 238
211 20 1697 95 120 114 288 122 277 148 162 89 173 134 238 91 17 116 41 148 194 64 129 46 168 115 217 123 114 60 172 94 155 89 71 137 275 147 200 79 113 111 115
212 20 1673 56 167 84 270 115 210 129 272 132 149 129 169 150 228 83 62 75 212 120 89 27 235 129 221 101 185 70 56 149 190 81 88 79 172 128 200 136 30 119 88
213 20 1353 95 261 145 136 39 242 143 263 49 42 114 223 11 167 87 268 84 122 37 5 106 166 102 220 26 216 115 63 149 29 104 172 130 299 84 57 52 68 20 254
214 20 1474 99 106 92 221 106 119 119 52 135 123 37 140 82 272 146 294 19 211 30 262 69 52 97 88 123 187 135 120 79 149 126 204 42 243 135 157 116 161 56 104
215 20 1681 123 223 140 270 88 91 128 250 100 225 124 164 142 157 102 121 107 79 107 231 119 143 33 119 138 173 60 242 118 269 94 95 145 287 33 276 118 82 83 125
216 20 1528 94 140 144 269 75 259 117 20 122 14 132 246 144 69 119 82 50 157 105 72 69 235 122 30 118 281 41 187 71 83 128 233 101 29 22 194 71 268 65 132
217 20 1382 141 35 98 57 26 1 56 58 91 27 56 168 58 241 132 31 125 94 82 222 98 137 26 14 31 255 59 291 143 183 142 102 59 290 150 210 38 88 117 213
218 20 1480 107 171 81 231 84 221 66 96 59 169 85 158 98 32 143 219 71 270 138 33 79 190 114 256 45 249 26 217 112 273 97 154 85 70 108 266 138 254 114 271
219 20 1573 142 114 38 85 80 48 130 182 121 96 107 124 106 251 27 6 139 43 93 32 92 216 65 85 150 283 102 196 66 137 95 131 45 289 143 175 146 189 80 161
220 20 1598 135 251 122 179 148 187 15 262 81 40 58 263 68 68 30 81 146 275 70 141 136 153 46 205 127 19 147 35 110 84 67 92 142 236 141 67 99 281 110 4
221 20 1411 81 35 128 97 60 197 63 206 83 203 27 13 69 84 69 166 82 170 30 115 68 217 150 196 145 253 126 19 129 209 119 161 94 121 42 183 52 91 147 241
222 20 1389 105 84 109 6 82 37 73 59 89 160 4 220 20 45 117 70 87 163 82 250 115 28 73 20 139 112 92 17 80 258 111 191 54 280 40 7 139 75 126 207
223 20 1872 146 283 57 274 116 253 85 105 101 288 61 210 123 296 132 115 148 79 147 139 118 57 109 18 150 271 86 214 146 48 83 115 117 143 136 229 145 110 135 29
224 20 1463 17 67 112 199 54 194 120 2 116 211 131 46 112 293 136 169 67 95 61 15 10 80 117 171 101 73 76 169 87 109 117 143 112 243 117 28 43 282 123 84
225 20 1653 36 158 69 66 144 94 131 284 143 263 125 297 111 200 97 280 115 144 142 28 81 38 81 210 105 16 74 136 138 90 53 14 54 145 106 26 150 172 112 266
226 20 1683 134 76 124 207 53 190 141 259 41 88 114 68 95 143 53 138 102 90 115 236 142 193 65 62 103 180 135 275 101 222 98 188 145 114 99 227 128 145 116 267
227 20 1370 86 174 78 63 119 179 128 154 148 121 85 106 27 105 63 213 137 130 107 220 90 296 66 29 56 175 18 161 14 152 128 129 126 103 73 246 100 219 64 90
228 20 1600 150 173 131 166 140 41 57 215 66 56 92 30 94 237 23 294 94 90 123 28 90 19 86 144 87 153 146 273 134 298 65 67 107 242 132 289 110 94 73 205
229 20 1666 117 231 101 228 123 258 121 128 129 220 9 195 145 221 102 61 150 15 95 158 107 21 112 191 34 270 127 216 60 110 86 209 137 223 68 134 114 163 146 285
230 20 1612 63 31 147 31 103 117 123 152 138 40 116 25 59 123 106 39 124 1 121 41 139 159 140 138 104 3 92 172 96 36 76 154 70 169 37 174 30 35 131 190
231 20 1558 135 6 91 53 73 114 33 143 140 53 105 135 56 65 120 198 150 102 110 169 23 276 115 111 127 286 77 116 149 297 42 187 139 191 142 27 57 38 64 36
232 20 1477 130 191 101 300 87 274 87 179 67 181 15 200 109 218 89 65 143 17 148 52 10 289 77 137 109 29 101 143 58 245 48 223 125 57 134 81 126 263 83 187
233 20 1309 138 132 71 68 51 65 71 35 6 255 59 2 52 195 87 263 79 122 114 24 99 198 99 2 106 7 93 292 53 21 34 27 21 13 141 268 141 281 122 120
234 20 1725 96 29 144 172 141 144 78 232 80 43 141 286 137 75 77 224 128 170 124 206 105 66 33 206 127 195 146 173 42 226 106 69 143 105 134 183 57 109 118 155
235 20 1536 135 193 140 220 94 286 113 284 150 180 64 175 74 12 101 111 63 60 147 56 57 77 42 254 139 293 134 8 84 295 68 202 44 278 146 89 50 259 76 225
236 20 1552 83 88 92 278 77 53 147 229 91 167 114 200 25 139 138 122 109 281 83 55 94 290 142 181 144 10 25 118 147 75 106 20 28 204 146 148 86 29 63 88
237 20 1479 100 119 15 277 99 33 147 62 148 119 25 2 71 273 95 10 118 12 78 213 35 118 128 161 139 89 113 173 49 49 86 256 47 148 127 187 113 44 116 211
238 20 1616 122 188 48 33 127 57 32 230 100 3 86 99 35 34 16 291 135 132 121 19 132 231 100 42 114 241 147 56 148 30 78 138 52 137 136 245 147 151 144 161
239 20 1784 149 40 102 30 93 125 82 276 123 95 134 149 95 101 129 8 138 263 126 175 128 161 137 76 131 70 33 259 83 278 122 130 71 164 129 270 97 273 129 118
240 20 1544 121 76 47 8 73 248 113 93 95 181 88 135 58 299 60 51 108 190 109 140 90 117 141 14 148 298 132 18 96 280 110 227 147 32 115 242 41 142 39 138
241 20 1597 27 279 126 83 123 90 118 7 141 187 99 50 142 139 134 69 29 139 77 55 45 63 131 249 131 89 111 195 58 113 136 28 140 93 83 53 41 104 105 139
242 20 1632 77 140 129 140 103 224 74 137 124 6 146 42 140 13 146 220 110 6 102 272 118 78 88 45 88 163 87 143 36 249 32 69 100 297 149 155 103 58 89 139
243 20 1600 147 20 93 13 135 59 87 31 124 153 140 82 142 187 85 45 94 267 136 29 34 170 128 247 119 119 19 208 10 155 94 294 97 98 117 63 84 219 115 91
244 20 1480 142 249 87 60 64 156 139 294 48 131 8 251 123 293 130 293 44 16 133 293 22 274 111 13 148 204 41 208 29 33 119 96 46 240 143 152 140 195 133 273
245 20 1428 139 46 126 176 145 125 44 34 71 19 78 108 52 168 55 192 50 87 69 219 111 249 67 150 102 105 93 286 109 94 148 243 105 244 32 209 64 90 125 174
246 20 1652 18 194 31 12 72 247 142 281 117 170 118 248 63 179 94 20 127 128 96 280 95 245 80 230 128 273 146 219 116 298 104 138 141 260 112 290 138 104 128 30
247 20 1563 139 283 77 33 114 272 116 118 87 253 144 29 99 256 103 134 127 253 94 150 149 229 131 91 32 173 67 152 74 20 60 237 72 118 148 66 92 177 29 13
248 20 1666 109 82 72 76 66 105 62 179 84 127 111 4 132 32 126 168 137 268 105 35 59 32 106 234 135 104 103 155 128 88 59 143 147 293 112 294 130 257 100 59
249 20 1668 140 180 40 17 114 249 37 214 140 264 145 81 123 94 115 145 81 161 140 15 95 285 59 88 134 96 15 226 140 251 138 199 137 258 83 129 136 158 73 69
250 20 1343 64 189 141 20 81 239 56 76 58 161 43 26 98 33 130 188 18 44 82 108 124 199 128 139 115 260 37 156 119 161 62 295 117 187 33 43 118 229 55 203
251 20 1403 148 96 149 166 137 287 122 113 96 148 10 196 124 8 30 92 99 68 106 17 149 211 90 49 122 247 39 231 43 85 64 254 71 278 7 152 55 220 93 96
252 20 1688 128 255 150 133 118 268 44 94 96 79 53 275 127 138 98 106 53 6 141 10 55 125 134 63 110 179 146 12 134 138 134 5 95 26 121 287 137 112 37 223
253 20 1617 125 173 76 115 108 127 137 96 146 225 48 48 69 170 118 173 99 102 146 90 74 74 74 223 59 95 114 200 100 52 74 118 115 212 148 273 101 63 91 189
254 20 1486 98 123 141 187 93 168 72 158 16 258 114 275 149 227 147 5 56 187 86 144 85 253 138 92 61 7 114 119 87 202 41 70 53 172 59 246 125 120 123 163
255 20 1741 94 157 128 172 26 79 92 167 129 291 148 248 129 72 25 148 86 187 123 62 113 250 84 57 136 95 138 239 136 82 107 286 129 69 115 217 100 166 139 214
256 20 1760 142 231 111 14 85 76 147 129 103 190 121 62 51 105 96 30 81 145 103 13 137 96 59 267 80 167 147 287 138 205 125 56 130 47 148 264 73 245 123 191
257 20 1672 139 214 146 39 80 184 82 167 150 295 141 58 131 88 5 194 136 255 93 136 57 41 39 72 95 181 135 106 114 87 132 92 57 71 95 67 138 167 125 106
258 20 1619 101 229 59 177 115 228 94 215 122 247 62 158 106 35 150 82 130 146 118 186 66 229 83 4 144 162 141 71 77 201 67 169 111 20 55 155 91 72 132 267
259 20 1364 138 9 133 278 50 140 83 153 97 64 66 99 109 36 89 123 46 168 20 84 40 259 93 135 113 222 63 211 59 164 131 229 44 44 93 70 127 47 112 114
260 20 1443 14 5 96 5 49 56 48 143 23 262 48 192 110 293 99 64 66 228 115 197 133 202 83 168 142 87 88 237 118 205 113 280 142 274 136 45 140 28 41 153
261 20 1483 120 188 112 157 107 119 58 10 9 253 136 49 134 42 137 53 68 153 100 29 138 122 92 297 71 123 26 73 52 41 45 63 135 174 116 232 135 183 63 273
262 20 1630 123 145 94 261 107 139 148 55 139 76 95 183 126 84 145 53 77 173 58 62 40 90 117 60 50 230 136 45 80 9 59 21 137 274 121 8 121 138 65 120
263 20 1393 28 179 63 68 84 277 50 275 41 207 64 100 53 119 106 279 96 242 114 246 134 255 135 162 140 208 27 23 62 189 95 275 122 16 89 136 100 245 139 8
264 20 1545 64 104 134 87 22 163 135 152 61 93 74 271 150 80 147 5 94 121 131 44 129 7 28 123 142 42 55 272 123 250 93 126 148 271 27 281 94 92 81 235
265 20 1736 109 246 133 176 140 207 117 93 95 21 100 164 24 148 134 104 130 161 69 6 113 14 121 168 127 258 77 35 141 159 119 272 101 26 116 118 85 4 120 148
266 20 1780 84 104 124 57 103 43 29 266 118 264 148 213 131 59 111 6 93 299 143 20 113 216 140 220 80 297 150 40 39 244 148 196 104 138 98 115 145 202 125 156
267 20 1595 118 167 148 23 32 280 33 214 122 273 129 131 79 264 53 167 128 245 39 129 131 5 61 170 112 243 104 222 127 98 100 3 125 29 150 174 143 255 60 194
268 20 1457 134 147 93 53 78 122 70 46 42 107 70 253 122 203 45 207 83 162 102 229 112 185 133 57 117 158 23 80 106 11 111 246 71 250 50 159 127 17 133 151
269 20 1350 56 266 19 196 68 212 88 52 61 89 44 90 118 66 75 93 132 21 143 114 126 207 111 102 110 259 31 154 144 175 72 277 134 266 44 21 27 200 85 217
270 20 1476 109 41 55 39 135 92 102 234 99 233 74 136 66 67 91 36 97 164 135 258 126 92 119 213 96 210 142 169 64 264 82 7 81 297 63 124 16 178 93 98
271 20 1516 136 34 59 279 112 264 132 104 18 189 40 200 140 23 83 212 139 218 105 196 25 285 16 286 101 187 149 194 122 197 143 90 107 199 89 283 111 104 69 37
272 20 1572 143 160 134 166 29 18 86 111 131 287 31 157 127 105 34 70 93 296 118 13 62 155 123 91 68 174 131 68 85 144 127 200 130 181 149 283 93 71 72 229
273 20 1545 107 75 122 74 88 228 127 138 85 245 66 174 48 162 118 159 127 260 118 43 33 279 141 264 136 192 78 61 114 218 79 277 92 6 146 211 74 283 33 293
274 20 1502 141 40 120 81 91 256 122 129 99 190 120 269 145 287 121 236 150 66 19 271 80 117 50 84 80 180 139 87 38 205 28 283 129 192 40 293 102 164 64 227
275 20 1420 39 183 48 89 122 150 106 19 123 112 103 41 59 42 106 150 101 42 138 98 149 33 57 90 65 284 40 30 117 115 72 295 10 16 84 12 109 197 127 296
276 20 1419 130 77 55 161 113 128 88 164 81 117 27 198 148 62 125 275 8 272 138 255 90 43 88 72 133 258 60 108 111 175 30 65 70 21 96 194 128 35 55 82
277 20 1475 140 264 81 227 81 115 11 38 77 269 125 254 94 204 53 56 88 255 133 29 109 255 118 29 128 296 88 247 76 262 140 268 62 91 131 116 24 117 85 221
278 20 1512 130 156 94 42 147 97 119 191 63 1 38 292 143 25 71 249 31 89 121 252 63 155 113 241 150 185 125 95 49 176 112 105 48 26 66 299 116 89 91 31
279 20 1588 102 288 29 20 137 262 95 18 63 101 59 230 109 102 112 101 97 180 113 140 87 46 93 43 124 98 90 66 66 295 113 236 89 295 122 201 148 196 137 259
280 20 1645 106 14 65 158 130 141 89 22 117 123 144 171 149 184 23 146 113 113 141 279 94 105 122 242 123 297 84 125 113 33 74 1 140 257 42 202 77 39 111 137
281 20 1686 94 84 90 235 103 167 94 16 129 248 102 114 80 9 110 13 44 299 106 152 71 97 107 163 112 36 113 188 118 129 145 220 110 221 127 143 126 157 127 55
282 20 1777 122 29 105 113 76 53 92 76 138 93 66 154 148 238 110 135 139 10 106 239 129 33 83 155 104 86 139 198 146 180 139 258 109 119 20 42 129 214 122 205
283 20 1637 97 40 117 164 150 137 43 139 78 227 140 6 111 93 126 173 60 13 66 238 116 66 124 150 122 135 43 214 146 286 130 132 127 211 116 142 101 181 34 294
284 20 1516 104 1 29 63 50 56 89 194 92 233 139 6 6 230 69 288 121 281 131 161 144 274 144 195 140 268 91 9 47 238 132 7 117 45 125 60 107 113 19 34
285 20 1719 118 299 150 283 88 96 80 50 148 58 142 22 41 115 110 204 117 38 107 166 103 143 39 2 102 220 127 266 137 285 81 47 76 1 150 51 90 268 143 243
286 20 1446 30 69 80 129 150 92 83 16 128 121 56 166 84 247 143 204 135 272 40 101 144 280 116 121 140 213 68 178 20 23 120 224 62 130 137 163 27 151 45 116
287 20 1641 133 225 79 125 144 73 31 98 141 111 37 11 35 48 47 257 150 121 117 76 83 298 130 183 106 112 117 143 144 218 101 23 139 1 114 19 58 263 146 103
288 20 1688 123 286 121 98 143 45 83 267 69 157 147 93 98 99 63 277 123 68 127 33 126 96 103 235 87 31 137 230 115 72 91 249 145 162 85 146 92 245 33 142
289 20 1600 93 67 86 100 143 37 149 250 119 299 139 264 87 102 45 52 136 11 17 214 53 151 141 42 48 56 141 47 23 121 123 71 142 157 92 275 77 266 146 206
290 20 1522 89 51 78 278 44 209 140 297 75 175 98 225 130 96 52 245 134 175 135 102 62 246 134 187 145 177 37 190 55 275 61 132 141 249 82 29 90 275 121 184
291 20 1569 128 101 58 249 144 174 130 178 114 183 71 84 145 57 116 2 107 149 41 85 59 36 146 286 141 246 44 243 105 92 132 254 111 163 64 194 47 281 59 110
292 20 1524 144 157 133 47 32 181 87 146 145 196 123 4 47 31 97 69 65 243 44 185 65 197 108 39 124 1 117 232 104 219 115 276 26 16 65 236 131 226 134 276
293 20 1563 102 139 107 56 101 80 141 127 110 21 16 117 123 85 114 199 136 242 103 64 31 78 51 204 146 59 134 285 103 113 79 21 93 279 60 284 61 266 143 35
294 20 1448 77 153 39 274 38 253 84 80 56 129 134 59 135 97 78 192 56 11 118 149 72 132 66 155 96 270 140 44 128 18 128 48 101 46 35 251 125 293 105 231
295 20 1591 50 30 114 257 75 189 86 53 114 178 76 240 63 9 148 18 107 110 119 192 145 45 64 262 121 282 47 175 145 231 93 215 141 99 127 213 148 36 6 92
296 20 1652 68 197 82 120 135 54 21 275 149 31 100 281 116 96 97 93 93 217 97 207 112 245 113 251 127 228 81 286 134 177 23 55 114 31 145 90 134 212 125 64
297 20 1507 51 221 124 209 119 58 149 295 25 56 67 108 132 252 115 166 121 143 97 59 70 140 133 207 129 225 59 119 109 39 89 20 25 100 57 175 90 208 123 16
298 20 1564 71 260 53 206 63 133 135 64 64 287 44 22 141 122 132 31 71 257 140 55 116 267 69 128 80 290 150 171 122 130 73 95 145 207 127 117 93 233 67 298
299 20 1576 138 140 40 43 92 178 133 257 115 282 76 185 133 82 4 41 150 265 102 230 120 247 51 103 141 132 76 83 51 278 115 6 58 41 115 145 122 163 139 137
300 20 1457 70 176 27 22 148 17 126 204 150 146 64 85 90 283 26 212 119 164 104 209 113 227 94 128 137 177 36 79 58 35 102 75 134 154 105 6 12 83 107 261
