1 20 983 129 52 25 78 118 176 114 171 22 81 66 27 69 198 59 121 69 240 45 89 47 197 10 100 131 256 50 172 68 57 26 106 39 264 71 59 49 90 22 283
2 20 998 7 64 121 286 86 21 99 81 53 213 45 26 6 182 39 235 38 92 44 14 128 163 47 140 20 162 101 186 103 231 65 205 28 31 8 15 118 193 92 280
3 20 1036 12 132 50 283 6 61 35 220 78 233 35 266 55 166 123 124 110 266 32 182 141 143 55 143 20 231 35 19 111 192 82 239 108 203 54 276 102 198 52 103
4 20 1009 61 259 4 193 23 93 80 129 99 255 11 297 45 156 91 291 4 298 19 127 123 68 106 67 89 283 13 50 136 213 74 248 97 21 30 168 101 160 56 89
5 20 1141 107 237 138 236 30 22 79 243 27 141 24 297 44 244 58 77 115 89 90 279 50 94 125 68 93 36 20 150 30 216 2 172 134 182 90 264 57 150 114 99
6 20 933 106 298 100 30 65 96 11 43 13 17 137 11 104 180 1 2 32 270 94 63 56 289 103 295 22 62 11 147 140 160 45 252 67 20 6 36 35 46 19 116
7 20 729 25 151 117 230 41 43 5 265 83 266 80 287 61 145 52 202 36 50 7 69 6 46 88 132 61 63 86 231 12 190 16 51 16 256 32 123 46 270 42 45
8 20 781 27 264 31 226 31 260 11 275 103 214 10 252 61 60 21 258 116 89 32 60 52 235 12 119 115 28 89 18 32 125 7 170 4 227 129 129 20 273 74 226
9 20 944 40 163 5 184 21 259 64 40 20 139 17 61 72 149 49 28 58 124 71 231 114 218 65 293 66 273 7 187 96 280 103 178 124 225 97 65 72 12 20 255
10 20 924 12 137 14 235 46 79 116 138 18 11 96 20 37 284 29 71 111 39 51 272 94 152 81 129 75 6 19 20 113 252 5 126 20 285 59 37 81 162 78 18
11 20 817 104 84 47 48 20 297 61 196 13 265 95 291 61 25 47 203 86 8 37 6 34 246 47 213 5 36 2 111 53 3 73 270 139 186 20 147 36 123 42 90
12 20 711 35 159 4 233 57 190 11 223 19 158 4 148 61 30 38 238 115 160 26 205 68 280 106 290 91 61 1 115 25 99 79 163 5 166 107 6 32 298 5 251
13 20 998 100 246 26 237 83 111 36 134 92 240 118 283 126 48 11 7 70 202 37 118 82 120 3 137 64 54 33 278 25 255 49 126 107 149 32 98 55 270 99 132
14 20 832 23 204 8 16 13 222 78 284 52 275 16 252 93 252 23 137 6 107 64 67 40 259 71 274 45 104 127 145 87 45 86 277 68 157 60 90 2 280 78 153
15 20 929 32 293 54 221 30 167 63 108 106 179 38 7 46 284 58 298 129 257 117 35 42 242 73 227 60 1 32 198 46 97 64 300 36 115 12 175 34 16 90 191
16 20 895 70 74 63 8 54 56 14 54 37 14 4 29 74 294 91 27 25 236 113 60 37 212 29 187 123 77 95 291 1 95 19 168 117 46 122 205 16 16 15 163
17 20 900 23 143 73 59 37 285 41 16 103 24 74 239 87 77 2 218 81 239 44 63 49 56 71 192 54 176 105 240 44 98 4 50 13 44 97 63 119 221 4 113
18 20 855 94 137 139 139 27 212 106 158 56 223 95 32 40 182 52 147 114 69 19 211 77 225 11 170 60 91 1 49 88 3 7 47 6 147 29 21 10 189 38 70
19 20 1098 29 16 24 263 6 13 128 288 42 81 87 286 96 18 72 91 107 36 45 111 20 13 77 47 19 208 96 282 92 276 74 150 32 12 91 221 138 124 98 280
20 20 1058 78 16 55 7 68 64 131 15 112 203 73 275 3 112 47 241 94 192 44 188 56 42 42 77 53 76 88 168 91 5 29 191 48 31 94 168 48 61 69 129
21 20 831 9 300 34 111 21 15 27 115 42 142 146 122 76 274 39 135 39 105 15 283 35 10 16 228 77 199 131 120 89 141 4 230 128 215 70 277 10 7 31 43
22 20 1005 45 263 26 110 121 259 101 181 59 256 61 15 18 57 23 121 95 82 27 196 100 97 91 239 70 177 60 85 112 120 16 7 75 192 86 272 44 234 27 98
23 20 922 58 98 51 20 68 211 27 81 21 19 6 2 15 154 39 14 85 192 64 16 58 174 67 253 51 48 53 112 123 65 24 230 20 269 61 56 138 137 124 155
24 20 967 56 168 14 129 44 215 81 161 86 206 70 165 142 44 19 18 31 267 70 288 53 203 121 260 29 64 2 195 63 229 29 29 112 221 10 289 133 182 44 188
25 20 851 50 241 99 210 8 143 26 147 116 254 114 145 23 88 31 279 121 60 55 167 41 103 109 139 51 248 24 133 50 129 63 78 3 99 24 170 35 170 21 37
26 20 891 26 137 38 37 19 281 28 61 63 95 87 244 49 43 19 83 39 205 81 152 93 224 31 1 22 156 37 284 79 45 43 105 132 203 90 219 71 53 67 186
27 20 1228 100 127 22 209 47 15 31 45 43 101 18 292 137 186 129 89 3 116 120 296 137 20 103 196 101 187 124 133 19 154 108 1 51 144 75 286 75 145 93 108
28 20 1067 96 258 101 299 77 276 29 254 36 113 44 176 43 66 106 1 23 257 94 276 96 163 4 53 54 272 10 150 130 67 82 103 132 96 1 215 50 267 126 142
29 20 812 16 31 15 299 2 157 97 104 35 91 52 109 15 182 31 21 27 269 120 146 6 65 39 246 80 74 123 176 17 180 55 195 90 216 55 97 87 161 54 83
30 20 833 40 48 86 54 4 207 35 214 79 247 22 119 40 196 94 172 22 105 9 70 146 38 30 134 1 72 44 6 134 288 126 157 62 256 4 259 36 78 28 53
31 20 1075 96 113 67 80 88 195 60 169 109 268 56 232 92 208 52 195 93 55 58 55 49 278 15 205 97 117 7 138 61 163 34 142 62 4 69 48 79 164 100 87
32 20 1053 139 178 100 108 37 250 104 151 85 47 105 243 23 252 132 123 86 235 51 83 15 108 41 246 9 193 129 265 136 178 30 292 13 50 31 138 13 3 38 206
33 20 808 1 230 49 53 136 227 2 43 90 106 58 141 1 270 79 99 42 213 37 235 75 31 30 40 5 89 87 101 21 61 7 54 78 188 126 30 29 45 58 240
34 20 1055 31 227 131 263 111 191 1 285 141 31 27 27 23 286 138 270 133 199 28 80 17 200 72 2 43 147 98 124 10 32 116 209 30 223 6 211 89 60 74 41
35 20 1036 109 85 39 292 8 128 106 216 26 266 50 44 107 153 15 192 139 136 9 195 22 136 78 179 96 161 9 202 91 229 6 56 114 10 109 21 119 164 44 179
36 20 950 21 151 114 122 78 293 37 257 115 236 29 63 119 244 119 136 19 280 10 41 9 271 90 233 32 41 27 185 31 161 78 12 91 20 15 37 46 185 108 284
37 20 928 49 243 60 228 47 279 66 251 88 189 84 171 18 234 66 38 15 154 66 5 75 216 8 7 33 221 5 84 68 213 72 90 126 280 51 31 46 228 117 44
38 20 1178 42 120 67 94 18 30 66 185 34 138 92 93 82 196 91 210 86 59 59 168 7 24 81 237 108 121 136 286 147 195 21 217 102 48 41 103 77 194 116 199
39 20 986 80 205 44 52 101 197 93 287 114 288 108 96 32 21 47 1 75 185 41 111 59 294 5 13 25 272 2 86 35 240 14 44 55 43 31 219 134 238 138 79
40 20 1193 105 249 110 198 50 287 34 149 124 296 32 68 82 34 115 1 132 225 145 236 64 300 21 174 78 178 6 93 143 87 31 279 46 204 27 47 29 96 118 155
41 20 725 126 151 47 165 110 10 65 49 34 227 1 293 47 275 36 116 22 58 7 96 25 3 36 24 41 135 66 155 37 187 100 234 15 292 37 134 30 61 25 99
42 20 865 33 274 134 204 29 290 31 214 20 245 5 288 55 137 49 257 139 268 102 295 13 281 61 198 55 162 75 153 21 150 20 32 9 88 94 245 70 229 67 220
43 20 1182 127 230 30 153 36 203 143 250 112 51 40 252 16 60 109 127 95 216 23 77 88 113 69 226 57 61 126 242 58 131 14 34 26 152 143 288 115 48 51 285
44 20 862 80 212 119 182 24 114 15 285 60 45 22 241 81 270 61 32 28 214 15 99 46 240 16 160 24 170 38 130 89 46 31 138 23 179 87 171 130 283 89 118
45 20 681 11 210 4 83 20 262 11 2 10 97 6 71 56 57 51 243 14 82 141 199 4 35 44 220 38 241 24 66 8 3 115 135 16 240 126 56 143 261 10 99
46 20 792 47 16 111 86 13 97 63 225 74 191 117 187 77 180 51 231 25 69 87 48 6 130 1 124 116 85 33 66 37 174 1 104 28 148 62 269 30 121 11 220
47 20 964 67 265 70 276 46 14 123 232 111 156 39 271 17 214 106 103 48 16 112 263 31 142 5 77 132 143 52 108 44 121 3 164 16 198 41 127 75 184 68 38
48 20 1011 41 88 23 185 94 119 58 150 9 80 46 300 95 137 123 149 99 242 33 36 22 50 54 186 4 218 49 251 116 45 94 119 78 167 139 34 16 251 71 262
49 20 992 15 54 27 262 6 92 103 279 10 15 18 220 55 81 127 151 106 250 124 197 106 269 108 90 76 175 32 171 123 51 14 110 67 275 67 184 33 206 24 134
50 20 773 22 21 35 271 20 136 99 128 106 97 25 148 52 15 91 21 12 42 141 185 22 168 75 187 13 195 31 109 17 294 8 16 39 33 9 87 97 282 53 247
51 20 1283 9 174 6 110 55 171 124 132 100 40 68 228 28 280 55 161 137 89 136 45 86 251 37 207 138 21 122 65 131 255 112 35 28 54 87 26 30 123 115 76
52 20 928 13 90 33 167 4 80 26 205 58 113 43 299 94 168 120 65 21 143 60 234 35 24 65 28 86 20 125 241 60 267 119 128 60 51 19 229 73 284 47 21
53 20 935 99 249 99 108 65 218 10 193 15 258 115 245 7 224 25 11 88 143 131 280 94 300 137 220 6 230 68 135 59 82 30 37 12 116 16 195 47 63 46 31
54 20 991 45 79 3 139 79 120 48 119 5 174 75 23 133 84 23 79 107 277 39 283 136 29 53 11 124 107 32 294 12 5 79 106 42 25 101 52 68 90 35 143
55 20 1005 115 36 104 300 17 236 33 250 41 81 95 172 19 162 24 254 59 134 99 71 97 215 89 154 52 10 14 170 85 53 16 146 68 292 114 224 111 253 5 98
56 20 1009 20 298 82 121 2 264 28 131 120 284 3 156 129 5 125 292 18 160 35 94 50 141 143 206 79 81 68 42 81 5 13 118 54 85 147 95 35 264 30 285
57 20 921 64 273 56 240 53 152 91 238 24 241 64 84 100 146 33 25 11 175 7 36 36 290 136 149 56 186 64 240 9 78 77 8 25 16 105 105 98 120 43 137
58 20 824 31 34 72 61 3 178 8 204 113 197 13 59 4 186 86 262 21 12 72 35 4 205 22 61 34 110 125 71 62 164 58 166 51 97 63 114 135 278 54 59
59 20 836 22 251 45 123 71 155 117 289 88 267 52 291 12 250 14 181 7 276 78 288 26 41 2 97 102 288 20 72 72 228 80 14 64 119 22 204 75 271 76 275
60 20 1035 85 167 47 196 75 286 8 286 122 49 51 153 90 121 1 201 139 33 39 41 143 286 35 296 117 144 120 78 10 185 90 23 3 89 62 34 56 86 1 181
61 20 792 17 139 6 243 69 281 47 216 27 275 13 290 74 254 17 80 89 152 110 196 37 258 77 223 79 135 77 6 51 296 73 120 9 184 31 95 77 103 11 205
62 20 1072 15 189 45 92 26 145 95 81 45 119 134 209 143 117 35 188 14 48 147 193 72 174 41 72 16 162 15 35 64 256 90 50 95 69 111 213 69 22 68 80
63 20 1002 72 209 15 282 128 208 4 253 5 189 25 293 120 88 89 99 124 229 84 55 93 217 10 153 64 280 52 170 17 160 94 226 44 160 47 288 134 43 32 136
64 20 946 36 119 43 232 35 82 54 239 57 98 51 56 67 60 120 44 20 33 2 37 56 52 15 21 58 159 39 265 109 230 23 298 58 101 73 157 143 291 124 71
65 20 973 8 114 147 43 74 88 41 43 45 275 77 111 48 294 72 277 66 247 71 39 53 91 94 133 22 177 57 11 57 26 38 1 38 160 20 44 97 54 92 107
66 20 1010 5 244 61 240 100 196 14 247 30 148 121 173 25 158 129 220 140 17 37 112 92 150 58 115 72 294 107 119 6 75 7 125 18 137 97 184 43 56 101 206
67 20 841 83 86 17 229 85 70 13 6 34 131 5 13 16 49 25 177 76 166 50 76 1 232 79 243 121 71 48 42 92 111 73 8 55 233 66 126 99 147 14 51
68 20 884 115 165 117 179 67 62 100 127 51 22 3 140 114 222 20 211 7 239 50 121 69 220 76 138 33 300 131 192 25 162 7 293 9 190 33 292 65 193 13 168
69 20 954 26 234 47 49 123 211 30 180 6 92 35 261 24 150 35 183 86 283 43 8 55 163 104 146 12 297 71 220 67 93 117 277 148 173 1 123 64 56 99 202
70 20 965 83 132 18 188 12 49 58 188 9 293 25 138 92 152 20 159 77 89 85 240 136 172 111 210 110 180 10 2 52 296 65 142 4 221 128 17 51 171 61 7
71 20 1119 16 114 70 246 54 236 137 206 139 278 43 279 129 141 83 300 38 52 140 280 28 15 65 129 111 12 78 176 36 36 3 19 111 178 76 229 9 261 33 137
72 20 907 77 288 32 43 48 9 65 117 56 155 9 186 106 233 76 29 22 14 20 186 50 28 136 77 9 144 97 283 4 53 35 80 44 29 25 220 133 131 90 268
73 20 904 102 268 37 150 129 192 83 269 52 230 65 285 19 161 73 72 29 232 14 63 73 226 11 268 53 24 5 254 65 184 24 190 67 174 121 2 90 198 19 5
74 20 1064 3 155 94 135 72 149 106 209 50 81 55 271 77 174 98 202 110 227 65 138 123 206 130 61 76 31 56 218 36 249 6 56 132 191 11 132 2 250 29 190
75 20 948 82 189 126 241 118 135 17 163 99 144 25 116 127 241 61 40 53 1 19 84 1 167 65 275 66 111 96 19 44 133 51 261 74 279 36 10 23 167 2 103
76 20 1145 21 14 142 1 17 54 54 269 119 155 75 181 115 291 6 238 26 5 98 109 55 51 28 288 50 256 149 282 108 283 85 29 100 228 82 60 98 143 4 147
77 20 881 4 130 8 112 117 52 61 269 109 59 67 147 79 40 27 158 9 299 121 157 9 195 105 68 5 148 33 270 95 47 23 47 27 46 94 291 43 144 66 145
78 20 823 15 11 4 92 129 34 44 270 70 124 128 123 32 151 16 144 16 122 61 291 45 262 73 253 33 76 47 100 37 18 6 177 34 280 94 254 122 245 23 4
79 20 990 81 189 18 157 64 129 110 299 11 231 139 129 135 15 47 85 55 36 64 172 31 140 38 80 1 44 122 160 117 119 28 1 7 199 32 2 116 92 22 114
80 20 961 40 172 128 143 99 60 131 70 36 290 4 41 84 136 29 18 28 2 89 30 23 132 37 261 19 29 89 278 58 99 75 119 61 51 43 2 43 43 86 114
81 20 671 47 31 58 92 80 270 50 184 26 114 11 69 7 4 2 215 112 279 4 249 79 213 55 253 13 260 28 153 20 116 142 215 7 140 35 202 13 22 50 49
82 20 792 34 74 26 49 82 7 57 97 110 287 1 46 114 190 96 253 9 260 47 233 27 276 15 108 5 123 58 134 35 40 65 134 55 267 74 167 48 99 32 21
83 20 823 20 156 35 270 70 270 51 177 74 53 10 155 3 276 132 5 63 199 6 70 39 164 100 117 50 124 41 17 112 198 29 49 117 74 31 21 32 66 14 35
84 20 980 88 51 83 255 36 59 60 271 45 90 4 267 59 294 22 168 61 192 72 21 46 106 91 181 7 255 121 73 25 19 89 191 101 62 41 169 67 56 107 76
85 20 1016 66 43 139 279 33 37 9 265 122 210 58 40 121 22 15 99 35 235 12 193 54 255 58 60 105 58 86 19 128 168 52 84 52 251 52 288 57 6 17 4
86 20 1212 42 85 31 50 140 278 7 34 108 185 114 208 1 107 89 180 20 226 39 103 98 290 89 98 123 105 91 102 110 162 100 239 23 2 124 88 91 112 76 45
87 20 1088 109 144 13 146 137 7 78 43 10 156 130 36 114 192 18 250 9 158 2 252 129 39 75 38 78 270 128 191 78 226 16 205 18 74 58 263 56 245 105 105
88 20 1049 50 13 33 66 130 191 38 76 59 300 89 97 46 112 74 268 45 38 14 14 41 82 34 188 59 233 106 155 29 106 104 22 67 228 128 142 77 54 89 131
89 20 1100 85 196 129 63 64 175 94 268 54 293 51 174 71 292 6 24 76 23 132 100 12 113 23 21 133 75 70 126 51 207 48 91 33 83 92 124 8 19 143 70
90 20 843 72 233 15 247 113 289 3 190 47 271 71 42 36 294 28 227 22 84 11 249 88 233 45 113 103 110 113 151 21 270 28 138 29 158 70 241 94 273 45 150
91 20 906 13 248 123 71 50 272 76 4 33 214 124 51 21 240 77 137 51 262 46 254 50 148 112 141 11 175 26 212 1 187 53 43 98 56 73 22 62 251 33 13
92 20 1030 85 268 12 23 52 280 85 240 2 179 67 161 25 234 5 12 59 129 69 108 118 149 64 149 41 254 41 37 136 91 141 200 146 117 39 228 43 5 58 124
93 20 833 10 191 36 74 104 69 70 251 28 234 46 66 27 213 116 145 40 80 93 134 5 249 37 148 55 110 24 177 69 179 40 171 45 122 24 259 97 193 76 226
94 20 1207 143 280 32 288 111 209 117 177 60 139 123 43 114 139 100 12 60 33 3 130 3 137 91 65 27 173 139 81 88 76 70 271 15 217 87 186 72 93 54 141
95 20 970 82 15 34 134 130 1 120 112 91 215 49 276 47 299 105 119 65 247 22 193 94 183 80 62 3 281 18 247 74 245 59 78 29 184 29 175 48 188 34 168
96 20 992 30 116 66 92 28 20 36 223 28 209 103 11 41 279 45 233 80 229 25 186 108 136 2 225 95 242 74 209 65 277 141 60 49 190 50 69 76 140 98 67
97 20 840 9 270 81 50 17 222 67 65 37 134 69 106 73 32 78 102 82 101 34 186 30 285 31 190 43 213 13 150 99 200 77 93 97 129 6 277 9 92 98 144
98 20 1045 27 299 3 256 93 286 118 160 134 190 68 45 45 198 10 247 76 33 52 200 68 167 128 132 45 203 65 53 60 116 81 221 28 102 82 97 102 67 22 252
99 20 844 30 91 67 198 81 241 7 285 136 251 84 291 52 241 84 114 18 21 74 12 5 16 28 291 61 164 38 43 98 290 39 31 71 185 55 207 10 14 17 208
100 20 817 134 53 42 183 16 250 62 27 38 121 26 276 21 256 49 10 41 225 31 83 11 15 9 205 76 11 108 165 108 192 141 294 32 201 6 121 45 26 26 81
101 20 998 59 54 96 132 112 244 17 138 68 25 11 10 13 238 76 39 4 138 59 72 76 52 99 164 55 9 89 245 70 52 53 286 27 203 54 78 62 36 148 84
102 20 1038 106 216 11 7 47 169 116 138 55 74 25 64 43 296 65 269 120 3 112 161 3 20 60 58 2 220 24 206 81 126 132 1 47 261 133 76 94 267 22 100
103 20 803 17 208 78 152 49 107 11 214 4 73 3 199 90 297 79 171 14 100 71 270 40 271 61 185 103 9 51 195 73 104 62 92 85 234 25 119 82 42 6 199
104 20 1074 124 273 75 57 136 4 90 49 7 230 93 293 14 96 97 222 57 45 19 65 94 32 1 56 103 22 83 33 16 252 104 255 64 54 39 250 89 151 38 224
105 20 962 95 273 82 257 110 3 44 185 58 124 66 225 11 11 79 76 107 190 52 157 35 76 29 289 86 215 71 186 72 131 28 160 88 66 26 151 26 80 38 138
106 20 824 98 131 29 202 14 84 30 154 137 246 21 155 41 44 76 246 125 123 11 162 58 238 62 288 42 113 8 231 54 80 63 120 37 214 48 204 73 198 3 17
107 20 945 97 297 112 194 68 99 48 4 64 300 114 105 8 96 15 154 129 35 54 296 15 16 50 86 50 152 74 142 86 230 7 112 54 119 11 232 47 89 79 275
108 20 879 7 217 38 61 39 222 88 244 26 152 1 151 109 283 25 125 60 278 115 223 20 201 26 205 26 107 75 46 73 227 96 173 120 164 3 9 98 205 54 170
109 20 1000 87 14 24 188 129 54 74 94 46 62 30 253 22 273 99 255 97 50 106 299 43 148 138 13 31 128 64 234 144 157 52 250 1 65 37 46 6 157 20 42
110 20 1161 52 63 30 180 33 27 3 60 60 246 99 151 94 58 60 143 66 46 132 148 119 24 102 265 21 51 71 249 98 148 131 96 38 23 1 63 133 178 109 271
111 20 836 112 164 43 78 120 269 5 140 19 252 96 182 54 125 56 171 3 186 123 109 19 131 41 223 9 111 32 73 38 264 77 150 46 161 47 188 51 214 55 59
112 20 1140 93 273 55 123 102 110 14 169 70 193 83 281 119 73 112 239 5 274 147 4 38 14 110 207 4 158 134 58 73 124 94 93 2 30 18 221 36 183 116 119
113 20 735 7 254 51 289 36 222 57 170 27 114 61 38 22 113 6 40 64 183 44 159 44 126 131 186 69 126 75 156 7 147 28 14 112 217 54 265 20 187 4 127
114 20 998 85 169 112 292 12 156 72 217 7 171 33 154 17 18 139 208 36 275 138 159 28 48 58 76 17 230 42 279 56 13 139 46 98 4 76 70 2 262 81 83
115 20 872 68 247 44 17 26 178 10 155 117 63 11 220 53 133 103 68 78 241 78 167 72 8 35 203 2 58 57 178 51 239 38 92 114 250 82 176 27 245 25 282
116 20 756 95 228 24 102 17 20 101 167 53 3 30 257 25 236 118 109 31 180 3 128 17 188 89 21 1 203 60 139 16 65 121 272 1 113 40 194 89 99 14 170
117 20 990 24 288 43 53 35 99 21 94 92 97 70 5 106 159 10 70 122 168 72 120 49 234 50 117 79 235 39 216 34 260 92 22 65 9 77 210 106 220 52 1
118 20 914 21 227 59 6 84 201 55 38 40 181 14 299 89 11 122 273 29 153 33 141 5 173 59 51 131 85 99 86 71 125 42 222 7 295 98 265 62 72 23 170
119 20 647 74 56 4 149 27 99 47 145 78 237 55 151 29 285 3 142 4 22 45 69 35 23 84 1 85 88 28 232 7 255 70 119 56 192 59 219 18 299 1 8
120 20 868 15 6 75 194 29 249 93 152 58 127 39 193 34 280 109 91 91 66 52 161 39 129 9 175 7 284 66 41 23 221 109 5 4 101 124 84 101 137 9 55
121 20 790 123 283 42 178 52 286 19 104 79 143 90 217 19 78 27 232 99 253 16 169 3 73 116 242 4 73 20 25 27 31 30 274 83 16 6 197 19 47 114 119
122 20 757 44 293 53 71 98 280 5 247 46 13 89 84 14 113 51 245 10 66 118 130 42 156 46 21 12 12 50 102 52 97 64 93 74 268 34 261 25 215 20 259
123 20 917 50 42 17 154 68 277 62 102 24 243 28 290 140 246 79 271 102 182 129 55 27 49 35 266 41 103 3 163 42 99 35 236 93 270 4 93 93 51 75 172
124 20 1087 67 270 143 211 6 253 24 129 59 94 42 295 19 110 12 114 106 106 90 244 109 146 2 1 60 296 99 276 114 121 16 102 116 260 97 239 127 38 51 134
125 20 1164 124 44 51 144 59 175 53 103 69 34 145 156 99 107 78 286 124 27 7 166 16 8 122 136 26 248 74 203 110 66 138 212 16 138 36 72 70 9 39 290
126 20 756 58 46 48 69 2 236 34 157 8 223 49 118 49 235 58 178 18 169 36 87 47 228 73 16 4 98 75 251 53 158 135 222 29 118 52 194 85 267 33 44
127 20 880 134 53 36 102 15 8 71 256 40 76 29 57 58 88 5 290 137 260 5 21 37 221 71 119 108 180 6 74 47 28 4 78 40 46 99 148 51 198 107 270
128 20 888 62 289 80 33 52 67 34 172 104 24 113 184 45 282 74 34 26 37 94 298 103 104 121 149 18 38 14 225 26 26 4 123 26 18 68 222 21 208 26 174
129 20 1025 63 66 65 201 122 200 111 34 44 203 16 292 56 11 65 105 17 79 28 178 51 246 60 46 11 279 125 62 61 229 68 295 118 162 33 262 42 199 126 162
130 20 1004 21 100 17 51 124 281 86 7 110 184 97 107 35 169 54 78 56 207 31 273 55 185 78 241 36 201 17 245 12 70 45 15 135 175 65 250 99 164 83 126
131 20 781 45 98 42 7 64 69 42 22 71 252 17 62 41 213 14 107 36 263 135 168 10 171 69 252 17 57 47 238 47 24 39 183 61 16 67 189 72 289 41 200
132 20 1041 124 296 71 80 48 106 135 197 82 83 30 296 23 201 23 241 105 50 115 39 18 287 11 175 9 82 106 231 140 295 54 130 19 20 41 143 113 217 35 2
133 20 924 43 196 47 125 52 164 54 206 27 8 64 173 3 260 125 247 94 115 59 292 45 297 73 158 72 164 2 199 37 95 50 250 46 43 118 31 41 294 104 23
134 20 715 46 144 84 281 13 63 44 78 55 135 36 202 31 201 14 149 39 124 14 254 47 18 17 125 13 41 87 153 23 51 11 69 86 30 25 102 128 203 81 261
135 20 885 24 38 13 194 62 162 141 283 120 42 82 252 90 266 94 242 81 56 32 145 16 136 7 201 23 136 36 210 31 55 146 26 76 289 4 35 15 22 14 201
136 20 787 11 163 28 32 5 60 53 98 18 239 7 160 5 75 91 60 101 81 24 104 146 39 51 228 28 71 77 134 96 117 17 159 41 249 35 129 117 104 33 109
137 20 1058 78 22 97 102 31 169 65 3 5 297 36 145 12 221 15 104 119 293 94 114 41 201 132 147 92 114 52 259 72 6 104 7 27 249 37 50 80 298 134 50
138 20 896 4 287 43 238 60 201 37 60 14 238 127 208 53 197 62 199 12 6 56 63 17 180 31 25 73 36 101 219 147 55 105 7 48 10 12 31 92 175 26 244
139 20 1025 64 227 12 124 87 206 83 300 88 3 16 262 21 291 108 178 112 50 36 145 72 53 64 71 86 11 54 248 9 222 8 38 89 138 50 137 94 171 129 50
140 20 1089 42 194 63 151 104 174 61 244 45 172 123 237 117 14 110 34 1 30 87 75 12 219 107 44 51 128 86 195 35 24 14 178 107 245 27 257 92 257 78 152
141 20 1180 9 94 84 226 31 81 108 265 89 18 10 7 123 66 78 115 14 215 38 63 87 290 43 198 125 222 90 62 105 143 115 252 26 178 69 161 120 144 111 184
142 20 941 97 298 48 172 10 107 27 124 110 58 29 105 67 166 39 203 104 97 56 35 6 186 129 48 10 60 6 2 104 1 3 244 27 133 87 8 93 172 125 81
143 20 677 24 122 34 220 19 143 101 78 49 271 68 56 84 138 9 255 23 23 41 183 20 128 13 281 7 72 27 275 100 237 36 177 15 230 92 56 61 60 24 123
144 20 973 63 135 110 290 70 239 30 204 8 193 101 153 29 191 36 84 79 48 60 296 147 202 40 11 93 192 31 143 37 102 48 169 21 147 137 93 19 11 58 227
145 20 1111 126 292 127 115 132 35 129 73 56 118 75 106 14 91 62 22 18 178 9 114 1 160 74 218 86 186 61 288 2 68 82 186 89 21 112 234 43 211 91 104
146 20 943 85 149 31 184 17 167 113 184 46 43 68 279 75 125 98 27 132 145 1 44 9 174 32 170 42 251 70 258 40 209 81 33 97 294 24 279 34 130 84 130
147 20 852 81 165 34 162 36 142 105 248 116 283 7 63 62 186 7 83 22 203 121 180 41 41 5 197 119 89 105 280 2 155 45 193 12 221 10 287 102 42 34 190
148 20 844 38 300 2 90 55 106 16 138 19 195 1 296 65 95 32 142 36 207 39 210 146 13 66 32 115 101 76 256 25 37 9 76 128 32 69 73 78 300 40 67
149 20 1174 102 296 78 127 107 253 73 253 24 299 122 68 12 178 31 141 108 154 97 75 87 295 72 176 101 93 32 194 89 6 43 159 66 74 101 86 74 293 49 286
150 20 608 68 9 41 206 7 146 42 139 7 25 3 88 61 140 4 92 10 26 39 220 101 156 63 92 61 216 16 18 123 13 22 265 17 159 41 22 10 201 25 144
151 20 1180 69 45 63 86 61 289 58 176 43 63 70 178 38 211 116 40 51 93 100 288 51 261 71 200 79 92 117 212 45 27 51 218 79 69 74 222 114 218 126 20
152 20 810 71 113 17 244 62 72 8 269 31 250 50 64 45 222 134 216 20 163 14 277 28 165 3 10 114 47 74 5 83 23 19 165 28 51 9 73 143 16 60 118
153 20 785 64 62 60 24 2 148 54 252 65 287 25 109 110 122 56 221 83 8 62 157 81 172 7 176 12 233 50 168 28 22 86 250 31 136 46 135 17 134 43 40
154 20 1191 47 182 63 278 119 61 2 30 78 172 115 246 30 212 17 240 100 85 103 29 72 225 103 97 55 243 112 233 90 283 123 112 16 243 20 135 111 158 113 275
155 20 1138 32 73 87 282 101 130 4 296 80 293 93 82 68 254 31 275 76 122 105 294 93 271 88 100 53 105 131 232 88 176 6 176 66 276 25 188 108 42 88 288
156 20 948 82 201 18 209 46 85 48 185 7 62 125 212 73 61 121 73 58 255 99 161 26 99 126 70 20 117 46 10 37 19 14 205 83 106 98 145 34 263 25 189
157 20 892 96 276 37 88 63 247 81 125 70 67 23 15 75 232 10 123 42 138 11 72 106 159 19 228 60 299 3 42 105 246 108 16 28 45 24 299 14 283 141 94
158 20 712 65 252 35 11 31 160 27 97 40 74 33 84 36 151 65 25 29 239 38 38 22 236 27 4 43 180 1 13 1 80 112 94 85 167 20 140 71 19 109 25
159 20 884 54 248 6 85 20 276 142 39 22 188 58 242 111 299 24 24 142 51 11 133 104 153 71 33 46 163 17 3 21 46 44 125 86 210 29 108 18 293 80 68
160 20 1122 31 124 8 73 141 226 85 67 16 181 55 105 63 245 44 112 128 263 2 6 128 173 133 288 41 222 57 120 84 56 78 63 9 77 135 165 86 283 79 137
161 20 783 89 28 10 145 65 197 60 176 9 12 73 79 5 102 3 200 14 247 20 174 4 278 101 77 97 128 51 296 63 43 3 276 65 32 45 167 86 40 116 147
162 20 1030 130 165 43 297 53 250 24 84 50 293 128 287 57 171 45 299 109 163 61 297 11 92 13 160 35 240 81 57 119 285 90 246 63 99 48 144 97 71 31 84
163 20 961 63 166 106 258 32 51 48 47 90 162 36 218 59 265 68 214 48 51 113 98 52 294 18 189 57 51 96 92 36 28 4 212 56 37 47 9 74 167 99 275
164 20 738 44 216 89 227 70 189 21 262 7 144 20 160 9 276 39 216 80 254 46 202 57 298 106 257 73 14 34 292 36 35 41 246 12 297 108 104 7 257 24 289
165 20 867 53 292 1 218 35 294 105 130 16 194 34 41 119 74 5 13 46 57 5 8 115 95 5 90 55 201 112 206 71 234 57 193 71 231 32 221 65 163 82 201
166 20 907 20 217 14 7 15 66 11 173 14 44 105 40 9 55 35 28 12 289 45 167 95 1 98 54 122 35 56 47 125 85 100 148 44 72 98 212 80 60 36 257
167 20 884 33 62 4 209 77 149 32 176 16 249 42 245 19 268 6 209 45 2 139 156 60 29 69 160 36 136 81 113 120 213 12 49 121 192 112 4 1 298 80 262
168 20 992 46 171 120 160 17 50 29 296 88 221 2 35 68 243 37 9 62 148 114 192 97 184 131 151 42 80 5 258 88 150 92 143 17 114 112 145 47 275 26 146
169 20 871 126 149 16 28 27 118 25 12 23 70 42 254 60 149 103 165 88 224 120 239 88 287 49 246 4 277 2 110 32 151 100 43 81 145 37 41 52 170 14 138
170 20 873 16 238 77 105 36 91 110 162 24 155 44 35 51 93 110 118 27 82 10 295 76 195 2 9 74 89 69 175 112 3 55 204 134 294 13 222 20 286 32 18
171 20 908 13 214 142 210 46 54 84 249 29 102 41 249 31 99 41 22 77 232 95 282 86 84 79 48 63 179 16 288 39 67 16 79 61 121 56 158 26 243 94 161
172 20 867 69 51 49 293 87 169 86 138 92 59 48 163 9 237 2 142 127 200 35 92 54 289 6 89 1 81 83 248 37 215 38 244 128 16 33 144 70 157 30 109
173 20 905 87 58 38 126 27 159 23 224 70 9 35 226 59 174 6 236 16 29 37 123 95 16 23 281 64 77 143 36 85 217 35 176 72 24 52 38 88 184 77 78
174 20 860 62 122 9 297 101 295 67 95 28 43 5 189 70 111 44 235 111 23 51 58 55 249 83 94 9 180 84 59 95 232 23 40 101 125 36 23 38 11 3 224
175 20 700 96 49 44 195 66 48 23 194 2 68 10 210 83 152 12 234 85 161 2 59 126 177 4 198 7 79 22 167 55 102 42 276 30 69 27 140 23 22 117 154
176 20 927 16 132 76 75 119 136 101 101 106 251 78 80 41 101 23 114 82 246 56 5 78 245 31 166 63 51 21 202 17 108 19 300 20 93 108 91 49 19 55 243
177 20 964 69 237 1 182 71 189 51 94 61 66 41 83 2 158 2 91 84 136 38 193 86 162 81 216 82 168 106 161 134 168 68 167 59 27 30 290 83 141 56 9
178 20 1250 26 265 58 134 105 171 119 254 52 146 91 159 95 174 116 151 121 242 93 259 29 101 115 150 8 269 33 44 130 14 94 275 115 61 55 21 97 138 11 185
179 20 901 47 84 24 55 36 12 54 52 128 117 13 299 76 113 83 10 34 32 48 282 90 175 53 259 22 63 101 15 82 276 50 123 2 57 40 223 65 100 79 161
180 20 987 85 8 67 115 6 165 104 214 78 91 9 147 121 135 104 93 70 84 67 5 32 299 123 243 85 141 22 83 59 49 9 230 5 274 73 61 12 1 103 51
181 20 1001 62 164 49 71 111 259 76 231 28 163 57 262 78 121 44 49 61 231 21 285 37 210 25 166 4 238 50 62 111 297 94 171 120 11 124 277 27 252 73 147
182 20 978 43 27 81 71 13 164 46 268 13 234 112 155 29 164 109 195 122 167 26 234 135 268 38 197 44 41 50 123 57 245 8 4 69 286 114 287 100 169 14 110
183 20 945 75 88 67 99 72 287 74 156 59 276 7 256 4 276 1 70 70 247 65 87 127 83 64 112 93 118 55 203 8 267 33 54 71 240 112 298 82 254 43 103
184 20 1043 108 246 64 154 31 87 122 57 116 167 81 137 26 202 37 123 73 277 11 136 49 55 55 14 27 293 95 238 31 22 97 23 75 24 117 165 82 215 7 174
185 20 1236 64 97 145 215 127 123 72 254 98 245 28 56 100 213 71 181 71 128 138 26 53 205 108 20 58 55 29 186 140 148 37 255 59 90 81 202 50 163 16 293
186 20 1000 21 211 30 261 15 112 62 263 45 29 46 69 111 211 34 18 4 178 123 143 111 171 44 170 95 31 66 203 112 241 49 107 62 184 73 140 72 48 76 194
187 20 915 26 213 87 202 112 263 7 64 24 229 6 104 17 172 7 204 135 275 100 196 84 25 61 287 68 200 25 130 118 215 5 109 63 166 100 170 78 248 21 216
188 20 999 94 172 119 153 94 9 50 258 10 210 62 251 104 106 64 46 3 43 94 90 47 220 104 260 18 189 92 253 20 228 41 96 3 242 117 296 16 205 97 139
189 20 858 48 220 100 39 43 300 44 206 87 289 44 76 23 117 56 245 5 279 14 110 106 215 111 95 131 272 65 239 51 267 70 251 16 85 1 44 55 43 3 227
190 20 892 89 103 5 58 81 83 84 205 22 263 71 218 79 150 29 291 38 91 87 64 17 246 6 121 69 41 53 160 42 207 32 66 95 207 60 4 44 208 112 58
191 20 888 56 275 11 58 14 174 39 257 86 250 65 8 82 196 20 279 76 177 76 99 78 211 75 246 32 9 123 9 94 51 36 21 2 203 38 248 22 89 86 280
192 20 961 25 91 101 64 43 258 19 97 23 299 62 76 123 43 29 77 93 269 102 234 128 88 31 194 22 98 76 108 95 101 60 8 3 221 52 175 93 144 22 270
193 20 838 49 34 69 211 85 15 73 266 6 128 67 198 40 43 99 25 55 179 78 27 55 166 3 171 4 80 50 229 38 23 13 271 2 278 84 140 102 49 76 134
194 20 808 47 234 78 24 12 36 3 72 40 276 34 242 33 213 45 30 133 296 18 42 92 261 15 182 47 272 5 172 65 256 32 182 66 46 120 80 48 202 77 225
195 20 765 27 216 93 214 47 299 116 139 14 158 45 34 19 277 43 251 44 294 22 292 15 241 8 151 28 28 100 210 12 258 20 142 54 16 45 178 106 277 99 220
196 20 887 15 250 99 151 41 79 53 60 8 24 70 79 44 78 68 117 49 210 81 264 8 59 113 292 73 291 8 235 102 87 5 133 122 115 79 41 17 196 54 161
197 20 912 52 127 24 17 8 116 24 147 86 15 67 192 37 240 81 128 80 114 52 4 108 3 34 68 13 11 106 17 131 7 28 37 45 206 15 271 68 106 82 203
198 20 1064 11 295 80 237 86 290 6 124 3 33 109 127 26 114 41 200 103 140 19 240 121 93 146 56 110 295 126 209 64 19 88 146 13 282 62 15 94 248 22 210
199 20 742 12 159 32 180 71 46 120 131 23 45 68 23 36 226 81 293 29 27 7 148 66 194 115 4 26 73 16 88 79 260 49 220 26 117 10 66 59 211 3 49
200 20 847 91 192 31 114 38 147 38 251 139 95 6 261 81 281 65 203 71 213 109 22 7 208 81 29 43 121 20 146 26 190 70 105 14 207 5 64 38 79 86 118
201 20 912 57 78 69 120 115 52 22 13 68 136 59 231 63 54 10 90 10 68 50 160 51 111 131 7 92 224 57 249 86 131 69 292 15 79 96 273 8 130 13 158
202 20 976 3 215 65 80 112 229 97 81 68 231 14 172 100 9 103 73 79 277 48 118 18 146 59 281 14 185 100 48 65 270 61 160 111 56 28 252 62 160 13 109
203 20 1020 99 28 89 187 57 137 75 98 7 263 88 84 112 89 65 9 58 118 48 181 99 4 56 241 9 128 130 66 47 71 83 57 12 196 19 41 27 280 95 119
204 20 928 30 79 109 295 128 141 43 83 14 75 16 149 48 64 125 297 93 177 31 235 141 52 82 117 4 276 30 59 12 97 38 54 14 238 13 75 52 206 138 58
205 20 837 79 12 37 173 6 116 100 227 33 143 7 78 44 2 137 83 2 241 107 270 35 86 71 70 65 68 21 2 21 37 6 143 45 114 74 125 31 201 126 106
206 20 831 22 41 55 255 51 91 68 36 64 222 26 34 8 13 134 94 145 221 43 192 68 207 100 189 46 119 44 136 50 6 1 231 12 74 47 79 1 143 54 146
207 20 735 1 45 90 67 28 260 109 13 22 20 49 111 67 12 59 198 55 15 44 116 71 205 38 7 26 188 9 159 55 269 115 80 22 31 3 105 4 115 52 259
208 20 868 73 21 67 236 61 275 67 157 56 171 17 235 59 6 79 269 54 110 53 274 31 8 3 197 27 14 66 186 4 64 91 157 7 143 104 63 49 285 117 7
209 20 1048 117 259 28 81 38 261 7 126 12 176 72 202 99 268 140 160 74 219 98 72 122 293 105 121 25 117 35 177 51 263 98 153 65 243 39 168 50 58 35 82
210 20 876 52 175 39 105 85 8 27 207 89 234 57 41 15 232 88 217 31 151 131 9 55 52 18 229 36 22 22 195 18 38 66 267 50 279 47 299 72 73 97 228
211 20 1024 113 44 68 55 59 195 44 3 4 107 40 232 11 236 113 214 69 157 5 189 108 187 133 25 64 216 91 88 51 222 88 106 9 56 71 128 4 189 136 237
212 20 1128 40 45 43 193 111 219 127 66 62 190 24 87 106 128 54 5 83 207 81 245 132 1 61 104 69 230 54 289 33 113 70 116 121 80 98 285 33 79 9 245
213 20 759 6 14 18 143 27 108 53 169 70 147 24 190 70 5 24 115 30 49 41 263 102 300 51 128 95 27 9 29 48 26 37 298 65 36 29 54 96 128 54 112
214 20 975 41 46 33 224 81 41 7 2 16 132 121 158 69 293 114 115 6 10 72 68 94 275 68 67 112 208 52 55 28 254 116 111 4 164 39 145 21 279 125 195
215 20 792 88 190 91 234 10 136 101 240 98 101 45 209 54 108 48 8 13 55 121 295 40 106 58 49 5 294 9 290 54 37 16 292 45 135 22 236 52 63 21 31
216 20 895 16 122 31 117 103 20 47 262 14 142 56 293 47 219 15 138 86 209 61 252 66 83 55 203 59 298 89 44 109 126 36 273 31 28 55 28 91 235 52 50
217 20 948 60 47 31 248 89 124 25 106 9 158 129 71 46 175 63 60 48 227 110 282 111 159 56 275 39 80 39 78 54 241 19 37 94 254 41 23 7 24 116 185
218 20 730 14 35 6 35 22 178 11 224 81 123 77 127 57 21 39 62 106 131 26 282 33 136 34 72 48 72 29 271 68 293 91 113 68 237 76 223 21 145 6 46
219 20 855 122 273 70 75 22 116 50 175 29 103 22 58 87 82 79 247 9 50 121 243 3 296 32 47 35 21 85 300 95 11 14 245 129 101 3 187 48 82 14 183
220 20 964 21 243 5 18 61 261 93 37 131 39 7 268 27 196 47 188 32 31 63 268 90 165 94 5 33 249 93 44 138 197 15 296 7 97 118 143 19 17 111 246
221 20 791 27 35 12 38 18 38 75 1 81 174 48 98 88 235 91 216 47 251 15 38 17 149 90 239 49 40 7 89 5 155 42 35 52 37 9 230 107 34 109 175
222 20 985 39 50 93 270 93 29 94 288 115 214 17 214 38 179 19 232 141 219 63 69 28 143 10 87 31 23 68 126 1 268 120 246 10 118 73 113 70 236 109 249
223 20 824 11 12 58 176 33 59 6 239 112 229 127 81 105 105 60 289 6 123 19 31 54 277 108 255 138 68 5 286 22 146 1 161 32 226 80 28 20 195 34 167
224 20 820 12 230 77 262 53 160 44 221 119 216 20 228 38 274 26 158 3 300 87 72 64 245 141 3 17 138 108 14 110 252 16 211 15 291 13 178 34 240 29 149
225 20 944 121 199 45 113 18 45 3 27 94 116 112 36 24 255 51 261 106 233 52 258 127 161 15 234 131 270 116 63 2 173 1 234 29 112 59 149 53 107 21 231
226 20 905 65 112 43 236 42 279 3 202 127 192 58 294 12 275 19 194 114 31 11 92 60 136 65 281 131 291 33 15 15 70 126 55 82 154 12 114 18 231 96 8
227 20 692 24 63 4 3 41 49 5 272 103 230 30 82 13 59 108 129 9 238 79 147 97 124 10 146 32 17 10 196 88 244 30 124 35 83 34 5 66 192 47 121
228 20 942 72 293 39 13 42 165 35 160 66 81 7 110 12 295 71 137 53 22 28 85 97 236 82 186 78 12 83 129 81 25 35 30 132 30 36 244 92 129 37 238
229 20 1036 40 140 66 90 48 38 50 265 107 296 122 251 77 225 106 236 53 8 5 252 112 67 79 247 40 56 51 84 14 244 108 294 117 192 18 136 68 25 15 96
230 20 738 31 94 34 276 90 132 86 200 35 2 100 72 29 271 9 174 35 275 29 245 33 161 23 190 3 20 52 255 47 49 25 229 12 272 148 147 8 83 94 201
231 20 934 43 42 38 51 117 110 12 225 55 147 70 41 105 188 26 2 67 152 85 242 29 231 107 28 92 19 26 114 28 295 47 104 11 118 34 188 93 291 83 254
232 20 1080 35 147 14 176 26 85 19 143 116 139 86 209 33 47 18 291 75 171 96 91 46 255 71 50 95 175 52 271 122 292 98 92 99 152 67 105 72 29 110 91
233 20 977 24 192 85 37 41 231 23 294 81 246 23 230 19 262 42 254 63 28 51 10 136 268 78 182 115 21 77 64 35 163 79 77 121 72 11 77 115 270 3 32
234 20 874 1 284 98 141 99 290 13 187 104 87 88 240 10 177 41 22 13 102 2 238 34 284 32 205 18 180 37 269 90 166 19 236 132 233 141 78 29 250 92 291
235 20 945 42 44 43 72 23 22 55 269 16 263 70 1 119 233 89 289 82 238 118 52 6 46 36 29 60 56 52 279 14 284 94 215 73 100 66 96 55 136 69 98
236 20 902 24 177 103 196 31 63 17 26 13 30 59 255 36 139 64 209 74 203 84 188 8 235 106 35 31 262 23 224 82 91 47 124 114 213 12 29 105 226 95 236
237 20 868 91 126 49 96 8 42 115 180 87 162 128 39 10 161 55 82 1 131 67 126 11 120 47 255 115 254 54 46 46 15 4 202 20 208 145 291 20 122 13 134
238 20 831 42 279 9 196 116 262 23 265 69 172 1 143 96 145 7 269 59 123 5 246 47 130 36 3 133 201 87 76 63 292 46 220 5 220 43 232 138 72 14 127
239 20 846 72 17 4 1 35 74 40 151 122 72 1 220 62 118 113 289 30 197 36 158 108 272 123 191 83 238 37 288 29 277 23 64 76 10 3 162 44 72 17 238
240 20 833 94 162 60 17 35 41 92 8 33 224 7 296 20 127 105 168 36 217 56 245 61 120 57 155 62 71 10 274 4 200 72 113 40 115 36 146 95 167 67 270
241 20 816 41 38 46 284 22 272 19 149 22 169 1 228 68 62 76 212 31 89 124 235 22 221 50 185 81 56 94 297 39 161 81 83 68 133 65 273 23 200 47 8
242 20 798 15 30 32 88 13 90 20 253 6 136 112 242 8 263 102 42 37 223 33 21 64 268 92 206 26 192 67 122 114 5 45 166 49 220 125 216 36 63 2 29
243 20 1043 13 128 65 52 21 299 67 57 99 68 131 254 108 183 45 119 31 237 42 66 7 137 89 74 81 91 132 211 121 262 82 52 54 88 28 187 16 120 72 149
244 20 975 109 243 16 157 35 161 95 104 11 270 63 91 23 250 112 200 27 164 103 283 99 203 103 214 42 40 50 199 44 231 32 143 118 119 13 173 91 242 33 269
245 20 913 70 134 118 276 33 82 68 125 3 78 81 177 7 269 76 259 34 20 29 14 19 246 12 287 111 238 101 157 46 72 82 235 29 30 33 281 110 187 80 83
246 20 1235 50 29 129 194 80 268 86 132 135 272 10 35 53 57 125 1 95 58 60 27 66 116 80 53 67 102 70 250 61 164 32 196 125 14 120 255 92 291 8 183
247 20 1006 92 290 1 210 113 88 34 213 30 229 44 171 70 231 67 221 99 132 92 169 66 158 53 32 117 286 80 270 13 33 49 72 23 260 72 190 37 256 106 249
248 20 824 39 273 54 154 66 70 43 266 13 254 37 271 42 293 9 114 113 85 71 48 66 25 30 96 44 124 45 251 124 6 12 43 58 32 77 183 86 85 1 283
249 20 944 70 131 48 190 104 89 8 175 5 189 71 161 29 179 3 187 136 262 70 40 42 28 67 258 93 263 83 68 121 81 5 275 81 141 15 153 105 205 24 19
250 20 1015 14 125 4 35 41 84 84 92 9 236 10 67 52 281 124 32 46 96 136 27 36 73 51 162 23 97 91 197 123 125 68 203 124 13 82 84 82 166 69 170
251 20 776 83 217 1 196 6 253 25 19 123 188 30 239 22 209 32 161 57 121 109 183 99 91 4 241 6 193 46 84 42 6 69 37 78 59 31 185 37 7 71 9
252 20 821 36 39 34 70 64 163 69 250 36 28 78 20 12 112 59 17 71 258 40 191 97 280 111 7 12 75 25 207 33 251 5 283 94 274 35 253 66 105 50 288
253 20 680 28 296 19 115 3 79 4 139 33 57 42 18 1 271 121 123 81 13 49 24 43 221 68 115 34 143 15 229 6 110 16 29 18 214 134 67 39 199 97 194
254 20 1126 148 7 5 6 85 223 15 169 84 95 90 15 133 10 143 3 75 231 29 55 114 273 75 169 64 109 34 143 39 243 34 28 108 282 28 84 33 74 72 13
255 20 882 7 94 20 284 8 263 26 297 40 200 54 280 36 144 9 28 70 38 70 210 83 164 49 266 46 16 132 35 123 167 77 136 13 90 98 14 97 145 45 26
256 20 840 15 148 44 267 39 266 65 248 98 190 10 259 110 88 93 18 33 170 89 48 6 212 54 39 69 104 82 50 49 90 36 236 9 193 86 62 48 180 16 275
257 20 829 59 169 40 263 53 188 6 114 52 227 23 145 106 231 3 263 65 174 54 155 101 13 81 290 32 179 23 154 3 121 66 106 124 105 88 213 14 130 44 220
258 20 1186 1 238 61 296 85 29 95 175 108 78 75 203 133 161 95 27 23 129 131 252 32 145 51 219 87 90 52 262 37 280 88 114 85 56 59 30 57 237 128 294
259 20 940 119 246 79 179 121 5 20 202 65 144 64 153 5 273 116 68 17 258 2 127 19 289 41 94 78 205 103 211 34 231 50 228 105 70 29 219 22 235 87 234
260 20 848 106 17 6 221 49 61 1 15 56 158 44 21 39 191 141 207 42 15 16 216 24 216 91 110 65 209 14 223 83 134 37 163 8 113 100 30 59 46 79 231
261 20 976 84 132 26 44 75 182 13 40 35 25 92 123 88 131 26 259 45 39 27 1 30 41 12 159 89 280 62 74 47 183 71 192 82 151 81 169 114 174 121 35
262 20 846 2 250 16 6 60 53 78 114 118 143 11 53 46 135 95 65 43 240 28 100 66 220 49 45 36 111 24 286 74 116 83 11 106 296 2 297 109 187 12 191
263 20 1124 78 270 9 27 94 38 87 36 50 300 64 274 64 179 84 181 136 200 138 218 62 65 8 17 3 52 141 289 74 137 42 29 50 143 93 245 102 95 26 57
264 20 864 86 19 12 111 25 263 68 187 104 94 50 106 16 6 90 107 1 5 23 89 14 46 53 144 64 263 72 122 37 24 52 198 52 2 45 7 119 186 98 21
265 20 1072 139 41 137 70 108 229 107 183 51 237 71 282 10 281 29 120 128 187 27 281 73 232 71 43 10 286 112 147 27 163 14 75 74 224 23 170 128 23 1 249
266 20 690 46 66 118 206 24 195 68 234 13 126 80 292 55 84 45 69 8 105 17 183 47 192 13 285 94 109 12 236 100 254 16 193 11 220 57 286 38 284 1 180
267 20 944 56 136 46 289 77 12 50 111 88 60 4 56 94 77 109 254 57 19 20 96 12 293 17 8 67 295 83 202 107 278 5 89 101 259 75 225 38 139 74 53
268 20 904 60 167 37 200 126 139 13 122 63 139 3 43 42 281 68 55 57 290 9 181 7 10 126 118 4 75 113 212 47 56 5 148 65 29 111 126 123 299 51 119
269 20 1016 40 232 136 277 52 33 106 20 46 296 45 75 79 6 56 10 33 12 73 213 116 118 23 161 12 89 38 173 102 49 65 256 104 148 24 187 85 96 36 80
270 20 788 35 211 103 33 24 57 45 20 28 10 36 221 51 3 65 99 116 34 135 291 16 132 30 19 39 125 6 187 19 231 51 42 37 241 4 56 3 30 143 196
271 20 948 12 156 99 137 15 245 4 151 7 161 130 203 126 185 58 163 132 182 32 23 78 42 79 249 56 101 22 8 13 263 25 175 23 161 80 274 77 262 118 259
272 20 1189 29 130 80 164 22 270 54 273 76 95 39 270 144 117 18 169 92 242 104 8 78 248 38 93 75 189 63 135 93 299 91 51 140 11 50 217 92 179 109 281
273 20 876 144 140 3 298 19 18 141 191 41 227 4 32 36 242 110 142 112 138 104 55 11 201 25 83 28 90 33 7 10 187 52 50 9 139 17 69 122 139 74 55
274 20 934 101 52 20 89 143 222 41 116 15 28 11 93 133 166 110 104 46 139 94 268 74 140 90 258 75 206 77 137 27 6 5 42 11 13 5 220 41 6 49 272
275 20 976 133 175 67 248 12 256 95 225 3 103 69 179 79 278 115 249 126 38 8 45 2 155 48 58 62 139 137 104 4 20 105 258 18 151 58 13 16 59 64 31
276 20 1052 93 280 100 283 66 45 57 267 15 29 117 170 23 247 32 119 132 208 141 155 57 294 54 98 34 63 67 219 36 91 136 226 9 249 72 43 11 110 64 60
277 20 983 115 200 30 195 12 294 51 138 24 20 85 250 143 251 28 293 21 293 107 16 18 293 129 274 40 13 3 204 110 208 122 33 139 237 33 91 8 152 11 195
278 20 985 6 273 18 273 12 243 128 121 25 176 6 125 143 84 43 18 149 210 17 163 31 240 133 119 1 287 99 168 96 192 101 87 90 42 53 117 41 88 40 249
279 20 911 11 76 84 150 49 105 58 286 42 94 3 243 46 244 119 209 87 90 26 174 37 226 133 194 120 12 79 247 9 281 34 170 33 248 88 179 57 20 24 128
280 20 656 71 189 71 230 23 273 5 219 35 298 47 138 10 260 39 290 13 104 23 30 134 154 130 1 43 106 15 2 7 37 24 212 7 29 52 256 48 134 24 253
281 20 1052 14 67 13 261 112 64 84 152 77 20 91 237 79 118 3 66 59 177 122 13 50 61 110 77 79 76 85 105 89 179 67 127 117 139 5 188 40 4 19 32
282 20 649 14 268 40 209 76 118 88 212 16 104 48 155 23 88 92 143 4 293 39 294 21 257 51 59 10 212 11 180 23 171 60 178 111 17 37 249 37 73 11 264
283 20 860 10 246 50 230 58 162 11 15 61 71 7 132 8 17 107 232 17 96 136 226 11 251 13 199 14 258 80 165 76 271 78 69 100 42 50 161 95 76 94 80
284 20 991 105 115 108 26 53 33 76 102 25 35 69 108 27 199 23 139 36 260 114 156 32 161 89 295 34 187 118 43 33 229 102 61 63 63 49 296 69 208 14 287
285 20 1259 55 148 141 196 27 8 121 92 52 68 45 17 2 211 61 49 29 247 112 231 118 4 124 9 108 68 24 290 80 278 144 152 96 220 111 6 66 190 58 96
286 20 1024 23 255 83 300 97 235 107 94 55 79 98 275 24 138 53 106 98 6 10 10 110 160 61 159 96 125 17 63 41 179 5 12 121 25 97 268 67 154 17 190
287 20 828 30 287 126 273 65 73 64 135 26 173 75 115 43 127 14 96 5 225 103 48 82 170 33 173 55 176 3 167 7 28 21 187 77 74 77 223 92 95 37 200
288 20 973 102 147 36 212 3 273 50 63 60 189 52 282 58 168 79 158 135 258 119 219 24 145 3 293 38 9 28 206 95 187 62 171 84 132 62 109 90 7 37 119
289 20 972 28 169 50 1 116 107 65 212 92 246 26 120 28 163 81 239 57 157 23 172 125 79 59 167 22 291 3 248 116 257 129 50 65 187 28 62 38 250 64 102
290 20 803 67 57 15 95 13 239 15 82 44 286 108 257 100 58 25 178 36 217 51 166 96 277 1 271 35 165 19 260 66 76 4 129 124 205 30 62 100 105 55 30
291 20 694 4 155 78 238 48 13 14 96 92 267 71 167 4 287 13 205 26 56 21 47 3 264 78 245 28 191 120 146 12 214 5 39 71 184 69 167 1 295 110 13
292 20 901 10 58 20 88 146 194 15 255 58 136 94 41 112 72 56 181 16 106 37 87 19 92 94 71 56 67 48 275 83 103 79 50 26 106 60 164 36 13 62 205
293 20 1008 23 126 37 180 43 283 29 247 89 158 105 212 80 299 111 260 43 51 39 26 115 146 85 229 68 4 7 162 73 137 76 288 10 71 74 201 54 68 100 87
294 20 1310 40 20 96 155 60 72 19 267 142 266 101 140 125 166 66 193 104 131 42 36 128 178 83 239 9 203 105 168 131 84 111 259 58 135 38 222 88 211 92 164
295 20 1016 5 137 36 44 47 132 142 224 52 2 114 98 112 95 128 262 103 192 52 121 74 238 41 293 52 64 85 228 36 197 18 202 68 168 9 87 63 237 33 205
296 20 920 9 274 15 45 11 28 110 153 67 187 31 188 39 157 133 214 73 115 114 151 47 12 24 51 15 49 17 42 14 53 83 153 51 29 104 174 113 184 80 123
297 20 988 87 49 22 64 28 80 87 231 39 10 49 133 16 183 88 273 23 187 16 92 20 64 121 136 71 190 78 252 90 289 28 154 69 115 88 80 128 233 87 164
298 20 1163 101 230 15 45 71 9 92 21 66 273 30 8 30 138 86 120 48 9 61 149 114 196 3 300 77 126 113 167 103 100 110 207 87 100 121 106 71 212 55 242
299 20 798 51 299 37 246 17 255 16 162 11 208 124 23 79 63 52 87 56 92 13 94 51 245 68 109 39 87 12 8 20 6 34 53 83 255 129 163 16 152 90 93
300 20 940 1 80 89 79 65 263 4 5 57 121 20 44 97 35 93 197 22 7 129 121 14 36 134 109 28 250 58 126 3 271 124 281 57 92 70 235 99 266 11 207
