1 20 983 129 52 25 78 118 176 114 171 22 81 66 27 69 198 59 121 69 240 45 89 47 197 10 100 131 256 50 172 68 57 26 106 39 264 71 59 49 90 22 283
2 20 784 7 64 121 286 53 213 45 26 6 182 39 235 38 92 39 42 34 261 42 100 103 231 65 205 28 31 8 15 118 193 92 280 75 279 12 132 50 283 6 61
3 20 985 30 233 41 252 78 233 35 266 55 166 123 124 110 266 32 182 141 143 55 143 20 231 35 19 111 192 82 239 49 267 54 276 102 198 52 103 4 193 23 93
4 20 909 27 113 86 85 23 174 11 297 45 156 91 291 4 298 19 127 123 68 9 233 89 283 13 50 136 213 74 248 97 21 30 168 101 160 56 89 71 295 32 37
5 20 772 30 22 79 243 27 141 24 297 44 244 58 77 106 73 11 284 50 94 125 68 93 36 20 150 30 216 2 172 60 71 19 282 57 150 114 99 14 78 2 95
6 20 865 65 96 11 43 13 17 137 11 104 180 1 2 32 270 94 63 56 289 103 295 22 62 11 147 140 160 45 252 67 20 6 36 35 46 19 116 80 67 41 43
7 20 720 83 266 80 287 61 145 52 202 36 50 7 69 6 46 88 132 61 63 86 231 12 190 16 51 16 256 32 123 46 270 42 45 31 226 31 260 11 275 103 214
8 20 776 10 179 21 258 116 89 32 60 52 235 12 119 106 237 89 287 4 227 129 129 20 273 74 226 5 184 21 259 64 40 20 139 17 61 72 149 49 28 58 124
9 20 874 12 36 35 10 42 158 65 293 66 273 7 187 11 23 62 39 38 86 130 261 28 221 46 79 116 138 18 11 96 20 37 284 29 71 94 152 86 232 75 6
10 20 686 23 75 5 126 20 285 59 37 81 162 78 18 50 50 1 71 61 196 13 265 95 291 61 25 47 203 86 8 37 6 34 246 47 213 5 36 2 111 53 3
11 20 725 139 186 20 147 36 123 42 90 17 41 71 214 4 233 57 190 11 223 19 158 4 148 61 30 38 238 71 278 26 205 68 280 106 290 91 61 1 115 25 99
12 20 898 66 291 70 87 130 162 20 73 2 92 5 251 54 26 28 273 26 237 83 111 36 134 92 240 118 283 126 48 11 7 70 202 37 118 82 120 3 137 64 54
13 20 788 25 255 49 126 107 149 32 98 55 270 99 132 86 212 23 204 8 16 13 222 78 284 52 275 16 252 93 252 23 137 6 107 64 67 40 259 71 274 45 104
14 20 887 87 45 86 277 68 157 60 90 2 280 78 153 54 221 30 167 63 108 106 179 38 7 46 284 58 298 22 34 73 227 60 1 32 198 46 97 64 300 36 115
15 20 907 38 234 117 121 13 235 70 74 63 8 54 56 14 54 37 14 4 29 74 294 91 27 25 236 113 60 37 212 29 187 123 77 95 291 1 95 19 168 117 46
16 20 787 16 16 15 163 48 216 23 143 73 59 37 285 41 16 103 24 74 239 87 77 2 218 81 239 44 63 49 56 71 192 54 176 105 240 44 98 4 50 13 44
17 20 668 81 63 4 113 50 285 94 137 9 66 45 40 72 194 39 72 52 147 52 148 11 170 60 91 1 49 88 3 7 47 6 147 29 21 10 189 38 70 87 254
18 20 821 19 241 6 13 7 190 14 164 8 12 34 120 105 77 20 13 77 47 19 208 96 282 92 276 74 150 32 12 91 221 89 265 98 280 13 166 78 16 55 7
19 20 1061 29 122 68 64 131 15 112 203 73 275 3 112 47 241 94 192 44 188 130 216 42 77 53 76 88 168 91 5 29 191 48 31 94 168 48 61 69 129 34 111
20 20 818 90 148 38 176 27 115 42 142 90 175 14 144 15 283 35 10 16 228 77 199 131 120 89 141 4 230 128 215 70 277 10 7 31 43 1 231 19 48 96 13
21 20 915 60 2 23 279 61 15 18 57 23 121 95 82 27 196 100 97 91 239 70 177 60 85 112 120 16 7 75 192 86 272 44 234 27 98 100 30 5 248 51 20
22 20 883 58 218 15 224 27 81 21 19 6 2 15 154 39 14 85 192 64 16 58 174 67 253 51 48 95 289 123 65 24 230 20 269 61 56 138 137 124 155 13 91
23 20 871 14 129 44 215 81 161 86 206 68 164 142 44 19 18 31 267 70 288 53 203 121 260 29 64 2 195 63 229 29 29 60 252 44 188 99 210 8 143 26 147
24 20 655 54 24 30 68 11 32 41 103 109 139 51 248 24 133 50 129 63 78 3 99 24 170 35 170 21 37 38 37 19 281 28 61 63 95 87 244 49 43 19 83
25 20 1000 50 140 93 224 31 1 22 156 37 284 79 45 43 105 132 203 90 219 71 53 67 186 8 260 100 127 22 209 47 15 31 45 43 101 18 292 137 186 129 89
26 20 1169 23 61 137 20 103 196 101 187 124 133 19 154 108 1 51 144 75 286 75 145 93 108 101 299 77 276 29 254 36 113 44 176 43 66 106 1 23 257 94 276
27 20 824 4 53 54 272 10 150 130 67 82 103 132 96 1 215 50 267 16 31 15 299 2 157 97 104 79 271 22 65 36 130 120 146 6 65 39 246 80 74 55 195
28 20 868 17 101 43 272 55 97 87 161 109 27 3 234 4 207 35 214 79 247 22 119 40 196 94 172 22 105 9 70 132 108 30 134 1 72 44 6 134 288 126 157
29 20 856 19 200 23 299 4 259 36 78 28 53 67 80 88 195 60 169 109 268 56 232 92 208 53 166 40 44 15 205 97 117 7 138 61 163 34 142 118 143 64 101
30 20 880 107 23 100 108 37 250 104 151 85 47 29 206 25 255 132 123 86 235 51 83 15 108 41 246 9 193 18 114 136 178 30 292 13 50 31 138 13 3 38 206
31 20 1024 1 230 49 53 136 227 2 43 90 106 58 141 1 270 79 99 42 213 33 70 139 292 85 128 61 260 111 288 78 82 79 273 78 188 28 186 19 133 111 191
32 20 1135 141 31 138 270 133 199 28 80 17 200 98 124 10 32 116 209 30 223 6 211 103 17 109 85 39 292 8 128 106 216 26 266 50 44 107 153 15 192 139 136
33 20 825 20 232 6 151 83 165 61 6 4 294 9 202 91 229 6 56 128 12 108 35 6 193 75 2 90 40 4 208 22 71 33 237 119 102 29 162 119 136 19 280
34 20 815 17 186 10 41 9 271 90 233 32 41 27 185 31 161 78 12 91 20 15 37 46 185 108 284 53 299 49 243 60 228 47 279 66 251 88 189 84 171 18 234
35 20 932 33 243 66 5 75 216 8 7 33 221 5 84 68 213 72 90 126 280 51 31 46 228 117 44 93 133 42 120 67 94 18 30 66 185 34 138 92 93 53 70
36 20 1117 86 59 59 168 7 24 81 237 108 121 136 286 53 156 21 217 102 48 41 103 77 194 116 199 48 191 48 224 93 287 114 288 55 119 30 223 47 1 75 185
37 20 1024 8 160 95 201 59 294 5 13 25 272 2 86 35 240 14 44 55 43 31 219 134 238 138 79 110 198 50 287 34 149 124 296 32 68 82 34 115 1 132 225
38 20 831 112 19 33 282 64 300 21 174 78 178 6 93 46 204 27 47 29 96 118 155 68 62 75 195 47 165 110 10 65 49 34 227 1 293 47 275 36 116 22 58
39 20 803 109 252 121 230 99 61 27 170 37 187 100 234 15 292 37 134 30 61 25 99 13 191 14 44 49 140 29 290 31 214 20 245 5 288 55 137 49 257 139 268
40 20 892 13 281 61 198 55 162 75 153 21 150 20 32 9 88 28 53 36 174 127 230 30 153 36 203 143 250 112 51 40 252 16 60 87 161 95 216 23 77 88 113
41 20 937 79 194 38 107 120 95 30 42 85 146 14 34 26 152 143 288 115 48 51 285 119 182 24 114 15 285 60 45 22 241 81 270 61 32 28 214 15 99 46 240
42 20 676 19 26 61 236 24 170 38 130 89 46 41 142 50 291 87 171 130 283 11 210 4 83 20 262 11 2 10 97 6 71 56 57 29 292 14 82 141 199 4 35
43 20 859 4 7 41 56 30 71 31 160 16 184 83 241 16 240 123 47 59 154 47 16 111 86 13 97 63 225 74 191 117 187 77 180 51 231 25 69 87 48 6 130
44 20 868 71 10 111 30 35 227 82 300 105 235 11 111 77 82 16 264 30 121 11 220 125 158 18 144 13 230 31 82 35 84 17 214 106 103 48 16 112 263 31 142
45 20 902 28 201 5 77 132 143 52 108 16 198 41 127 59 13 41 88 23 185 94 119 58 150 9 80 46 300 82 278 123 149 99 242 33 36 22 50 49 251 116 45
46 20 1152 102 146 139 34 16 251 71 262 37 248 6 92 103 279 10 15 18 220 55 81 127 151 106 250 124 197 106 269 108 90 76 175 32 171 123 51 14 110 67 275
47 20 817 59 27 59 149 33 206 24 134 136 83 45 38 15 78 83 156 99 128 106 97 25 148 52 15 91 21 12 42 75 187 13 195 31 109 17 294 8 16 39 33
48 20 1113 97 282 53 247 115 240 9 174 6 110 55 171 124 132 100 40 68 228 28 280 55 161 137 89 37 207 98 143 22 255 131 255 112 35 28 54 87 26 30 123
49 20 965 93 191 13 90 33 167 4 80 26 205 58 113 43 299 94 168 120 65 21 143 60 234 35 24 65 28 86 20 125 241 60 267 119 128 60 51 19 229 73 284
50 20 939 99 108 65 218 10 193 15 258 115 245 7 224 25 11 79 175 131 280 94 300 137 220 6 230 68 135 59 82 30 37 12 116 16 195 47 63 46 31 113 295
51 20 982 81 99 79 120 48 119 5 174 75 23 109 54 23 79 107 277 39 283 136 29 53 11 97 103 32 294 12 5 79 106 42 25 101 52 68 90 35 143 7 205
52 20 975 99 94 17 236 33 250 41 81 95 172 19 162 24 254 59 134 99 71 97 215 89 154 52 10 14 170 85 53 16 146 68 292 114 224 111 253 5 98 82 121
53 20 1165 2 125 84 46 46 283 120 284 3 156 129 5 125 292 18 160 35 94 80 246 143 206 92 139 63 275 47 193 147 95 35 264 30 285 138 96 64 273 56 240
54 20 880 70 294 53 152 91 238 24 241 64 84 100 146 33 25 11 175 7 36 36 290 76 200 56 186 64 240 9 78 77 8 25 16 98 120 91 197 43 137 73 211
55 20 976 143 172 13 18 71 285 113 197 13 59 4 186 86 262 21 12 72 35 4 205 22 61 34 110 125 71 62 164 58 166 51 97 63 114 135 278 54 59 77 214
56 20 757 45 123 71 155 117 289 88 267 52 291 12 250 14 181 7 276 78 288 26 41 2 97 102 288 20 72 72 228 80 14 64 119 22 204 15 179 13 132 47 196
57 20 901 8 286 122 49 51 153 90 121 1 201 139 33 39 41 143 286 35 296 117 144 120 78 10 185 90 23 3 89 62 34 56 86 1 181 17 126 17 139 6 243
58 20 800 47 216 27 275 13 290 74 254 17 80 89 152 110 196 37 258 77 223 79 135 77 6 51 296 73 120 9 184 31 95 77 103 11 205 68 211 26 145 8 272
59 20 1068 36 130 45 119 134 209 143 117 35 188 14 48 147 193 72 174 41 72 16 162 15 35 64 256 90 50 95 69 111 213 69 22 68 80 9 61 128 208 4 253
60 20 929 25 293 120 88 89 99 124 229 84 55 42 271 10 153 64 280 52 170 17 160 94 226 44 160 47 288 134 43 32 136 16 188 36 119 43 232 35 82 54 239
61 20 899 74 219 24 290 51 56 67 60 48 52 9 247 2 37 56 52 15 21 58 159 39 265 109 230 23 298 58 101 73 157 5 100 115 100 93 219 128 212 77 111
62 20 812 36 33 4 198 72 277 66 247 71 39 53 91 94 133 22 177 57 11 57 26 38 1 38 160 20 44 97 54 92 107 11 276 5 244 31 42 30 148 121 173
63 20 941 129 220 140 17 37 112 92 150 58 115 72 294 107 119 6 75 7 125 18 137 97 184 43 56 101 206 92 268 85 70 13 6 34 131 5 13 16 49 25 177
64 20 1165 58 202 86 299 79 243 121 71 48 42 92 111 73 8 55 233 66 126 135 254 115 165 117 179 67 62 100 127 51 22 3 140 114 222 20 211 7 239 50 121
65 20 772 76 138 33 300 131 192 25 162 7 293 9 190 33 292 65 193 13 168 47 49 123 211 30 180 6 92 35 261 24 150 35 183 86 283 104 146 12 297 71 220
66 20 901 53 249 67 93 117 277 148 173 1 123 64 56 99 202 18 188 12 49 58 188 9 293 25 138 92 152 20 159 77 89 85 240 65 98 46 49 61 243 10 2
67 20 1035 61 178 52 296 65 142 4 221 64 180 76 42 16 114 70 246 54 236 137 206 12 58 11 184 129 141 83 300 38 52 140 280 28 15 65 129 111 12 78 176
68 20 861 63 72 36 36 3 19 111 178 76 229 9 261 33 137 60 126 7 35 88 172 64 21 52 208 73 195 9 186 34 75 93 61 22 44 58 244 50 28 136 77
69 20 768 97 283 4 53 35 80 44 29 25 220 85 127 102 268 37 150 55 138 83 269 52 230 65 285 19 161 73 72 29 232 14 63 73 226 11 268 53 24 5 254
70 20 1028 20 270 65 184 24 190 67 174 121 2 90 198 19 5 92 250 3 155 94 135 72 149 106 209 50 81 55 271 77 174 98 202 37 13 82 1 48 47 65 190
71 20 1063 42 97 50 228 3 11 69 52 29 190 115 289 82 189 126 241 118 135 17 163 99 144 25 116 30 84 133 134 69 300 65 275 66 111 96 19 44 133 51 261
72 20 1244 31 215 74 279 36 10 23 167 2 103 145 18 135 268 77 193 119 155 75 181 115 291 6 238 26 5 117 245 50 256 149 282 108 283 85 29 100 228 82 60
73 20 855 4 147 21 173 4 222 8 112 117 52 61 269 28 290 67 147 79 40 27 158 9 299 121 157 9 195 33 270 131 159 19 191 128 270 94 291 43 144 66 145
74 20 794 15 11 4 92 12 213 16 182 89 9 89 247 32 151 16 144 16 122 61 291 45 262 73 253 33 76 138 141 33 234 94 254 122 245 23 4 18 157 64 129
75 20 833 11 231 139 129 46 184 43 174 45 7 4 253 31 140 38 80 1 44 122 160 117 119 28 1 7 199 32 2 116 92 22 114 31 66 9 5 79 60 121 80
76 20 824 52 277 131 70 36 290 4 41 84 136 29 18 28 2 89 30 23 132 37 261 19 29 89 278 58 99 75 119 61 51 43 2 43 43 86 114 41 91 3 296
77 20 634 48 142 50 184 26 114 11 69 7 4 2 215 112 279 4 249 79 213 55 253 13 260 28 153 20 116 142 215 7 140 35 202 13 22 50 49 56 19 35 161
78 20 840 82 7 57 97 110 287 1 46 114 190 96 253 9 260 47 233 27 276 15 108 5 123 84 211 35 40 65 134 55 267 74 167 48 99 32 21 24 65 70 270
79 20 856 69 149 23 228 74 53 10 155 3 276 132 5 63 199 6 70 39 164 100 117 50 124 30 267 112 198 29 49 117 74 31 21 32 66 14 35 101 272 36 59
80 20 1077 45 90 4 267 59 294 22 168 61 192 67 98 1 102 121 73 25 19 89 191 101 62 41 169 67 56 107 76 121 23 33 37 9 265 122 210 131 284 121 22
81 20 753 24 252 15 99 35 235 12 193 54 255 58 60 105 58 52 84 52 251 52 288 57 6 17 4 18 103 52 21 7 34 108 185 114 208 1 107 89 180 20 226
82 20 1300 43 106 89 98 123 105 91 102 110 162 100 239 23 2 124 88 91 112 76 45 139 253 109 144 13 146 137 7 78 43 10 156 130 36 9 158 2 252 129 39
83 20 857 36 178 128 191 18 74 58 263 56 245 105 105 34 253 50 13 33 66 55 30 38 76 59 300 89 97 46 112 74 268 45 38 14 14 41 82 34 188 59 233
84 20 1193 12 20 140 124 67 228 128 142 77 54 89 131 81 56 53 71 129 63 64 175 94 268 54 293 51 174 71 292 6 24 76 23 132 100 12 113 23 21 133 75
85 20 845 88 199 48 91 33 83 92 124 8 19 72 233 15 247 113 289 3 190 47 271 71 42 36 294 28 227 22 84 11 249 88 233 45 113 103 110 113 151 21 270
86 20 939 96 244 70 241 94 273 45 150 55 124 13 248 123 71 50 272 76 4 33 214 124 51 21 240 77 137 51 262 46 254 50 148 112 141 11 175 26 212 1 187
87 20 957 133 105 112 96 35 40 54 119 62 251 33 13 70 135 17 96 85 240 2 179 67 161 25 234 5 12 59 129 69 108 118 149 64 149 41 254 41 37 105 22
88 20 926 146 117 39 228 43 5 58 124 36 74 104 69 70 251 28 234 46 66 27 213 116 145 40 80 93 134 5 249 76 253 20 113 13 19 77 211 24 259 97 193
89 20 1029 7 183 38 59 94 218 143 280 32 288 111 209 62 166 81 102 129 5 81 61 13 112 60 33 3 130 3 137 91 65 27 173 139 81 88 76 70 271 15 217
90 20 946 6 22 58 175 17 23 82 15 34 134 130 1 120 112 91 215 49 276 47 299 105 119 65 247 22 193 94 183 80 62 3 281 18 247 74 245 59 78 29 184
91 20 776 29 72 63 128 57 93 34 168 11 266 30 116 66 92 28 20 36 223 28 209 53 220 41 279 45 233 80 229 25 186 108 136 2 225 95 242 74 209 65 277
92 20 897 56 34 69 84 43 35 87 106 104 111 9 270 81 50 17 222 67 65 37 134 69 106 73 32 78 102 82 101 34 186 30 285 31 190 43 213 13 150 99 200
93 20 980 78 153 9 296 97 129 6 277 9 92 98 144 3 256 93 286 118 160 56 137 45 84 76 33 52 200 67 79 65 53 60 116 81 221 28 102 82 97 102 67
94 20 860 102 167 81 241 7 285 136 251 84 291 52 241 84 114 18 21 74 12 5 16 28 291 61 164 38 43 98 290 39 31 71 185 55 207 10 14 17 208 15 35
95 20 690 13 244 134 53 42 183 16 250 62 27 38 121 26 276 21 256 49 10 41 225 31 83 11 15 9 205 76 11 68 134 55 8 4 64 45 26 26 81 96 132
96 20 829 17 138 68 25 11 10 13 238 76 39 4 138 59 72 76 52 99 164 55 9 89 245 70 52 53 286 27 203 83 5 20 2 43 236 11 7 47 169 116 138
97 20 979 12 283 55 74 25 64 43 296 65 269 120 3 112 161 3 20 60 58 2 220 24 206 81 126 132 1 47 261 133 76 94 267 22 100 99 130 17 208 78 152
98 20 1015 5 93 4 73 3 199 90 297 57 159 40 271 61 185 103 9 51 195 73 104 62 92 85 234 25 119 82 42 6 199 97 155 124 273 75 57 136 4 90 49
99 20 1031 93 293 14 96 97 222 57 45 19 65 94 32 1 56 103 22 83 33 16 252 104 255 64 54 39 250 89 151 38 224 47 263 95 273 82 257 110 3 44 185
100 20 850 18 31 58 124 66 225 11 11 79 76 107 190 52 157 35 76 29 289 86 215 71 186 72 131 28 160 61 249 120 225 77 21 14 84 30 154 28 157 21 155
101 20 756 86 149 84 186 62 288 42 113 8 231 54 80 63 120 37 214 48 204 73 198 3 17 13 136 2 127 54 238 68 99 48 4 64 300 114 105 8 96 15 154
102 20 804 122 154 41 188 54 296 15 16 50 86 50 152 74 142 86 230 7 112 54 119 11 232 47 89 79 275 38 61 39 222 29 35 75 228 1 151 109 283 25 125
103 20 976 115 223 20 201 26 205 26 107 75 46 73 227 96 173 120 164 3 9 98 205 54 170 4 238 87 14 24 188 129 54 74 94 46 62 30 253 22 273 99 255
104 20 1027 99 90 43 148 138 13 31 128 64 234 144 157 52 250 1 65 37 46 6 157 20 42 58 241 62 235 30 295 48 182 99 151 94 58 60 143 66 46 132 148
105 20 850 134 97 21 51 71 249 98 148 131 96 38 23 1 63 62 128 15 78 43 78 16 263 96 182 54 125 56 171 3 186 123 109 19 131 41 223 9 111 32 73
106 20 864 7 300 38 264 77 150 46 161 47 188 51 214 55 59 21 52 14 119 89 88 57 169 21 45 54 212 83 281 119 73 112 239 5 274 37 277 38 14 110 207
107 20 816 1 225 4 158 134 58 73 124 94 93 2 30 18 221 36 183 116 119 51 289 36 222 57 170 27 114 61 38 22 113 6 40 64 183 44 159 44 126 131 186
108 20 818 49 47 22 131 75 156 7 147 28 14 112 217 54 265 20 187 4 127 112 292 12 156 72 217 7 171 33 154 17 18 139 208 36 275 138 159 28 48 58 76
109 20 948 42 279 56 13 139 46 98 4 81 83 55 272 68 247 44 17 26 178 10 155 53 133 103 68 78 241 78 167 72 8 35 203 2 58 57 178 51 239 38 92
110 20 680 82 176 27 245 25 282 10 148 92 145 9 178 53 3 30 257 25 236 118 109 31 180 3 128 17 188 89 21 1 203 60 139 16 65 121 272 1 113 40 194
111 20 958 19 175 89 99 14 170 43 53 35 99 21 94 92 97 39 44 109 57 50 117 79 235 39 216 34 260 92 22 65 9 77 210 106 220 52 1 59 6 84 201
112 20 903 59 221 14 299 89 11 122 273 29 153 33 141 5 173 59 51 131 85 99 86 88 297 42 222 7 295 98 265 32 281 23 170 47 156 27 99 47 145 78 237
113 20 706 52 170 34 171 8 243 3 142 4 22 45 69 121 131 88 12 7 255 70 119 56 192 59 219 18 299 1 8 65 256 15 6 75 194 29 249 75 278 58 127
114 20 861 36 211 109 91 91 66 52 161 39 129 9 175 7 284 66 41 23 221 109 5 4 101 124 84 101 137 9 55 97 62 9 217 42 178 52 286 19 104 79 143
115 20 659 19 78 27 232 99 253 16 169 3 73 116 242 4 73 20 25 27 31 30 274 83 16 6 197 19 47 114 119 20 200 44 293 115 133 11 92 5 247 46 13
116 20 741 25 60 51 245 10 66 118 130 42 156 46 21 12 12 50 102 52 97 64 93 74 268 34 261 25 215 20 259 35 21 15 166 62 102 24 243 28 290 140 246
117 20 636 35 68 15 38 60 2 25 232 41 103 3 163 42 99 35 236 16 245 4 93 93 51 75 172 74 125 16 12 24 129 59 94 42 295 19 110 12 114 106 106
118 20 1244 5 31 29 171 109 146 2 1 60 296 99 276 95 69 97 239 127 38 51 134 75 26 129 225 51 144 59 175 53 103 69 34 145 156 99 107 78 286 124 27
119 20 914 16 8 122 136 26 248 74 203 110 66 138 212 16 138 36 72 70 9 39 290 108 206 100 65 70 164 2 236 34 157 8 223 49 118 49 235 58 178 18 169
120 20 944 75 188 10 147 37 49 58 151 53 158 135 222 29 118 52 194 85 267 33 44 49 276 134 53 100 38 15 8 71 256 40 76 29 57 58 88 5 290 112 201
121 20 920 37 221 71 119 108 180 6 74 47 28 4 78 40 46 99 148 51 198 107 270 46 56 6 246 80 33 52 67 34 172 104 24 113 184 45 282 74 34 26 37
122 20 765 103 104 121 149 18 38 14 225 26 26 4 123 26 18 68 222 21 208 26 174 20 158 122 200 111 34 44 203 16 292 56 11 65 105 17 79 28 178 51 246
123 20 772 49 61 12 52 104 180 68 295 118 162 33 262 42 199 70 260 104 267 69 54 6 66 59 150 1 192 1 169 31 273 55 185 78 241 36 201 17 245 12 70
124 20 863 130 31 65 250 69 186 83 126 35 268 45 98 42 7 64 69 42 22 71 252 17 62 41 213 14 107 36 263 135 168 10 171 69 252 17 57 47 238 47 24
125 20 893 11 245 59 197 61 16 67 189 72 289 41 200 20 96 3 172 71 80 48 106 135 197 82 83 30 296 23 201 23 241 105 50 11 175 9 82 106 231 140 295
126 20 725 35 34 86 254 19 20 41 143 113 217 35 2 32 239 43 196 47 125 52 164 54 206 27 8 64 173 3 260 27 75 45 297 73 158 72 164 2 199 37 95
127 20 687 9 278 50 250 46 43 118 31 41 294 104 23 38 217 46 144 84 281 13 63 44 78 55 135 36 202 31 201 14 149 39 124 14 254 47 18 17 125 13 41
128 20 972 7 254 87 153 23 51 11 69 86 30 25 102 128 203 81 261 19 34 89 64 13 194 62 162 141 283 120 42 82 252 18 172 94 242 81 56 32 145 16 136
129 20 575 23 136 36 210 31 55 4 35 15 22 14 201 28 288 11 163 28 32 5 60 53 98 18 239 7 160 5 75 91 60 101 81 24 104 146 39 51 228 28 71
130 20 957 72 109 17 159 41 249 35 129 117 104 33 109 116 107 31 169 65 3 5 297 36 145 12 221 15 104 119 293 94 114 41 201 132 147 92 114 52 259 72 6
131 20 861 136 26 37 282 27 249 37 50 80 298 134 50 37 254 4 287 43 238 60 201 37 60 14 238 127 208 53 197 62 199 12 6 56 63 17 180 31 25 73 36
132 20 1022 147 55 105 7 48 10 12 31 92 175 26 244 12 124 87 206 83 300 88 3 16 262 21 291 108 178 112 50 36 145 72 53 64 71 86 11 54 248 9 222
133 20 1116 78 123 50 137 94 171 129 50 63 151 104 174 61 244 45 172 123 237 117 14 110 34 1 30 87 75 12 219 107 44 51 128 86 195 35 24 14 178 28 143
134 20 1024 22 270 78 152 6 210 9 94 84 226 31 81 108 265 89 18 10 7 118 208 78 115 14 215 38 63 87 290 43 198 125 222 120 47 79 207 115 252 26 178
135 20 955 21 135 69 161 120 144 111 184 78 234 97 298 48 172 10 107 89 134 67 166 39 203 104 97 56 35 6 186 129 48 10 60 6 2 104 1 3 244 27 133
136 20 788 61 116 125 81 34 220 19 143 101 78 49 271 68 56 84 138 9 255 23 23 41 183 20 128 13 281 7 72 27 275 100 237 36 177 15 230 92 56 61 60
137 20 902 66 111 63 135 110 290 70 239 30 204 8 193 101 153 29 191 36 84 79 48 60 296 50 43 40 11 93 192 31 143 37 102 48 169 21 147 137 93 19 11
138 20 1092 48 30 126 292 93 59 133 40 104 152 100 149 62 22 18 178 9 114 1 160 74 218 86 186 61 288 2 68 82 186 89 21 112 234 43 211 91 104 31 184
139 20 885 20 6 67 27 59 260 46 43 68 279 75 125 98 27 132 145 1 44 9 174 32 170 42 251 70 258 46 200 81 33 97 294 24 279 34 130 84 130 22 99
140 20 906 67 164 54 229 73 92 116 283 7 63 62 186 7 83 22 203 121 180 41 41 5 197 119 89 105 280 2 155 45 193 12 221 10 287 102 42 34 190 129 98
141 20 708 2 90 55 106 16 138 19 195 1 296 65 95 32 142 36 207 39 210 7 184 76 256 25 37 9 76 128 32 69 73 78 300 40 67 99 102 3 13 87 111
142 20 1030 73 253 24 299 122 68 12 178 31 141 108 154 97 75 87 295 72 176 101 93 32 194 89 6 43 159 66 74 101 86 74 293 49 286 58 1 7 146 42 139
143 20 766 2 40 112 86 80 90 61 140 4 92 10 26 39 220 101 156 63 92 61 216 16 18 123 13 22 265 17 159 41 22 10 201 25 144 52 168 61 289 58 176
144 20 1095 97 161 38 211 116 40 51 93 100 288 51 261 71 200 79 92 117 212 45 27 51 218 79 69 74 222 42 212 126 20 81 99 62 72 8 269 31 250 50 64
145 20 872 37 28 91 42 14 277 28 165 3 10 114 47 74 5 83 23 19 165 28 51 9 73 104 286 74 298 79 3 53 168 25 195 65 287 25 109 110 122 56 221
146 20 869 85 178 90 10 24 237 81 172 7 176 12 233 50 168 28 22 86 250 31 136 46 135 17 134 43 40 101 134 60 140 12 233 119 61 2 30 78 172 115 246
147 20 1047 57 161 30 212 17 240 100 85 86 160 38 214 103 97 55 243 112 233 90 283 123 112 16 243 20 135 111 158 13 38 32 91 114 291 87 282 101 130 4 296
148 20 1140 115 208 80 293 93 82 68 254 31 275 76 122 105 294 93 271 88 100 53 105 131 232 88 176 6 176 66 276 25 188 108 42 88 288 18 209 46 85 48 185
149 20 899 130 51 73 61 121 73 58 255 99 161 26 99 26 137 20 117 46 10 37 19 14 205 83 106 98 145 34 263 25 189 40 98 13 205 37 88 63 247 81 125
150 20 794 123 52 99 151 10 123 42 138 11 72 106 159 19 228 1 72 108 16 28 45 24 299 14 283 141 94 35 11 31 160 27 97 40 74 33 84 36 151 65 25
151 20 818 32 5 28 85 27 4 43 180 1 13 1 80 112 94 85 167 20 140 71 19 54 248 6 85 20 276 60 185 111 299 24 24 142 51 11 133 104 153 71 33
152 20 860 9 114 46 163 17 3 21 46 44 125 18 293 80 68 58 294 31 124 8 73 141 226 85 67 16 181 55 105 63 245 44 112 108 46 133 288 41 222 57 120
153 20 821 130 145 89 284 70 31 86 283 79 137 26 136 33 171 60 176 9 12 73 79 5 102 3 200 14 247 20 174 4 278 112 214 97 128 51 296 63 43 3 276
154 20 1117 127 212 86 40 116 147 19 256 130 165 43 297 53 250 24 84 50 293 128 287 57 171 45 299 109 163 61 297 11 92 13 160 35 240 81 57 119 285 90 246
155 20 857 44 146 97 71 31 84 36 250 63 166 106 258 32 51 48 47 90 162 36 218 59 265 68 214 48 51 18 189 57 51 96 92 36 28 4 212 56 37 47 9
156 20 836 20 84 74 167 99 275 89 227 70 189 21 262 7 144 20 160 9 276 43 288 80 254 46 202 57 298 106 257 73 14 34 292 36 35 41 246 12 297 108 104
157 20 926 4 254 98 204 53 292 1 218 35 294 105 130 16 194 38 105 126 131 53 100 116 72 5 90 55 201 112 206 34 190 57 193 71 231 32 221 65 163 82 201
158 20 907 20 217 14 7 15 66 11 173 14 44 105 40 9 55 35 28 12 289 45 167 95 1 98 54 122 35 56 47 125 85 100 148 44 72 98 212 80 60 36 257
159 20 740 33 62 4 209 77 149 32 176 16 249 42 245 19 268 6 209 45 2 73 69 12 156 81 113 88 125 61 103 55 209 112 4 1 298 80 262 71 237 17 50
160 20 999 20 143 3 89 88 221 2 35 68 243 37 9 62 148 55 152 97 184 131 151 42 80 5 258 88 150 92 143 17 114 112 145 47 275 26 146 125 70 132 248
161 20 880 58 99 22 71 60 149 103 165 39 68 120 239 88 287 49 246 4 277 2 110 32 151 100 43 81 145 37 41 52 170 14 138 110 171 16 238 77 105 36 91
162 20 739 38 86 110 162 24 155 44 35 51 93 110 118 27 82 10 295 76 195 2 9 74 89 69 175 9 188 49 5 4 58 40 218 20 286 32 18 122 223 13 214
163 20 885 46 54 84 249 29 102 41 249 31 99 41 22 77 232 95 282 86 84 79 48 63 179 16 288 39 67 16 79 61 121 56 158 26 243 94 161 2 30 125 237
164 20 847 87 169 86 138 92 59 48 163 9 237 2 142 127 200 35 92 54 289 6 89 1 81 83 248 37 215 38 244 128 16 33 144 70 157 30 109 73 119 20 191
165 20 973 67 247 23 224 70 9 35 226 59 174 6 236 16 29 37 123 95 16 23 281 64 77 143 36 85 217 35 176 72 24 52 38 88 184 77 78 69 283 101 295
166 20 875 52 6 11 252 70 111 44 235 81 5 112 183 55 249 49 133 135 111 23 40 101 125 36 23 38 11 3 224 23 156 126 257 44 195 66 48 23 194 2 68
167 20 909 83 152 12 234 85 161 2 59 126 177 4 198 7 79 22 167 55 102 42 276 30 69 27 140 23 22 117 154 92 149 85 63 100 221 106 251 78 80 41 101
168 20 791 30 101 94 66 28 120 5 234 78 245 31 166 63 51 21 202 17 108 19 300 20 93 108 91 49 19 55 243 118 222 69 237 1 182 71 189 51 94 61 66
169 20 1192 93 298 2 91 84 136 38 193 86 162 81 216 82 168 106 161 134 168 68 167 59 27 30 290 83 141 56 9 58 134 105 171 119 254 52 146 91 159 64 75
170 20 1053 121 242 93 259 29 101 115 150 8 269 27 77 115 61 55 21 97 138 11 185 65 254 84 4 24 121 129 46 13 299 76 113 83 10 34 32 48 282 90 175
171 20 1068 22 63 101 15 82 276 50 123 2 57 40 223 65 100 79 161 96 178 6 165 104 214 78 91 9 147 121 135 104 93 70 84 67 5 32 299 123 243 85 141
172 20 898 111 183 49 284 5 274 73 61 12 1 103 51 4 60 65 79 76 231 28 163 57 262 78 121 21 285 37 210 25 166 4 238 50 62 111 297 94 171 120 11
173 20 963 27 252 73 147 71 140 56 20 106 253 13 164 46 268 13 234 112 155 29 164 109 195 122 167 26 234 135 268 38 197 44 41 50 123 57 245 8 4 69 286
174 20 948 100 169 14 110 74 117 72 287 74 156 59 276 7 256 4 276 1 70 70 247 65 87 127 83 64 112 93 118 55 203 8 267 33 54 71 240 112 298 82 254
175 20 1064 83 26 108 246 64 154 31 87 122 57 116 167 81 137 26 202 37 123 73 277 11 136 49 55 55 14 27 293 95 238 31 22 97 23 75 24 68 281 82 215
176 20 1122 19 293 64 97 145 215 127 123 72 254 98 245 28 56 100 213 71 181 71 128 108 20 58 55 29 186 140 148 37 255 59 90 81 202 50 163 16 293 30 261
177 20 936 17 128 45 29 46 69 111 211 34 18 4 178 123 143 111 171 44 170 95 31 66 203 30 194 49 107 62 184 73 140 72 48 76 194 87 202 19 282 7 64
178 20 868 6 104 17 172 7 204 135 275 100 196 84 25 7 50 51 152 25 130 83 175 44 102 83 145 21 216 38 289 94 172 74 89 94 9 50 258 10 210 62 251
179 20 936 19 283 104 106 64 46 3 43 94 90 47 220 104 260 18 189 92 253 20 228 41 96 3 242 117 296 16 205 97 139 96 261 48 220 100 39 43 300 44 206
180 20 628 101 52 6 180 79 29 3 131 56 245 5 279 14 110 43 100 103 44 15 218 65 239 51 267 70 251 16 85 1 44 55 43 3 227 5 234 89 103 5 58
181 20 869 31 172 109 280 84 205 22 263 71 218 79 150 29 291 38 91 87 64 17 246 6 121 69 41 53 160 42 207 32 66 95 207 60 4 44 208 112 58 7 92
182 20 780 11 58 14 174 39 257 86 250 65 8 82 196 20 279 76 177 76 99 78 211 28 262 32 9 4 136 125 123 36 21 2 203 38 248 101 64 43 258 19 97
183 20 1051 62 76 123 43 29 77 93 269 102 234 51 111 22 38 22 98 76 108 95 101 60 8 3 221 52 175 93 144 22 270 48 156 134 265 69 211 85 15 73 266
184 20 665 32 168 40 43 138 133 55 179 78 27 55 166 3 171 4 80 50 229 38 23 13 271 2 278 84 140 26 23 84 208 30 22 7 177 78 24 12 36 3 72
185 20 856 44 206 40 276 34 242 33 213 45 30 133 296 18 42 92 261 15 182 47 272 5 172 65 256 32 182 66 46 120 80 48 202 77 225 20 238 43 286 93 214
186 20 786 116 139 14 158 45 34 19 277 43 251 44 294 22 292 15 241 8 151 28 28 100 210 12 258 20 142 54 16 45 178 106 277 99 220 99 151 41 79 53 60
187 20 899 26 162 106 214 70 166 51 203 81 264 8 59 113 292 73 291 8 235 102 87 5 133 122 115 79 41 17 196 54 161 24 17 8 116 24 147 86 15 67 192
188 20 874 30 140 64 141 103 198 111 94 51 213 108 3 34 68 13 11 106 17 131 7 28 37 45 206 15 271 68 106 82 203 1 253 11 295 80 237 6 118 6 124
189 20 968 37 53 43 139 109 127 26 114 51 107 10 282 19 240 121 93 146 56 110 295 126 209 64 19 88 146 13 282 62 15 94 248 22 210 25 295 12 159 32 180
190 20 835 119 6 58 257 85 219 23 45 68 23 36 226 81 293 29 27 7 148 66 194 115 4 26 73 16 88 79 260 49 220 26 117 10 66 59 211 3 49 89 135
191 20 835 46 225 103 152 6 261 10 173 65 203 71 213 109 22 7 208 81 29 26 190 70 105 14 207 5 64 38 79 86 118 44 177 57 78 69 120 115 52 22 13
192 20 708 59 231 63 54 10 90 10 68 50 160 51 111 131 7 92 224 57 249 86 131 69 292 15 79 96 273 8 130 13 158 6 214 16 1 4 2 36 47 14 172
193 20 904 76 181 33 49 114 218 79 277 48 118 18 146 59 281 14 185 127 177 65 270 61 160 7 136 28 252 62 160 13 109 7 277 99 28 89 187 57 137 75 98
194 20 962 88 84 112 89 65 9 58 118 48 181 99 4 56 241 9 128 130 66 47 71 83 57 12 196 19 41 27 280 95 119 54 83 128 141 43 83 14 75 16 149
195 20 922 75 52 93 177 31 235 141 52 82 117 4 276 30 59 12 97 38 54 14 238 13 75 52 206 138 58 103 228 6 116 100 227 33 143 7 78 44 2 137 83
196 20 918 107 270 35 86 71 70 65 68 21 2 21 37 6 143 45 114 74 125 31 201 126 106 130 191 51 91 68 36 64 222 26 34 8 13 104 27 40 91 55 192
197 20 778 100 189 46 119 44 136 50 6 1 231 12 74 47 79 1 143 54 146 56 46 1 45 90 67 28 260 109 13 67 12 59 198 55 15 44 116 71 205 38 7
198 20 692 9 159 55 269 115 80 22 31 3 105 4 115 52 259 53 37 13 72 72 26 59 6 79 269 54 110 53 274 31 8 3 197 27 14 66 186 4 64 91 157
199 20 1119 104 63 49 285 117 7 60 110 21 297 28 81 38 261 7 126 12 176 72 202 99 268 140 160 74 219 98 72 122 293 105 121 51 263 98 153 65 243 39 168
200 20 916 99 231 123 183 52 175 39 105 85 8 27 207 89 234 57 41 15 232 42 52 75 281 131 9 55 52 18 229 36 22 22 195 18 38 66 267 50 279 47 299
201 20 1000 59 107 50 166 113 44 68 55 59 195 44 3 4 107 40 232 11 236 113 214 69 157 5 189 108 187 133 25 64 216 91 88 51 222 88 106 9 56 71 128
202 20 1119 50 280 4 189 136 237 122 21 41 63 54 97 41 13 60 253 116 11 32 187 106 128 54 5 83 207 81 245 132 1 61 104 69 230 54 289 33 113 70 116
203 20 778 98 285 33 79 9 245 128 198 6 14 18 143 27 108 53 169 70 147 24 190 70 5 24 115 30 49 41 263 102 300 51 128 95 27 9 29 48 26 37 298
204 20 1141 79 153 133 120 29 54 95 185 41 46 33 224 123 9 99 219 16 132 121 158 69 293 114 115 6 10 72 68 94 275 68 67 112 208 52 55 28 254 43 224
205 20 810 78 229 21 279 125 195 91 234 10 136 101 240 98 101 45 209 54 108 48 8 13 55 3 244 107 292 9 290 54 37 16 292 45 135 22 236 52 63 21 31
206 20 880 16 122 31 117 103 20 56 293 47 219 15 138 86 209 61 252 66 83 55 203 59 298 89 44 109 126 36 273 31 28 55 28 91 235 52 50 38 88 5 54
207 20 880 89 226 25 106 9 158 129 71 46 175 63 60 48 227 110 282 71 204 56 275 39 80 39 78 54 241 19 37 94 254 41 23 7 24 116 185 31 276 14 35
208 20 769 56 257 42 280 81 123 77 127 57 21 39 62 85 258 26 282 33 136 34 72 48 72 29 271 68 293 91 113 68 237 76 223 21 145 6 46 11 99 14 132
209 20 774 22 116 50 175 29 103 22 58 87 82 79 247 9 50 121 243 3 296 32 47 35 21 85 300 95 11 14 245 129 101 3 187 48 82 14 183 19 261 72 57
210 20 858 61 261 93 37 131 39 7 268 27 196 47 188 32 31 63 268 68 238 94 5 33 249 93 44 138 197 15 296 7 97 71 80 36 289 27 35 12 38 18 38
211 20 966 73 21 48 98 88 235 91 216 47 251 15 38 17 149 90 239 49 40 7 89 5 155 42 35 52 37 9 230 134 227 109 175 107 116 93 29 94 288 38 179
212 20 832 41 149 10 87 31 23 68 126 1 268 120 246 10 118 73 113 70 236 109 249 81 64 11 12 58 176 33 59 6 239 112 229 127 81 6 123 19 31 54 277
213 20 664 22 146 1 161 32 226 80 28 20 195 34 167 77 262 10 213 40 48 38 274 26 158 3 300 87 72 64 245 108 14 110 252 16 211 15 291 13 178 34 240
214 20 959 45 113 18 45 3 27 94 116 112 36 24 255 51 261 106 233 52 258 127 161 15 234 131 270 116 63 2 173 1 234 29 112 59 149 53 107 21 231 140 156
215 20 740 43 236 42 279 3 202 127 192 58 294 12 275 19 194 114 31 11 92 60 136 65 281 5 188 95 50 108 138 12 114 18 231 96 8 10 233 24 63 4 3
216 20 709 1 146 5 95 30 82 13 59 108 129 9 238 79 147 97 124 10 146 32 17 10 196 88 244 30 124 35 83 34 5 66 192 47 121 82 252 72 293 39 13
217 20 858 35 160 66 81 7 110 12 295 71 137 53 22 28 85 97 236 58 176 50 179 86 248 81 25 35 30 92 129 37 238 2 29 81 170 117 108 47 11 18 84
218 20 841 122 251 38 193 106 236 53 8 5 252 112 67 79 247 40 56 51 84 14 244 4 41 68 25 15 96 31 234 90 132 51 256 35 2 100 72 29 271 9 174
219 20 764 29 245 33 161 23 190 3 20 52 255 47 49 25 229 12 272 112 114 55 225 49 68 12 225 55 147 70 41 137 168 72 141 4 117 30 278 29 231 107 28
220 20 756 101 65 25 245 47 104 11 118 34 188 5 126 24 76 28 55 41 46 26 265 32 70 86 209 33 47 18 291 75 171 96 91 46 255 71 50 95 175 52 271
221 20 1091 98 92 99 152 67 105 72 29 110 91 29 207 55 181 85 37 41 231 23 294 81 246 23 230 19 262 42 254 63 28 51 10 136 268 78 182 115 21 77 64
222 20 821 79 77 121 72 11 77 115 270 3 32 98 141 99 290 13 187 104 87 88 240 10 177 41 22 13 102 2 238 34 284 32 205 18 180 37 269 90 166 19 236
223 20 1146 141 78 29 250 92 291 92 216 56 256 128 192 16 263 70 1 119 233 89 289 82 238 118 52 6 46 36 29 60 56 52 279 14 284 94 215 73 100 66 96
224 20 910 82 42 37 48 102 254 103 196 31 63 17 26 13 30 59 255 36 139 64 209 74 203 84 188 8 235 106 35 31 262 23 224 82 91 47 124 44 92 95 236
225 20 850 91 126 49 96 8 42 115 180 87 162 128 39 10 161 55 82 1 131 67 126 11 120 47 255 115 254 54 46 20 208 145 291 20 122 13 134 16 14 11 201
226 20 944 116 262 23 265 69 172 1 143 96 145 7 269 59 123 5 246 47 130 36 3 133 201 87 76 63 292 46 220 5 220 43 232 138 72 14 127 120 240 72 17
227 20 1104 114 231 111 221 122 72 1 220 62 118 113 289 30 197 36 158 108 272 123 191 83 238 37 288 29 277 23 64 76 10 3 162 115 178 17 238 107 19 70 295
228 20 813 87 232 67 117 77 235 7 296 20 127 105 168 36 217 56 245 61 120 57 155 62 71 10 274 4 200 72 113 40 115 36 146 95 167 67 270 36 210 22 272
229 20 673 44 258 1 228 68 62 76 212 31 89 124 235 22 221 50 185 81 56 2 190 70 88 72 172 23 200 47 8 45 124 15 30 32 88 13 90 20 253 6 136
230 20 945 4 16 30 260 8 263 102 42 37 223 33 21 64 268 92 206 26 192 67 122 114 5 45 166 49 220 125 216 36 63 2 29 47 172 135 260 67 57 99 68
231 20 899 7 1 24 198 108 183 45 119 31 237 42 66 7 137 89 74 81 91 132 211 121 262 82 52 54 88 28 187 16 120 72 149 25 204 109 243 16 157 35 161
232 20 837 32 33 99 245 11 270 63 91 23 250 51 225 27 164 103 283 49 121 44 79 44 231 32 143 118 119 13 173 91 242 33 269 57 95 6 287 118 276 33 82
233 20 880 77 296 57 140 7 269 76 259 34 20 29 14 19 246 7 69 32 82 101 157 46 72 82 235 29 30 33 281 110 187 80 83 23 233 50 29 129 194 80 268
234 20 1149 23 32 85 15 74 143 31 168 122 23 134 181 97 10 72 196 93 112 93 241 19 31 26 94 69 222 53 137 125 14 120 255 92 291 8 183 9 102 92 290
235 20 1014 113 88 34 213 30 229 44 171 70 231 67 221 99 132 92 169 66 158 53 32 8 219 80 270 13 33 72 190 37 256 106 249 125 217 39 273 54 154 66 70
236 20 800 38 81 18 106 13 254 37 271 42 293 9 114 113 85 71 48 66 25 30 96 44 124 45 251 124 6 12 43 58 32 59 216 86 85 1 283 49 196 85 137
237 20 879 24 296 56 131 106 289 8 175 5 189 71 161 29 179 3 187 136 262 70 40 42 28 22 160 93 263 83 68 121 81 5 275 81 141 15 153 105 205 24 19
238 20 1015 14 125 4 35 41 84 84 92 9 236 10 67 52 281 124 32 46 96 136 27 36 73 51 162 23 97 91 197 123 125 68 203 124 13 82 84 82 166 69 170
239 20 861 83 217 1 196 6 253 25 19 123 188 30 239 22 209 32 161 57 121 109 183 99 91 4 241 6 193 46 84 42 6 69 37 78 59 62 160 147 220 36 39
240 20 876 78 174 75 164 36 28 78 20 12 112 59 17 71 258 40 191 97 280 111 7 12 75 25 207 33 251 5 283 94 274 35 253 66 105 50 288 90 210 28 296
241 20 583 3 79 4 139 33 57 42 18 1 271 89 171 5 48 68 115 34 143 15 229 6 110 16 29 18 214 134 67 39 199 97 194 31 2 35 211 20 46 39 293
242 20 1010 14 225 15 169 84 95 90 15 133 10 143 3 35 202 123 112 14 82 75 169 64 109 34 143 39 243 34 28 108 282 28 84 33 74 72 13 118 243 7 94
243 20 780 15 69 9 188 19 181 2 118 51 164 11 212 34 161 108 105 66 121 46 282 46 16 132 35 67 239 77 136 13 90 98 14 97 145 45 26 1 172 39 266
244 20 788 17 76 27 207 98 190 10 259 110 88 93 18 33 170 89 48 6 212 98 138 49 90 36 236 9 193 86 62 48 180 16 275 50 222 53 188 6 114 52 227
245 20 1032 35 267 3 263 65 174 54 155 101 13 81 290 32 179 23 154 3 121 66 106 124 105 88 213 14 130 44 220 61 296 85 29 95 175 108 78 75 203 133 161
246 20 1010 16 131 137 152 23 129 131 252 32 145 51 219 87 90 52 262 37 280 88 114 85 56 59 30 57 237 128 294 57 90 28 28 61 19 65 144 64 153 5 273
247 20 774 13 108 17 298 86 67 44 242 19 289 41 94 78 205 103 211 34 231 50 228 105 70 29 219 22 235 87 234 22 220 106 17 6 221 49 61 1 15 56 158
248 20 921 89 223 141 207 42 15 16 216 24 216 91 110 65 209 14 223 83 134 37 163 8 113 100 30 59 46 79 231 48 117 28 152 13 40 35 25 92 123 88 131
249 20 905 45 39 27 1 30 41 12 159 89 280 62 74 47 183 71 192 82 151 81 169 114 174 121 35 20 190 2 250 16 6 60 53 78 114 118 143 11 53 46 135
250 20 951 123 216 30 246 52 244 1 102 41 169 128 276 36 111 24 286 74 116 83 11 106 296 2 297 109 187 12 191 9 27 94 38 87 36 50 300 64 274 64 179
251 20 909 16 130 60 9 51 57 42 218 62 65 8 17 3 52 141 289 74 137 42 29 50 143 93 245 102 95 26 57 17 81 112 251 68 187 104 94 50 106 16 6
252 20 1172 80 35 145 255 92 2 99 195 64 263 72 122 37 24 52 198 52 2 45 7 119 186 98 21 117 27 130 13 116 21 36 120 59 129 32 192 10 268 10 281
253 20 846 49 229 29 120 128 187 27 281 73 232 71 43 10 286 14 75 74 224 23 170 128 23 1 249 27 206 46 66 118 206 24 195 68 234 13 126 80 292 55 84
254 20 768 38 137 45 69 8 105 17 183 47 192 13 285 94 109 12 236 24 280 57 286 38 284 1 180 87 175 77 12 50 111 88 60 4 56 94 77 109 254 57 19
255 20 927 119 38 17 8 67 295 83 202 107 278 5 89 101 259 75 225 38 139 74 53 4 229 60 167 37 200 126 139 13 122 63 139 3 43 42 281 68 55 57 290
256 20 1005 7 10 126 118 4 75 45 20 123 204 5 148 65 29 88 88 1 154 51 119 136 277 52 33 106 20 46 296 45 75 79 6 56 10 33 12 73 213 116 118
257 20 897 42 151 44 226 102 49 65 256 104 148 24 187 38 44 35 211 103 33 24 57 45 20 28 10 36 221 51 3 65 99 116 34 135 291 16 132 30 19 19 231
258 20 812 37 241 4 56 3 30 73 138 99 137 15 245 4 151 7 161 130 203 126 185 58 163 132 182 32 23 78 42 79 249 56 101 22 8 13 263 25 175 23 161
259 20 1131 77 262 118 259 68 278 29 130 80 164 22 270 54 273 76 95 39 270 22 118 104 8 78 248 38 93 75 189 63 135 93 299 91 51 145 216 50 217 92 179
260 20 794 106 41 10 174 3 298 19 18 141 191 41 227 4 32 36 242 110 142 112 138 104 55 11 201 25 83 28 90 33 7 10 187 52 50 9 139 17 69 122 139
261 20 787 106 63 20 249 20 89 143 222 41 116 15 28 11 93 68 53 110 104 46 139 94 268 74 140 22 140 48 224 77 137 27 6 5 42 11 13 5 220 41 6
262 20 934 33 78 63 45 95 225 3 103 69 179 79 278 115 249 119 69 51 297 2 155 48 58 62 139 137 104 4 20 105 258 18 151 58 13 16 59 64 31 27 153
263 20 1048 100 283 66 45 57 267 15 29 117 170 23 247 32 119 132 208 141 155 57 294 54 98 34 63 67 219 36 91 136 226 9 249 72 43 11 110 64 60 87 156
264 20 877 30 195 12 294 51 138 24 20 85 250 143 251 28 293 21 293 107 16 18 293 129 274 40 13 3 204 110 208 122 33 32 96 105 240 8 152 11 195 18 273
265 20 979 12 46 25 176 6 125 107 34 80 19 73 108 99 168 96 192 101 87 90 42 53 117 41 88 40 249 84 150 49 105 58 286 42 94 3 243 46 244 119 209
266 20 824 43 75 54 227 133 194 120 12 79 247 9 281 34 170 33 248 88 179 57 20 24 128 55 280 71 189 71 230 23 273 5 219 35 298 47 138 10 260 39 290
267 20 776 11 223 2 291 23 30 134 154 130 1 43 106 15 2 7 37 24 212 7 29 52 256 48 134 24 253 57 150 2 229 20 91 119 173 84 152 77 20 91 237
268 20 987 60 143 84 184 122 13 50 61 110 77 79 76 85 105 89 179 67 127 117 139 5 188 40 4 19 32 25 168 14 268 40 209 76 118 88 212 16 104 48 155
269 20 702 92 143 4 293 39 294 21 257 51 59 10 212 11 180 65 110 62 49 142 147 37 249 114 214 11 264 6 81 28 94 36 145 70 161 11 15 61 71 7 132
270 20 998 92 88 17 96 136 226 11 251 13 199 14 258 80 165 76 271 78 69 100 42 50 161 95 76 105 115 108 26 53 33 76 102 25 35 69 108 27 199 23 139
271 20 956 27 96 36 260 114 156 32 161 89 295 34 187 118 43 33 229 96 203 69 208 14 287 29 113 55 148 141 196 27 8 121 92 52 68 45 17 2 211 61 49
272 20 1171 112 231 108 85 87 254 80 278 144 152 96 220 111 6 66 190 58 96 100 219 23 255 1 133 33 268 107 94 55 79 98 275 24 138 53 106 98 6 10 10
273 20 780 61 159 96 125 17 63 41 179 5 12 17 138 17 5 56 26 30 287 126 273 65 73 64 135 26 173 75 115 43 127 14 96 5 225 103 48 82 170 33 173
274 20 909 50 296 52 102 5 90 77 74 77 223 92 95 37 200 51 52 77 118 36 212 3 273 50 63 60 189 52 282 58 168 79 158 135 258 119 219 24 145 3 293
275 20 1008 148 245 95 187 62 171 66 253 13 92 90 7 37 119 64 202 110 70 98 172 53 118 26 120 28 163 81 239 57 157 23 172 125 79 59 167 22 291 3 248
276 20 696 129 50 65 187 28 62 38 250 67 57 15 95 13 239 15 82 44 286 108 257 100 58 25 178 36 217 51 166 12 214 1 271 35 165 19 260 66 76 4 129
277 20 744 30 62 100 105 55 30 70 145 48 13 14 96 92 267 71 167 4 287 13 205 26 56 21 47 3 264 78 245 28 191 120 146 12 214 5 39 71 184 69 167
278 20 901 10 58 20 88 146 194 15 255 58 136 94 41 112 72 56 181 16 106 37 87 19 92 94 71 56 67 48 275 83 103 79 50 26 106 60 164 36 13 62 205
279 20 1047 23 126 37 180 43 283 29 247 89 158 105 212 80 299 111 260 43 51 39 26 115 146 85 229 68 4 7 162 82 38 7 114 115 218 74 201 117 134 40 20
280 20 1303 60 72 19 267 142 266 101 140 125 166 66 193 104 131 42 36 128 178 83 239 9 203 105 168 131 84 111 259 58 135 38 222 88 211 92 164 20 229 107 44
281 20 938 47 132 39 114 52 2 114 98 112 95 128 262 103 192 52 121 74 238 41 293 52 64 85 228 36 197 18 202 68 168 9 87 63 237 33 205 38 280 9 274
282 20 929 82 118 65 82 67 187 31 188 39 157 133 214 73 115 114 151 47 12 24 51 15 49 17 42 14 53 83 153 51 29 13 122 59 297 80 123 125 73 30 103
283 20 884 28 80 35 232 16 183 88 273 23 187 16 92 20 64 121 136 71 190 25 84 6 53 74 173 93 62 111 90 34 60 101 230 15 45 71 9 92 21 66 273
284 20 928 14 195 9 172 82 46 123 179 114 196 3 300 88 68 67 277 101 275 110 207 87 100 121 106 45 279 55 242 60 122 1 229 37 246 17 255 16 162 11 208
285 20 768 36 15 43 249 79 63 52 87 56 92 13 94 51 245 68 109 39 87 12 8 20 6 34 53 83 255 129 163 16 152 90 93 77 271 1 80 4 5 57 121
286 20 924 103 108 78 116 22 7 129 121 14 36 134 109 28 250 58 126 3 271 124 281 57 92 70 235 18 176 11 207 34 93 56 21 51 164 127 148 17 104 21 161
287 20 945 141 106 70 282 38 14 30 168 110 26 135 154 75 150 46 152 2 207 15 43 50 26 33 231 33 170 66 239 41 149 67 104 27 57 48 43 122 266 33 264
288 20 716 49 123 2 233 20 59 40 6 58 299 8 20 38 216 11 220 71 297 1 40 108 19 43 149 112 244 3 196 47 138 100 16 60 79 93 184 6 202 26 156
289 20 983 33 167 3 23 119 280 118 214 120 96 22 131 72 264 98 167 23 245 112 129 20 5 90 170 39 243 47 222 24 98 51 3 26 29 130 83 8 255 74 119
290 20 1049 54 267 55 45 72 32 107 140 136 68 83 242 109 107 81 253 29 203 106 207 68 162 49 229 39 185 18 57 43 10 56 263 11 27 111 184 45 11 40 246
291 20 971 101 159 24 17 18 151 47 21 18 161 132 196 83 212 63 52 90 89 107 90 33 66 76 93 19 21 8 114 25 207 40 102 124 125 120 154 7 175 79 277
292 20 972 107 21 41 195 42 96 124 200 83 170 74 74 42 41 96 39 16 92 49 234 52 233 77 136 85 67 73 34 67 248 60 36 54 164 16 258 25 92 32 213
293 20 1264 126 283 43 128 69 7 70 297 100 126 135 178 58 98 143 109 44 163 92 279 39 264 19 104 133 189 111 200 11 23 68 212 12 218 46 196 126 285 135 286
294 20 924 62 297 29 197 8 90 44 199 62 283 40 104 82 37 50 268 68 58 118 171 20 287 120 157 24 105 117 70 58 296 33 13 89 155 28 91 83 174 20 68
295 20 899 24 200 21 181 2 283 58 185 109 50 90 129 36 182 52 50 129 18 44 193 63 228 24 138 66 245 85 174 103 162 33 159 24 260 33 43 118 279 10 264
296 20 831 52 156 104 205 35 24 11 79 12 96 77 283 118 293 40 10 46 92 31 81 60 256 29 129 52 190 31 269 6 287 30 236 1 66 132 271 71 117 101 84
297 20 905 9 122 95 147 57 75 48 15 9 41 22 192 88 177 29 295 111 293 49 164 87 227 42 298 112 183 73 152 45 54 106 57 29 150 45 19 28 112 48 41
298 20 916 101 250 20 150 45 150 50 42 13 98 2 33 94 90 86 284 111 30 34 115 79 295 141 16 67 12 42 197 24 296 22 281 21 77 96 114 27 70 70 257
299 20 976 103 175 70 117 124 198 3 62 26 275 143 272 13 255 61 43 63 72 18 258 91 108 40 175 121 65 81 21 55 194 23 35 96 82 9 222 11 264 70 227
300 20 1065 7 245 70 115 140 38 74 269 26 254 57 204 98 56 63 255 18 29 42 255 49 31 102 147 66 74 23 296 63 247 75 262 123 114 89 91 20 116 127 117
