1 20 1432 22 52 126 78 33 176 37 171 129 81 85 27 82 198 92 121 82 240 106 89 104 197 141 100 20 256 101 172 83 57 125 106 112 264 80 59 102 90 129 283
2 20 1631 144 64 30 286 98 213 106 26 145 182 112 235 113 92 112 42 117 261 109 100 48 231 86 205 123 31 143 15 33 193 59 280 76 279 139 132 101 283 145 61
3 20 1430 121 233 110 252 73 233 116 266 96 166 28 124 41 266 119 182 10 143 96 143 131 231 116 19 40 192 69 239 102 267 97 276 49 198 99 103 147 193 128 93
4 20 1506 124 113 65 85 128 174 140 297 106 156 60 291 147 298 132 127 28 68 142 233 62 283 138 50 15 213 77 248 54 21 121 168 50 160 95 89 80 295 119 37
5 20 1644 121 22 72 243 124 141 127 297 107 244 93 77 45 73 140 284 101 94 26 68 58 36 131 150 121 216 149 172 91 71 132 282 94 150 37 99 137 78 149 95
6 20 1550 86 96 140 43 138 17 14 11 47 180 150 2 119 270 57 63 95 289 48 295 129 62 140 147 11 160 106 252 84 20 145 36 116 46 132 116 71 67 110 43
7 20 1696 68 266 71 287 90 145 99 202 115 50 144 69 145 46 63 132 90 63 65 231 139 190 135 51 135 256 119 123 105 270 109 45 120 226 120 260 140 275 48 214
8 20 1639 141 179 130 258 35 89 119 60 99 235 139 119 45 237 62 287 147 227 22 129 131 273 77 226 146 184 130 259 87 40 131 139 134 61 79 149 102 28 93 124
9 20 1541 139 36 116 10 109 158 86 293 85 273 144 187 140 23 89 39 113 86 21 261 123 221 105 79 35 138 133 11 55 20 114 284 122 71 57 152 65 232 76 6
10 20 1729 128 75 146 126 131 285 92 37 70 162 73 18 101 50 150 71 90 196 138 265 56 291 90 25 104 203 65 8 114 6 117 246 104 213 146 36 149 111 98 3
11 20 1690 12 186 131 147 115 123 109 90 134 41 80 214 147 233 94 190 140 223 132 158 147 148 90 30 113 238 80 278 125 205 83 280 45 290 60 61 150 115 126 99
12 20 1517 85 291 81 87 21 162 131 73 149 92 146 251 97 26 123 273 125 237 68 111 115 134 59 240 33 283 25 48 140 7 81 202 114 118 69 120 148 137 87 54
13 20 1628 126 255 102 126 44 149 119 98 96 270 52 132 65 212 128 204 143 16 138 222 73 284 99 275 135 252 58 252 128 137 145 107 87 67 111 259 80 274 106 104
14 20 1528 64 45 65 277 83 157 91 90 149 280 73 153 97 221 121 167 88 108 45 179 113 7 105 284 93 298 129 34 78 227 91 1 119 198 105 97 87 300 115 115
15 20 1508 113 234 34 121 138 235 81 74 88 8 97 56 137 54 114 14 147 29 77 294 60 27 126 236 38 60 114 212 122 187 28 77 56 291 150 95 132 168 34 46
16 20 1628 135 16 136 163 103 216 128 143 78 59 114 285 110 16 48 24 77 239 64 77 149 218 70 239 107 63 102 56 80 192 97 176 46 240 107 98 147 50 138 44
17 20 1748 70 63 147 113 101 285 57 137 142 66 106 40 79 194 112 72 99 147 99 148 140 170 91 91 150 49 63 3 144 47 145 147 122 21 141 189 113 70 64 254
18 20 1594 132 241 145 13 144 190 137 164 143 12 117 120 46 77 131 13 74 47 132 208 55 282 59 276 77 150 119 12 60 221 62 265 53 280 138 166 73 16 96 7
19 20 1354 122 122 83 64 20 15 39 203 78 275 148 112 104 241 57 192 107 188 21 216 109 77 98 76 63 168 60 5 122 191 103 31 57 168 103 61 82 129 117 111
20 20 1597 61 148 113 176 124 115 109 142 61 175 137 144 136 283 116 10 135 228 74 199 20 120 62 141 147 230 23 215 81 277 141 7 120 43 150 231 132 48 55 13
21 20 1500 91 2 128 279 90 15 133 57 128 121 56 82 124 196 51 97 60 239 81 177 91 85 39 120 135 7 76 192 65 272 107 234 124 98 51 30 146 248 100 20
22 20 1532 93 218 136 224 124 81 130 19 145 2 136 154 112 14 66 192 87 16 93 174 84 253 100 48 56 289 28 65 127 230 131 269 90 56 13 137 27 155 138 91
23 20 1544 137 129 107 215 70 161 65 206 83 164 9 44 132 18 120 267 81 288 98 203 30 260 122 64 149 195 88 229 122 29 91 252 107 188 52 210 143 143 125 147
24 20 1760 97 24 121 68 140 32 110 103 42 139 100 248 127 133 101 129 88 78 148 99 127 170 116 170 130 37 113 37 132 281 123 61 88 95 64 244 102 43 132 83
25 20 1416 101 140 58 224 120 1 129 156 114 284 72 45 108 105 19 203 61 219 80 53 84 186 143 260 51 127 129 209 104 15 120 45 108 101 133 292 14 186 22 89
26 20 1246 128 61 14 20 48 196 50 187 27 133 132 154 43 1 100 144 76 286 76 145 58 108 50 299 74 276 122 254 115 113 107 176 108 66 45 1 128 257 57 276
27 20 1592 147 53 97 272 141 150 21 67 69 103 19 96 150 215 101 267 135 31 136 299 149 157 54 104 72 271 129 65 115 130 31 146 145 65 112 246 71 74 96 195
28 20 1547 134 101 108 272 96 97 64 161 42 27 148 234 147 207 116 214 72 247 129 119 111 196 57 172 129 105 142 70 19 108 121 134 150 72 107 6 17 288 25 157
29 20 1559 132 200 128 299 147 259 115 78 123 53 84 80 63 195 91 169 42 268 95 232 59 208 98 166 111 44 136 205 54 117 144 138 90 163 117 142 33 143 87 101
30 20 1536 44 23 51 108 114 250 47 151 66 47 122 206 126 255 19 123 65 235 100 83 136 108 110 246 142 193 133 114 15 178 121 292 138 50 120 138 138 3 113 206
31 20 1392 150 230 102 53 15 227 149 43 61 106 93 141 150 270 72 99 109 213 118 70 12 292 66 128 90 260 40 288 73 82 72 273 73 188 123 186 132 133 40 191
32 20 1280 10 31 13 270 18 199 123 80 134 200 53 124 141 32 35 209 121 223 145 211 48 17 42 85 112 292 143 128 45 216 125 266 101 44 44 153 136 192 12 136
33 20 1590 131 232 145 151 68 165 90 6 147 294 142 202 60 229 145 56 23 12 43 35 145 193 76 2 61 40 147 208 129 71 118 237 32 102 122 162 32 136 132 280
34 20 1600 134 186 141 41 142 271 61 233 119 41 124 185 120 161 73 12 60 20 136 37 105 185 43 284 98 299 102 243 91 228 104 279 85 251 63 189 67 171 133 234
35 20 1484 118 243 85 5 76 216 143 7 118 221 146 84 83 213 79 90 25 280 100 31 105 228 34 44 58 133 109 120 84 94 133 30 85 185 117 138 59 93 98 70
36 20 1298 65 59 92 168 144 24 70 237 43 121 15 286 98 156 130 217 49 48 110 103 74 194 35 199 103 191 103 224 58 287 37 288 96 119 121 223 104 1 76 185
37 20 1392 143 160 56 201 92 294 146 13 126 272 149 86 116 240 137 44 96 43 120 219 17 238 13 79 41 198 101 287 117 149 27 296 119 68 69 34 36 1 19 225
38 20 1584 39 19 118 282 87 300 130 174 73 178 145 93 105 204 124 47 122 96 33 155 83 62 76 195 104 165 41 10 86 49 117 227 150 293 104 275 115 116 129 58
39 20 1612 42 252 30 230 52 61 124 170 114 187 51 234 136 292 114 134 121 61 126 99 138 191 137 44 102 140 122 290 120 214 131 245 146 288 96 137 102 257 12 268
40 20 1524 138 281 90 198 96 162 76 153 130 150 131 32 142 88 123 53 115 174 24 230 121 153 115 203 8 250 39 51 111 252 135 60 64 161 56 216 128 77 63 113
41 20 1478 72 194 113 107 31 95 121 42 66 146 137 34 125 152 8 288 36 48 100 285 32 182 127 114 136 285 91 45 129 241 70 270 90 32 123 214 136 99 105 240
42 20 1740 132 26 90 236 127 170 113 130 62 46 110 142 101 291 64 171 21 283 140 210 147 83 131 262 140 2 141 97 145 71 95 57 122 292 137 82 10 199 147 35
43 20 1556 147 7 110 56 121 71 120 160 135 184 68 241 135 240 28 47 92 154 104 16 40 86 138 97 88 225 77 191 34 187 74 180 100 231 126 69 64 48 145 130
44 20 1548 80 10 40 30 116 227 69 300 46 235 140 111 74 82 135 264 121 121 140 220 26 158 133 144 138 230 120 82 116 84 134 214 45 103 103 16 39 263 120 142
45 20 1513 123 201 146 77 19 143 99 108 135 198 110 127 92 13 110 88 128 185 57 119 93 150 142 80 105 300 69 278 28 149 52 242 118 36 129 50 102 251 35 45
46 20 1264 49 146 12 34 135 251 80 262 114 248 145 92 48 279 141 15 133 220 96 81 24 151 45 250 27 197 45 269 43 90 75 175 119 171 28 51 137 110 84 275
47 20 1598 92 27 92 149 118 206 127 134 15 83 106 38 136 78 68 156 52 128 45 97 126 148 99 15 60 21 139 42 76 187 138 195 120 109 134 294 143 16 112 33
48 20 1302 54 282 98 247 36 240 142 174 145 110 96 171 27 132 51 40 83 228 123 280 96 161 14 89 114 207 53 143 129 255 20 255 39 35 123 54 64 26 121 123
49 20 1450 58 191 138 90 118 167 147 80 125 205 93 113 108 299 57 168 31 65 130 143 91 234 116 24 86 28 65 20 26 241 91 267 32 128 91 51 132 229 78 284
50 20 1476 52 108 86 218 141 193 136 258 36 245 144 224 126 11 72 175 20 280 57 300 14 220 145 230 83 135 92 82 121 37 139 116 135 195 104 63 105 31 38 295
51 20 1433 70 99 72 120 103 119 146 174 76 23 42 54 128 79 44 277 112 283 15 29 98 11 54 103 119 294 139 5 72 106 109 25 50 52 83 90 116 143 144 205
52 20 1440 52 94 134 236 118 250 110 81 56 172 132 162 127 254 92 134 52 71 54 215 62 154 99 10 137 170 66 53 135 146 83 292 37 224 40 253 146 98 69 121
53 20 1250 149 125 67 46 105 283 31 284 148 156 22 5 26 292 133 160 116 94 71 246 8 206 59 139 88 275 104 193 4 95 116 264 121 285 13 96 87 273 95 240
54 20 1535 81 294 98 152 60 238 127 241 87 84 51 146 118 25 140 175 144 36 115 290 75 200 95 186 87 240 142 78 74 8 126 16 53 120 60 197 108 137 78 211
55 20 1439 8 172 138 18 80 285 38 197 138 59 147 186 65 262 130 12 79 35 147 205 129 61 117 110 26 71 89 164 93 166 100 97 88 114 16 278 97 59 74 214
56 20 1658 106 123 80 155 34 289 63 267 99 291 139 250 137 181 144 276 73 288 125 41 149 97 49 288 131 72 79 228 71 14 87 119 129 204 136 179 138 132 104 196
57 20 1514 143 286 29 49 100 153 61 121 150 201 12 33 112 41 8 286 116 296 34 144 31 78 141 185 61 23 148 89 89 34 95 86 150 181 134 126 134 139 145 243
58 20 1615 104 216 124 275 138 290 77 254 134 80 62 152 41 196 114 258 74 223 72 135 74 6 100 296 78 120 142 184 120 95 74 103 140 205 83 211 125 145 143 272
59 20 1347 115 130 106 119 17 209 8 117 116 188 137 48 4 193 79 174 110 72 135 162 136 35 87 256 61 50 56 69 40 213 82 22 83 80 142 61 23 208 147 253
60 20 1486 126 293 31 88 62 99 27 229 67 55 109 271 141 153 87 280 99 170 134 160 57 226 107 160 104 288 17 43 119 136 135 188 115 119 108 232 116 82 97 239
61 20 1516 77 219 127 290 100 56 84 60 103 52 142 247 149 37 95 52 136 21 93 159 112 265 42 230 128 298 93 101 78 157 146 100 36 100 58 219 23 212 74 111
62 20 1604 115 33 147 198 79 277 85 247 80 39 98 91 57 133 129 177 94 11 94 26 113 1 113 160 131 44 54 54 59 107 140 276 146 244 120 42 121 148 30 173
63 20 1474 22 220 11 17 114 112 59 150 93 115 79 294 44 119 145 75 144 125 133 137 54 184 108 56 50 206 59 268 66 70 138 6 117 131 146 13 135 49 126 177
64 20 1250 93 202 65 299 72 243 30 71 103 42 59 111 78 8 96 233 85 126 16 254 36 165 34 179 84 62 51 127 100 22 148 140 37 222 131 211 144 239 101 121
65 20 1644 75 138 118 300 20 192 126 162 144 293 142 190 118 292 86 193 138 168 104 49 28 211 121 180 145 92 116 261 127 150 116 183 65 283 47 146 139 297 80 220
66 20 1514 98 249 84 93 34 277 3 173 150 123 87 56 52 202 133 188 139 49 93 188 142 293 126 138 59 152 131 159 74 89 66 240 86 98 105 49 90 243 141 2
67 20 1380 90 178 99 296 86 142 147 221 87 180 75 42 135 114 81 246 97 236 14 206 139 58 140 184 22 141 68 300 113 52 11 280 123 15 86 129 40 12 73 176
68 20 1554 88 72 115 36 148 19 40 178 75 229 142 261 118 137 91 126 144 35 63 172 87 21 99 208 78 195 142 186 117 75 58 61 129 44 93 244 101 28 15 77
69 20 1647 54 283 147 53 116 80 107 29 126 220 66 127 49 268 114 150 96 138 68 269 99 230 86 285 132 161 78 72 122 232 137 63 78 226 140 268 98 24 146 254
70 20 1388 131 270 86 184 127 190 84 174 30 2 61 198 132 5 59 250 148 155 57 135 79 149 45 209 101 81 96 271 74 174 53 202 114 13 69 1 103 47 86 190
71 20 1352 109 97 101 228 148 11 82 52 122 190 36 289 69 189 25 241 33 135 134 163 52 144 126 116 121 84 18 134 82 300 86 275 85 111 55 19 107 133 100 261
72 20 1172 120 215 77 279 115 10 128 167 149 103 6 18 16 268 74 193 32 155 76 181 36 291 145 238 125 5 34 245 101 256 2 282 43 283 66 29 51 228 69 60
73 20 1560 147 147 130 173 147 222 143 112 34 52 90 269 123 290 84 147 72 40 124 158 142 299 30 157 142 195 118 270 20 159 132 191 23 270 57 291 108 144 85 145
74 20 1621 136 11 147 92 139 213 135 182 62 9 62 247 119 151 135 144 135 122 90 291 106 262 78 253 118 76 13 141 118 234 57 254 29 245 128 4 133 157 87 129
75 20 1582 140 231 12 129 105 184 108 174 106 7 147 253 120 140 113 80 150 44 29 160 34 119 123 1 144 199 119 2 35 92 129 114 120 66 142 5 72 60 30 80
76 20 1591 99 277 20 70 115 290 147 41 67 136 122 18 123 2 62 30 128 132 114 261 132 29 62 278 93 99 76 119 90 51 108 2 108 43 65 114 110 91 148 296
77 20 1781 103 142 101 184 125 114 140 69 144 4 149 215 39 279 147 249 72 213 96 253 138 260 123 153 131 116 9 215 144 140 116 202 138 22 101 49 95 19 116 161
78 20 1576 69 7 94 97 41 287 150 46 37 190 55 253 142 260 104 233 124 276 136 108 146 123 67 211 116 40 86 134 96 267 77 167 103 99 119 21 127 65 81 270
79 20 1559 82 149 128 228 77 53 141 155 148 276 19 5 88 199 145 70 112 164 51 117 101 124 121 267 39 198 122 49 34 74 120 21 119 66 137 35 50 272 115 59
80 20 1338 106 90 147 267 92 294 129 168 90 192 84 98 150 102 30 73 126 19 62 191 50 62 110 169 84 56 44 76 30 23 118 37 142 265 29 210 20 284 30 22
81 20 1662 127 252 136 99 116 235 139 193 97 255 93 60 46 58 99 84 99 251 99 288 94 6 134 4 133 103 99 21 144 34 43 185 37 208 150 107 62 180 131 226
82 20 1115 108 106 62 98 28 105 60 102 41 162 51 239 128 2 27 88 60 112 75 45 12 253 42 144 138 146 14 7 73 43 141 156 21 36 142 158 149 252 22 39
83 20 1558 115 178 23 191 133 74 93 263 95 245 46 105 117 253 101 13 118 66 96 30 113 76 92 300 62 97 105 112 77 268 106 38 137 14 110 82 117 188 92 233
84 20 1222 139 20 11 124 84 228 23 142 74 54 62 131 70 56 98 71 22 63 87 175 57 268 97 293 100 174 80 292 145 24 75 23 19 100 139 113 128 21 18 75
85 20 1570 63 199 103 91 118 83 59 124 143 19 79 233 136 247 38 289 148 190 104 271 80 42 115 294 123 227 129 84 140 249 63 233 106 113 48 110 38 151 130 270
86 20 1476 55 244 81 241 57 273 106 150 96 124 138 248 28 71 101 272 75 4 118 214 27 51 130 240 74 137 100 262 105 254 101 148 39 141 140 175 125 212 150 187
87 20 1458 18 105 39 96 116 40 97 119 89 251 118 13 81 135 134 96 66 240 149 179 84 161 126 234 146 12 92 129 82 108 33 149 87 149 110 254 110 37 46 22
88 20 1489 5 117 112 228 108 5 93 124 115 74 47 69 81 251 123 234 105 66 124 213 35 145 111 80 58 134 146 249 75 253 131 113 138 19 74 211 127 259 54 193
89 20 1386 144 183 113 59 57 218 8 280 119 288 40 209 89 166 70 102 22 5 70 61 138 112 91 33 148 130 148 137 60 65 124 173 12 81 63 76 81 271 136 217
90 20 1469 145 22 93 175 134 23 69 15 117 134 21 1 31 112 60 215 102 276 104 299 46 119 86 247 129 193 57 183 71 62 148 281 133 247 77 245 92 78 122 184
91 20 1640 122 72 88 128 94 93 117 168 140 266 121 116 85 92 123 20 115 223 123 209 98 220 110 279 106 233 71 229 126 186 43 136 149 225 56 242 77 209 86 277
92 20 1518 95 34 82 84 108 35 64 106 47 111 142 270 70 50 134 222 84 65 114 134 82 106 78 32 73 102 69 101 117 186 121 285 120 190 108 213 138 150 52 200
93 20 1436 73 153 142 296 54 129 145 277 142 92 53 144 148 256 58 286 33 160 95 137 106 84 75 33 99 200 84 79 86 53 91 116 70 221 123 102 69 97 49 67
94 20 1556 49 167 70 241 144 285 15 251 67 291 99 241 67 114 133 21 77 12 146 16 123 291 90 164 113 43 53 290 112 31 80 185 96 207 141 14 134 208 136 35
95 20 1725 138 244 17 53 109 183 135 250 89 27 113 121 125 276 130 256 102 10 110 225 120 83 140 15 142 205 75 11 83 134 96 8 147 64 106 26 125 81 55 132
96 20 1586 134 138 83 25 140 10 138 238 75 39 147 138 92 72 75 52 52 164 96 9 62 245 81 52 98 286 124 203 68 5 131 2 108 236 140 7 104 169 35 138
97 20 1436 139 283 96 74 126 64 108 296 86 269 31 3 39 161 148 20 91 58 149 220 127 206 70 126 19 1 104 261 18 76 57 267 129 100 52 130 134 208 73 152
98 20 1400 146 93 147 73 148 199 61 297 94 159 111 271 90 185 48 9 100 195 78 104 89 92 66 234 126 119 69 42 145 199 54 155 27 273 76 57 15 4 61 49
99 20 1384 58 293 137 96 54 222 94 45 132 65 57 32 150 56 48 22 68 33 135 252 47 255 87 54 112 250 62 151 113 224 104 263 56 273 69 257 41 3 107 185
100 20 1565 133 31 93 124 85 225 140 11 72 76 44 190 99 157 116 76 122 289 65 215 80 186 79 131 123 160 90 249 31 225 74 21 137 84 121 154 123 157 130 155
101 20 1659 65 149 67 186 89 288 109 113 143 231 97 80 88 120 114 214 103 204 78 198 148 17 138 136 149 127 97 238 83 99 103 4 87 300 37 105 143 96 136 154
102 20 1611 29 154 110 188 97 296 136 16 101 86 101 152 77 142 65 230 144 112 97 119 140 232 104 89 72 275 113 61 112 222 122 35 76 228 150 151 42 283 126 125
103 20 1439 36 223 131 201 125 205 125 107 76 46 78 227 55 173 31 164 148 9 53 205 97 170 147 238 64 14 127 188 22 54 77 94 105 62 121 253 129 273 52 255
104 20 1388 52 90 108 148 13 13 120 128 87 234 7 157 99 250 150 65 114 46 145 157 131 42 93 241 89 235 121 295 103 182 52 151 57 58 91 143 85 46 19 148
105 20 1565 17 97 130 51 80 249 53 148 20 96 113 23 150 63 89 128 136 78 108 78 135 263 55 182 97 125 95 171 148 186 28 109 132 131 110 223 142 111 119 73
106 20 1551 144 300 113 264 74 150 105 161 104 188 100 214 96 59 130 52 137 119 62 88 94 169 130 45 97 212 68 281 32 73 39 239 146 274 114 277 113 14 41 207
107 20 1599 150 225 147 158 17 58 78 124 57 93 149 30 133 221 115 183 35 119 100 289 115 222 94 170 124 114 90 38 129 113 145 40 87 183 107 159 107 126 20 186
108 20 1597 102 47 129 131 76 156 144 147 123 14 39 217 97 265 131 187 147 127 39 292 139 156 79 217 144 171 118 154 134 18 12 208 115 275 13 159 123 48 93 76
109 20 1467 109 279 95 13 12 46 53 4 70 83 96 272 83 247 107 17 125 178 141 155 98 133 48 68 73 241 73 167 79 8 116 203 149 58 94 178 100 239 113 92
110 20 1736 69 176 124 245 126 282 141 148 59 145 142 178 98 3 121 257 126 236 33 109 120 180 148 128 134 188 62 21 150 203 91 139 135 65 30 272 150 113 111 194
111 20 1457 132 175 62 99 137 170 108 53 116 99 130 94 59 97 112 44 42 57 101 117 72 235 112 216 117 260 59 22 86 9 74 210 45 220 99 1 92 6 67 201
112 20 1512 92 221 137 299 62 11 29 273 122 153 118 141 146 173 92 51 20 85 52 86 63 297 109 222 144 295 53 265 119 281 128 170 104 156 124 99 104 145 73 237
113 20 1709 99 170 117 171 143 243 148 142 147 22 106 69 30 131 63 12 144 255 81 119 95 192 92 219 133 299 150 8 86 256 136 6 76 194 122 249 76 278 93 127
114 20 1554 115 211 42 91 60 66 99 161 112 129 142 175 144 284 85 41 128 221 42 5 147 101 27 84 50 137 142 55 54 62 142 217 109 178 99 286 132 104 72 143
115 20 1756 132 78 124 232 52 253 135 169 148 73 35 242 147 73 131 25 124 31 121 274 68 16 145 197 132 47 37 119 131 200 107 293 36 133 140 92 146 247 105 13
116 20 1674 126 60 100 245 141 66 33 130 109 156 105 21 139 12 101 102 99 97 87 93 77 268 117 261 126 215 131 259 116 21 136 166 89 102 127 243 123 290 11 246
117 20 1779 116 68 136 38 91 2 126 232 110 103 148 163 109 99 116 236 135 245 147 93 58 51 76 172 77 125 135 12 127 129 92 94 109 295 132 110 139 114 45 106
118 20 1171 146 31 122 171 42 146 149 1 91 296 52 276 56 69 54 239 24 38 100 134 76 26 22 225 100 144 92 175 98 103 82 34 6 156 52 107 73 286 27 27
119 20 1501 135 8 29 136 125 248 77 203 41 66 13 212 135 138 115 72 81 9 112 290 43 206 51 65 81 164 149 236 117 157 143 223 102 118 102 235 93 178 133 169
120 20 1472 76 188 141 147 114 49 93 151 98 158 16 222 122 118 99 194 66 267 118 44 102 276 17 53 51 38 136 8 80 256 111 76 122 57 93 88 146 290 39 201
121 20 1496 114 221 80 119 43 180 145 74 104 28 147 78 111 46 52 148 100 198 44 270 105 56 145 246 71 33 99 67 117 172 47 24 38 184 106 282 77 34 125 37
122 20 1650 48 104 30 149 133 38 137 225 125 26 147 123 125 18 83 222 130 208 125 174 131 158 29 200 40 34 107 203 135 292 95 11 86 105 134 79 123 178 100 246
123 20 1644 102 61 139 52 47 180 83 295 33 162 118 262 109 199 81 260 47 267 82 54 145 66 92 150 150 192 150 169 120 273 96 185 73 241 115 201 134 245 139 70
124 20 1552 21 31 86 250 82 186 68 126 116 268 106 98 109 7 87 69 109 22 80 252 134 62 110 213 137 107 115 263 16 168 141 171 82 252 134 57 104 238 104 24
125 20 1522 140 245 92 197 90 16 84 189 79 289 110 200 131 96 148 172 80 80 103 106 16 197 69 83 121 296 128 201 128 241 46 50 140 175 142 82 45 231 11 295
126 20 1690 116 34 65 254 132 20 110 143 38 217 116 2 119 239 108 196 104 125 99 164 97 206 124 8 87 173 148 260 124 75 106 297 78 158 79 164 149 199 114 95
127 20 1728 142 278 101 250 105 43 33 31 110 294 47 23 113 217 105 144 67 281 138 63 107 78 96 135 115 202 120 201 137 149 112 124 137 254 104 18 134 125 138 41
128 20 1444 144 254 64 153 128 51 140 69 65 30 126 102 23 203 70 261 132 34 62 64 138 194 89 162 10 283 31 42 69 252 133 172 57 242 70 56 119 145 135 136
129 20 1840 128 136 115 210 120 55 147 35 136 22 137 201 123 288 140 163 123 32 146 60 98 98 133 239 144 160 146 75 60 60 50 81 127 104 5 39 100 228 123 71
130 20 1458 79 109 134 159 110 249 116 129 34 104 118 109 35 107 120 169 86 3 146 297 115 145 139 221 136 104 32 293 57 114 110 201 19 147 59 114 99 259 79 6
131 20 1554 15 26 114 282 124 249 114 50 71 298 17 50 114 254 147 287 108 238 91 201 114 60 137 238 24 208 98 197 89 199 139 6 95 63 134 180 120 25 78 36
132 20 1393 4 55 46 7 103 10 139 31 59 175 125 244 139 124 64 206 68 300 63 3 135 262 130 291 43 178 39 50 115 145 79 53 87 71 65 11 97 248 142 222
133 20 1300 73 123 101 137 57 171 22 50 88 151 47 174 90 244 106 172 28 237 34 14 41 34 150 30 64 75 139 219 44 44 100 128 65 195 116 24 137 178 123 143
134 20 1392 129 270 73 152 145 210 142 94 67 226 120 81 43 265 62 18 141 7 33 208 73 115 137 215 113 63 64 290 108 198 26 222 31 47 72 207 36 252 125 178
135 20 1460 130 135 82 161 31 144 40 184 73 234 54 298 103 172 141 107 62 134 84 166 112 203 47 97 95 35 145 186 22 48 141 60 145 2 47 1 148 244 124 133
136 20 1628 90 116 26 81 117 220 132 143 50 78 102 271 83 56 67 138 142 255 128 23 110 183 131 128 138 281 144 72 124 275 51 237 115 177 136 230 59 56 90 60
137 20 1513 85 111 88 135 41 290 81 239 121 204 143 193 50 153 122 191 115 84 72 48 91 296 101 43 111 11 58 192 120 143 114 102 103 169 130 147 14 93 132 11
138 20 1324 103 30 25 292 58 59 18 40 47 152 51 149 89 22 133 178 142 114 150 160 77 218 65 186 90 288 149 68 69 186 62 21 39 234 108 211 60 104 120 184
139 20 1530 131 6 84 27 92 260 105 43 83 279 76 125 53 27 19 145 150 44 142 174 119 170 109 251 81 258 105 200 70 33 54 294 127 279 117 130 67 130 129 99
140 20 1509 84 164 97 229 78 92 35 283 144 63 89 186 144 83 129 203 30 180 110 41 146 197 32 89 46 280 149 155 106 193 139 221 141 287 49 42 117 190 22 98
141 20 1707 149 90 96 106 135 138 132 195 150 296 86 95 119 142 115 207 112 210 144 184 75 256 126 37 142 76 23 32 82 73 73 300 111 67 52 102 148 13 64 111
142 20 1385 78 253 127 299 29 68 139 178 120 141 43 154 54 75 64 295 79 176 50 93 119 194 62 6 108 159 85 74 50 86 77 293 102 286 93 1 144 146 109 139
143 20 1649 149 40 39 86 71 90 90 140 147 92 141 26 112 220 50 156 88 92 90 216 135 18 28 13 129 265 134 159 110 22 141 201 126 144 99 168 90 289 93 176
144 20 1320 54 161 113 211 35 40 100 93 51 288 100 261 80 200 72 92 34 212 106 27 100 218 72 69 77 222 109 212 25 20 70 99 89 72 143 269 120 250 101 64
145 20 1543 114 28 60 42 137 277 123 165 148 10 37 47 77 5 68 23 132 165 123 51 142 73 47 286 77 298 72 3 98 168 126 195 86 287 126 109 41 122 95 221
146 20 1546 66 178 61 10 127 237 70 172 144 176 139 233 101 168 123 22 65 250 120 136 105 135 134 134 108 40 50 134 91 140 139 233 32 61 149 30 73 172 36 246
147 20 1368 94 161 121 212 134 240 51 85 65 160 113 214 48 97 96 243 39 233 61 283 28 112 135 243 131 135 40 158 138 38 119 91 37 291 64 282 50 130 147 296
148 20 1275 36 208 71 293 58 82 83 254 120 275 75 122 46 294 58 271 63 100 98 105 20 232 63 176 145 176 85 276 126 188 43 42 63 288 133 209 105 85 103 185
149 20 1516 21 51 78 61 30 73 93 255 52 161 125 99 125 137 131 117 105 10 114 19 137 205 68 106 53 145 117 263 126 189 111 98 138 205 114 88 88 247 70 125
150 20 1621 28 52 52 151 141 123 109 138 140 72 45 159 132 228 150 72 43 16 123 45 127 299 137 283 10 94 116 11 120 160 124 97 111 74 118 84 115 151 86 25
151 20 1597 119 5 123 85 124 4 108 180 150 13 150 80 39 94 66 167 131 140 80 19 97 248 145 85 131 276 91 185 40 299 127 24 9 51 140 133 47 153 80 33
152 20 1556 142 114 105 163 134 3 130 46 107 125 133 293 71 68 93 294 120 124 143 73 10 226 66 67 135 181 96 105 88 245 107 112 43 46 18 288 110 222 94 120
153 20 1594 21 145 62 284 81 31 65 283 72 137 125 136 118 171 91 176 142 12 78 79 146 102 148 200 137 247 131 174 147 278 39 214 54 128 100 296 88 43 148 276
154 20 1298 24 212 65 40 35 147 132 256 21 165 108 297 98 250 127 84 101 293 23 287 94 171 106 299 42 163 90 297 140 92 138 160 116 240 70 57 32 285 61 246
155 20 1558 107 146 54 71 120 84 115 250 88 166 45 258 119 51 103 47 61 162 115 218 92 265 83 214 103 51 133 189 94 51 55 92 115 28 147 212 95 37 104 9
156 20 1580 131 84 77 167 52 275 62 227 81 189 130 262 144 144 131 160 142 276 108 288 71 254 105 202 94 298 45 257 78 14 117 292 115 35 110 246 139 297 43 104
157 20 1489 147 254 53 204 98 292 150 218 116 294 46 130 135 194 113 105 25 131 98 100 35 72 146 90 96 201 39 206 117 190 94 193 80 231 119 221 86 163 69 201
158 20 1508 131 217 137 7 136 66 140 173 137 44 46 40 142 55 116 28 139 289 106 167 56 1 53 54 29 35 95 47 26 85 51 148 107 72 53 212 71 60 115 257
159 20 1676 118 62 147 209 74 149 119 176 135 249 109 245 132 268 145 209 106 2 78 69 139 156 70 113 63 125 90 103 96 209 39 4 150 298 71 262 80 237 134 50
160 20 1416 131 143 148 89 63 221 149 35 83 243 114 9 89 148 96 152 54 184 20 151 109 80 146 258 63 150 59 143 134 114 39 145 104 275 125 146 26 70 19 248
161 20 1536 93 99 129 71 91 149 48 165 112 68 31 239 63 287 102 246 147 277 149 110 119 151 51 43 70 145 114 41 99 170 137 138 41 171 135 238 74 105 115 91
162 20 1676 113 86 41 162 127 155 107 35 100 93 41 118 124 82 141 295 75 195 149 9 77 89 82 175 142 188 102 5 147 58 111 218 131 286 119 18 29 223 138 214
163 20 1530 105 54 67 249 122 102 110 249 120 99 110 22 74 232 56 282 65 84 72 48 88 179 135 288 112 67 135 79 90 121 95 158 125 243 57 161 149 30 26 237
164 20 1568 64 169 65 138 59 59 103 163 142 237 149 142 24 200 116 92 97 289 145 89 150 81 68 248 114 215 113 244 23 16 118 144 81 157 121 109 78 119 131 191
165 20 1442 84 247 128 224 81 9 116 226 92 174 145 236 135 29 114 123 56 16 128 281 87 77 8 36 66 217 116 176 79 24 99 38 63 184 74 78 82 283 50 295
166 20 1540 99 6 140 252 81 111 107 235 70 5 39 183 96 249 102 133 16 111 128 40 50 125 115 23 113 11 148 224 128 156 25 257 107 195 85 48 128 194 149 68
167 20 1506 68 152 139 234 66 161 149 59 25 177 147 198 144 79 129 167 96 102 109 276 121 69 124 140 128 22 34 154 59 149 66 63 51 221 45 251 73 80 110 101
168 20 1624 121 101 57 66 123 120 146 234 73 245 120 166 88 51 130 202 134 108 132 300 131 93 43 91 102 19 96 243 33 222 82 237 150 182 80 189 100 94 90 66
169 20 1223 58 298 149 91 67 136 113 193 65 162 70 216 69 168 45 161 17 168 83 167 92 27 121 290 68 141 95 9 93 134 46 171 32 254 99 146 60 159 87 75
170 20 1362 30 242 58 259 122 101 36 150 143 269 124 77 36 61 96 21 54 138 140 185 86 254 67 4 127 121 22 46 138 299 75 113 68 10 117 32 103 282 61 175
171 20 1347 129 63 50 15 69 276 101 123 149 57 111 223 86 100 72 161 55 178 145 165 47 214 73 91 142 147 30 135 47 93 81 84 84 5 119 299 28 243 66 141
172 20 1517 40 183 102 284 146 274 78 61 139 1 48 51 147 60 86 79 75 231 123 163 94 262 73 121 130 285 114 210 126 166 147 238 101 62 40 297 57 171 31 11
173 20 1452 124 252 78 147 80 140 95 20 45 253 138 164 105 268 138 234 39 155 122 164 42 195 29 167 125 234 16 268 113 197 107 41 101 123 94 245 143 4 82 286
174 20 1468 51 169 137 110 77 117 79 287 77 156 92 276 144 256 147 276 150 70 81 247 86 87 24 83 87 112 58 118 96 203 143 267 118 54 80 240 39 298 69 254
175 20 1351 68 26 43 246 87 154 120 87 29 57 35 167 70 137 125 202 114 123 78 277 140 136 102 55 96 14 124 293 56 238 120 22 54 23 76 24 83 281 69 215
176 20 1293 132 293 87 97 6 215 24 123 79 254 53 245 123 56 51 213 80 181 80 128 43 20 93 55 122 186 11 148 114 255 92 90 70 202 101 163 135 293 121 261
177 20 1479 134 128 106 29 105 69 40 211 117 18 147 178 28 143 40 171 107 170 56 31 85 203 121 194 102 107 89 184 78 140 79 48 75 194 64 202 132 282 144 64
178 20 1548 145 104 134 172 144 204 16 275 51 196 67 25 144 50 100 152 126 130 68 175 107 102 68 145 130 216 113 289 57 172 77 89 57 9 101 258 141 210 89 251
179 20 1480 132 283 47 106 87 46 148 43 57 90 104 220 47 260 133 189 59 253 131 228 110 96 148 242 34 296 135 205 54 139 55 261 103 220 51 39 108 300 107 206
180 20 1788 50 52 145 180 72 29 148 131 95 245 146 279 137 110 108 100 48 44 136 218 86 239 100 267 81 251 135 85 150 44 96 43 148 227 146 234 62 103 146 58
181 20 1546 120 172 42 280 67 205 129 263 80 218 72 150 122 291 113 91 64 64 134 246 145 121 82 41 98 160 109 207 119 66 56 207 91 4 107 208 39 58 144 92
182 20 1636 140 58 137 174 112 257 65 250 86 8 69 196 131 279 75 177 75 99 73 211 123 262 119 9 147 136 26 123 115 21 149 203 113 248 50 64 108 258 132 97
183 20 1364 89 76 28 43 122 77 58 269 49 234 100 111 129 38 129 98 75 108 56 101 91 8 148 221 99 175 58 144 129 270 103 156 17 265 82 211 66 15 78 266
184 20 1750 119 168 111 43 13 133 96 179 73 27 96 166 148 171 147 80 101 229 113 23 138 271 149 278 67 140 125 23 67 208 121 22 144 177 73 24 139 36 148 72
185 20 1560 107 206 111 276 117 242 118 213 106 30 18 296 133 42 59 261 136 182 104 272 146 172 86 256 119 182 85 46 31 80 103 202 74 225 131 238 108 286 58 214
186 20 1629 35 139 137 158 106 34 132 277 108 251 107 294 129 292 136 241 143 151 123 28 51 210 139 258 131 142 97 16 106 178 45 277 52 220 52 151 110 79 98 60
187 20 1516 125 162 45 214 81 166 100 203 70 264 143 59 38 292 78 291 143 235 49 87 146 133 29 115 72 41 134 196 97 161 127 17 143 116 127 147 65 15 84 192
188 20 1541 121 140 87 141 48 198 40 94 100 213 43 3 117 68 138 11 45 17 20 7 123 37 106 206 136 271 83 106 69 203 150 253 140 295 71 237 145 118 145 124
189 20 1448 114 53 108 139 42 127 125 114 100 107 141 282 132 240 30 93 5 56 41 295 25 209 87 19 63 146 138 282 89 15 57 248 129 210 126 295 139 159 119 180
190 20 1580 32 6 93 257 66 219 128 45 83 23 115 226 70 293 122 27 144 148 85 194 36 4 125 73 135 88 72 260 102 220 125 117 141 66 92 211 148 49 62 135
191 20 1580 105 225 48 152 145 261 141 173 86 203 80 213 42 22 144 208 70 29 125 190 81 105 137 207 146 64 113 79 65 118 107 177 94 78 82 120 36 52 129 13
192 20 1707 92 231 88 54 141 90 141 68 101 160 100 111 20 7 59 224 94 249 65 131 82 292 136 79 55 273 143 130 138 158 145 214 135 1 147 2 115 47 137 172
193 20 1511 75 181 118 49 37 218 72 277 103 118 133 146 92 281 137 185 24 177 86 270 90 160 144 136 123 252 89 160 138 109 144 277 52 28 62 187 94 137 76 98
194 20 1453 63 84 39 89 86 9 93 118 103 181 52 4 95 241 142 128 21 66 104 71 68 57 139 196 132 41 124 280 56 119 97 83 23 141 108 83 137 75 135 149
195 20 1493 76 52 58 177 120 235 10 52 69 117 147 276 121 59 139 97 113 54 137 238 138 75 99 206 13 58 48 228 145 116 51 227 118 143 144 78 107 2 14 83
196 20 1497 44 270 116 86 80 70 86 68 130 2 130 37 145 143 106 114 77 125 120 201 25 106 21 191 100 91 83 36 87 222 125 34 143 13 47 27 111 91 96 192
197 20 1637 51 189 105 119 107 136 101 6 150 231 139 74 104 79 150 143 97 146 95 46 150 45 61 67 123 260 42 13 84 12 92 198 96 15 107 116 80 205 113 7
198 20 1724 142 159 96 269 36 80 129 31 148 105 147 115 99 259 98 37 138 72 79 26 92 6 72 269 97 110 98 274 120 8 148 197 124 14 85 186 147 64 60 157
199 20 1296 47 63 102 285 34 7 91 110 130 297 123 81 113 261 144 126 139 176 79 202 52 268 11 160 77 219 53 72 29 293 46 121 100 263 53 153 86 243 112 168
200 20 1499 52 231 28 183 99 175 112 105 66 8 124 207 62 234 94 41 136 232 109 52 76 281 20 9 96 52 133 229 115 22 129 195 133 38 85 267 101 279 104 299
201 20 1416 92 107 101 166 38 44 83 55 92 195 107 3 147 107 111 232 140 236 38 214 82 157 146 189 43 187 18 25 87 216 60 88 100 222 63 106 142 56 80 128
202 20 1296 101 280 147 189 15 237 29 21 110 63 97 97 110 13 91 253 35 11 119 187 45 128 97 5 68 207 70 245 19 1 90 104 82 230 97 289 118 113 81 116
203 20 1637 53 285 118 79 142 245 23 198 145 14 133 143 124 108 98 169 81 147 127 190 81 5 127 115 121 49 110 263 49 300 100 128 56 27 142 29 103 26 114 298
204 20 1274 72 153 18 120 122 54 56 185 110 46 118 224 28 9 52 219 135 132 30 158 82 293 37 115 145 10 79 68 57 275 83 67 39 208 99 55 123 254 108 224
205 20 1605 73 229 130 279 26 195 60 234 141 136 50 240 53 101 106 209 97 108 103 8 138 55 148 244 44 292 142 290 97 37 135 292 106 135 129 236 99 63 130 31
206 20 1535 135 122 120 117 48 20 95 293 104 219 136 138 65 209 90 252 85 83 96 203 92 298 62 44 42 126 115 273 120 28 96 28 60 235 99 50 113 88 146 54
207 20 1536 62 226 126 106 142 158 22 71 105 175 88 60 103 227 41 282 80 204 95 275 112 80 112 78 97 241 132 37 57 254 110 23 144 24 35 185 120 276 137 35
208 20 1646 95 257 109 280 70 123 74 127 94 21 112 62 66 258 125 282 118 136 117 72 103 72 122 271 83 293 60 113 83 237 75 223 130 145 145 46 140 99 137 132
209 20 1641 129 116 101 175 122 103 129 58 64 82 72 247 142 50 30 243 148 296 119 47 116 21 66 300 56 11 137 245 22 101 148 187 103 82 137 183 132 261 79 57
210 20 1557 90 261 58 37 20 39 144 268 124 196 104 188 119 31 88 268 83 238 57 5 118 249 58 44 13 197 136 296 144 97 80 80 115 289 124 35 139 38 133 38
211 20 1449 78 21 103 98 63 235 60 216 104 251 136 38 134 149 61 239 102 40 144 89 146 155 109 35 99 37 142 230 17 227 42 175 44 116 58 29 57 288 113 179
212 20 1584 110 149 141 87 120 23 83 126 150 268 31 246 141 118 78 113 81 236 42 249 70 64 140 12 93 176 118 59 145 239 39 229 24 81 145 123 132 31 97 277
213 20 1752 129 146 150 161 119 226 71 28 131 195 117 167 74 262 141 213 111 48 113 274 125 158 148 300 64 72 87 245 43 14 41 252 135 211 136 291 138 178 117 240
214 20 1456 106 113 133 45 148 27 57 116 39 36 127 255 100 261 45 233 99 258 24 161 136 234 20 270 35 63 149 173 150 234 122 112 92 149 98 107 130 231 11 156
215 20 1675 108 236 109 279 148 202 24 192 93 294 139 275 132 194 37 31 140 92 91 136 86 281 146 188 56 50 43 138 139 114 133 231 55 8 141 233 127 63 147 3
216 20 1706 150 146 146 95 121 82 138 59 43 129 142 238 72 147 54 124 141 146 119 17 141 196 63 244 121 124 116 83 117 5 85 192 104 121 69 252 79 293 112 13
217 20 1557 116 160 85 81 144 110 139 295 80 137 98 22 123 85 54 236 93 176 101 179 65 248 70 25 116 30 59 129 114 238 149 29 70 170 34 108 104 11 133 84
218 20 1574 29 251 113 193 45 236 98 8 146 252 39 67 72 247 111 56 100 84 137 244 147 41 83 25 136 96 120 234 61 132 100 256 116 2 51 72 122 271 142 174
219 20 1651 122 245 118 161 128 190 148 20 99 255 104 49 126 229 139 272 39 114 96 225 102 68 139 225 96 147 81 41 14 168 79 141 147 117 121 278 122 231 44 28
220 20 1659 50 65 126 245 104 104 140 118 117 188 146 126 127 76 123 55 110 46 125 265 119 70 65 209 118 47 133 291 76 171 55 91 105 255 80 50 56 175 99 271
221 20 1324 53 92 52 152 84 105 79 29 41 91 122 207 96 181 66 37 110 231 128 294 70 246 128 230 132 262 109 254 88 28 100 10 15 268 73 182 36 21 74 64
222 20 1594 72 77 30 72 140 77 36 270 148 32 53 141 52 290 138 187 47 87 63 240 141 177 110 22 138 102 149 238 117 284 119 205 133 180 114 269 61 166 132 236
223 20 1269 10 78 122 250 59 291 59 216 95 256 23 192 135 263 81 1 32 233 62 289 69 238 33 52 145 46 115 29 91 56 99 279 137 284 57 215 78 100 85 96
224 20 1505 69 42 114 48 49 254 48 196 120 63 134 26 138 30 92 255 115 139 87 209 77 203 67 188 143 235 45 35 120 262 128 224 69 91 104 124 107 92 56 236
225 20 1565 60 126 102 96 143 42 36 180 64 162 23 39 141 161 96 82 150 131 84 126 140 120 104 255 36 254 97 46 131 208 6 291 131 122 138 134 135 14 140 201
226 20 1472 35 262 128 265 82 172 150 143 55 145 144 269 92 123 146 246 104 130 115 3 18 201 64 76 88 292 105 220 146 220 108 232 13 72 137 127 31 240 79 17
227 20 1312 37 231 40 221 29 72 150 220 89 118 38 289 121 197 115 158 43 272 28 191 68 238 114 288 122 277 128 64 75 10 148 162 36 178 134 238 44 19 81 295
228 20 1602 64 232 84 117 74 235 144 296 131 127 46 168 115 217 95 245 90 120 94 155 89 71 141 274 147 200 79 113 111 115 115 146 56 167 84 270 115 210 129 272
229 20 1742 107 258 150 228 83 62 75 212 120 89 27 235 129 221 101 185 70 56 149 190 81 88 79 172 128 200 104 8 106 124 136 30 119 88 138 90 131 253 145 136
230 20 1470 147 16 121 260 143 263 49 42 114 223 118 21 87 268 59 206 125 192 84 122 37 5 106 166 102 220 26 216 115 63 149 29 104 172 16 260 84 57 52 68
231 20 1516 144 1 127 198 43 183 106 119 120 237 109 66 144 137 62 74 70 91 19 211 30 262 69 52 97 88 123 187 135 120 79 149 126 204 42 243 135 157 116 161
232 20 1578 119 33 52 245 140 270 88 91 128 250 100 225 124 164 48 283 102 121 107 79 107 231 119 143 33 119 138 173 60 242 118 269 94 95 145 287 33 276 118 82
233 20 1535 74 296 94 140 144 269 75 259 117 20 122 14 132 246 144 69 119 82 50 157 105 72 69 235 122 30 118 281 41 187 71 83 128 233 101 29 22 194 71 268
234 20 1266 128 32 66 15 77 143 120 168 29 23 17 181 54 10 79 196 58 112 58 241 132 31 125 94 82 222 98 137 26 14 31 255 59 291 143 183 142 102 59 290
235 20 1401 38 88 117 213 121 229 107 171 81 231 84 221 52 132 59 169 85 158 98 32 143 219 71 270 138 33 79 190 114 256 45 249 26 217 112 273 97 154 85 70
236 20 1616 113 81 133 106 138 254 114 271 109 293 142 114 38 85 80 48 85 25 121 96 107 124 106 251 27 6 139 43 93 32 92 216 65 85 150 283 102 196 66 137
237 20 1536 127 296 95 131 45 289 143 175 146 189 80 161 122 179 148 187 15 262 81 40 109 28 129 160 58 263 68 68 30 81 146 275 70 141 136 153 46 205 127 19
238 20 1400 137 125 147 35 110 84 67 92 142 236 141 67 99 281 27 32 105 96 15 27 115 73 100 162 128 97 60 197 28 125 83 203 27 13 69 84 69 166 82 170
239 20 1554 68 217 150 196 145 253 126 19 28 188 121 239 129 209 119 161 94 121 42 183 52 91 147 241 145 193 105 84 109 6 82 37 73 59 89 160 4 220 115 39
240 20 1540 73 174 76 164 115 28 73 20 139 112 92 17 80 258 111 191 54 280 40 7 139 75 126 207 118 251 146 283 57 274 116 253 85 105 101 288 61 210 123 296
241 20 1832 148 79 147 139 118 57 109 18 150 271 62 171 146 48 83 115 117 143 136 229 145 110 135 29 133 214 17 67 112 199 54 194 120 2 116 211 131 46 112 293
242 20 1405 137 225 136 169 67 95 61 15 18 10 8 3 116 202 28 112 137 82 76 169 87 109 117 143 112 243 117 28 43 282 123 84 118 74 79 13 33 243 144 94
243 20 1635 136 69 142 188 132 181 149 118 100 164 140 212 117 161 43 105 85 121 105 282 105 16 19 35 84 239 74 136 138 90 53 14 54 145 106 26 150 172 112 266
244 20 1627 134 76 124 207 53 190 141 259 41 88 58 18 118 170 62 48 145 212 53 138 102 90 115 236 142 193 65 62 103 180 135 275 101 222 98 188 145 114 99 227
245 20 1384 116 267 148 263 86 174 97 155 50 13 70 290 119 179 128 154 148 121 85 106 27 105 63 213 137 130 107 220 90 296 66 29 56 175 43 78 76 203 18 161
246 20 1405 135 131 14 152 128 129 20 252 119 145 100 219 64 90 99 262 114 280 63 114 66 56 92 30 94 237 23 294 94 90 123 28 90 19 86 144 87 153 146 273
247 20 1641 138 108 134 298 65 67 107 242 132 289 110 94 73 205 48 211 117 231 101 228 46 70 122 219 129 235 64 234 129 220 45 17 145 221 102 61 150 15 95 158
248 20 1494 62 223 10 207 109 15 135 216 127 216 60 110 86 209 137 223 68 134 114 163 143 113 51 30 92 46 72 231 103 117 123 152 138 40 116 25 59 123 63 131
249 20 1510 106 39 124 1 121 41 139 159 62 280 89 74 104 183 80 192 69 151 70 169 37 174 30 35 131 190 149 250 135 6 91 53 73 114 33 143 140 53 105 135
250 20 1464 28 216 121 246 99 244 150 102 110 169 23 276 115 111 127 286 77 116 68 11 45 296 149 297 42 187 139 191 142 27 57 38 64 36 101 300 87 274 87 179
251 20 1506 135 130 91 9 100 57 109 218 89 65 143 17 148 52 10 289 77 137 109 29 101 143 58 245 49 95 125 57 134 81 39 251 83 187 47 94 101 106 135 6
252 20 1244 71 35 6 255 59 2 52 195 87 263 79 122 114 24 99 198 99 2 106 7 32 186 53 21 34 27 21 13 35 21 115 120 92 129 119 192 141 268 141 281
253 20 1569 102 229 122 120 23 187 124 281 78 232 80 43 141 286 137 75 77 224 128 170 23 23 150 249 124 206 105 66 33 206 127 195 83 234 138 126 71 292 96 84
254 20 1648 113 137 106 69 143 105 134 183 104 192 138 285 57 109 139 236 127 280 94 286 113 284 150 180 64 175 74 12 101 111 63 60 147 56 57 77 42 254 94 19
255 20 1488 32 38 134 8 84 295 68 202 44 278 146 89 50 259 76 225 113 139 77 53 147 229 91 167 114 200 25 139 138 122 88 139 148 43 109 281 83 55 94 290
256 20 1410 144 10 25 118 147 75 106 20 28 204 146 148 86 29 63 88 150 154 100 119 15 277 99 33 45 20 105 296 106 75 72 6 95 10 118 12 78 213 35 118
257 20 1518 109 151 107 226 49 49 86 256 47 148 127 187 113 44 116 211 48 33 127 57 106 20 123 10 115 221 100 3 86 99 35 34 16 291 135 132 121 19 132 231
258 20 1603 114 241 147 56 148 30 78 138 52 137 136 245 147 151 144 161 21 203 25 185 93 163 19 182 119 23 73 42 72 249 95 101 129 8 138 263 126 175 128 161
259 20 1284 74 262 33 259 83 278 122 130 71 164 129 270 97 273 75 95 112 270 129 118 47 8 73 248 113 93 76 189 88 135 58 299 60 51 6 216 101 217 59 179
260 20 1621 45 41 141 174 148 298 132 18 10 191 110 227 147 32 115 242 41 142 39 138 47 55 140 201 126 83 123 90 118 7 141 187 99 50 142 139 134 69 29 139
261 20 1628 45 63 131 249 131 89 8 222 110 116 136 28 140 93 83 53 41 104 105 139 57 268 77 140 129 140 103 224 74 137 124 6 146 42 140 13 146 220 110 6
262 20 1481 118 78 88 45 56 225 148 103 82 179 72 278 36 249 32 69 100 297 149 155 103 58 89 139 14 104 147 20 46 258 133 151 93 13 135 59 87 31 124 153
263 20 1368 51 283 85 45 94 267 136 29 34 170 128 247 119 119 19 208 10 155 94 294 97 98 117 63 84 219 115 91 15 226 142 249 79 43 140 110 87 60 64 156
264 20 1538 121 195 139 294 100 138 127 20 66 250 8 251 123 293 130 293 44 16 133 293 22 274 111 13 148 204 41 208 29 33 119 96 46 240 143 152 140 195 133 273
265 20 1436 139 46 126 176 145 125 44 34 71 19 78 108 52 168 55 192 50 87 61 42 98 117 110 88 111 249 67 150 102 105 93 286 109 94 148 243 105 244 32 209
266 20 1592 108 75 97 227 18 194 31 12 72 247 142 281 117 170 118 248 63 179 94 20 127 128 96 280 80 189 80 230 128 273 146 219 116 298 104 138 141 260 112 290
267 20 1640 140 223 149 291 128 30 17 154 21 1 108 106 136 2 144 37 127 212 144 29 99 256 103 134 127 253 94 150 149 229 131 91 32 173 67 152 74 20 60 237
268 20 1428 91 143 67 184 29 13 101 61 41 77 72 76 66 105 62 179 84 127 34 139 146 188 111 4 132 32 126 168 137 268 111 209 75 118 63 212 135 104 103 155
269 20 1713 59 143 147 293 112 294 130 257 100 59 141 212 140 180 86 110 89 49 9 147 114 249 37 214 140 264 145 81 123 94 115 145 81 161 140 15 90 71 144 132
270 20 1417 59 88 134 96 15 226 140 251 138 199 137 258 71 165 75 271 73 69 51 42 101 161 56 76 46 115 43 26 98 33 75 102 126 35 82 108 124 199 128 139
271 20 1460 124 96 115 260 37 156 119 161 62 295 117 187 33 43 118 229 55 203 82 208 137 287 122 113 96 148 10 196 124 8 30 92 99 68 106 17 149 211 90 49
272 20 1244 39 231 43 85 64 254 71 278 7 152 55 220 40 6 85 190 93 96 51 219 128 255 150 133 118 268 44 94 96 79 53 275 127 138 98 106 53 6 141 10
273 20 1635 90 159 55 125 134 63 110 179 146 12 134 138 134 5 95 26 121 287 25 273 86 73 87 135 125 173 76 115 108 127 137 96 146 225 48 48 69 170 118 173
274 20 1506 101 296 99 102 146 90 74 74 74 223 59 95 114 200 100 52 74 118 115 212 148 273 101 63 91 189 99 282 93 168 72 158 16 258 32 219 127 145 148 293
275 20 1408 3 245 56 187 89 171 85 253 138 92 61 7 114 119 87 202 41 70 53 172 98 118 125 120 123 163 70 239 94 157 128 172 26 79 92 167 129 291 148 248
276 20 1719 22 50 86 187 123 62 113 250 84 57 136 95 138 239 136 82 107 286 43 257 51 58 126 178 115 217 100 166 139 214 150 271 116 165 132 260 85 76 147 129
277 20 1672 121 62 51 105 96 30 81 145 103 13 137 96 59 267 80 167 147 287 138 205 125 56 130 47 148 264 73 245 123 191 31 146 139 214 146 39 80 184 82 167
278 20 1514 141 58 131 88 5 194 136 255 93 136 57 41 39 72 95 181 135 106 114 87 132 92 57 71 95 67 103 275 68 103 72 50 125 106 91 164 115 13 89 205
279 20 1368 128 126 114 180 108 283 122 247 62 158 46 212 71 299 40 260 108 51 112 26 36 146 66 229 83 4 144 162 69 38 144 114 36 218 77 201 34 134 111 20
280 20 1112 91 72 132 267 9 266 50 140 26 166 85 193 47 131 109 36 23 178 68 239 142 203 46 168 20 84 40 259 93 135 113 222 63 211 59 164 131 229 44 44
281 20 1477 104 132 112 114 99 2 37 98 39 95 23 262 48 192 99 121 77 238 110 293 99 64 66 228 115 197 133 202 83 168 142 87 88 237 118 205 113 280 142 274
282 20 1486 69 118 86 82 84 187 120 188 112 157 18 214 78 115 37 151 104 12 127 51 136 49 134 42 137 53 68 153 100 29 138 122 92 297 71 123 26 73 121 103
283 20 1531 123 80 116 232 135 183 63 273 128 187 135 92 131 64 30 136 80 190 126 84 145 53 77 173 58 62 40 90 117 60 50 230 136 45 80 9 59 21 85 273
284 20 1487 137 195 142 172 69 46 28 179 37 196 148 300 63 68 84 277 50 275 41 207 64 100 30 106 106 279 96 242 91 122 150 229 114 246 134 255 135 162 140 208
285 20 1648 115 15 108 249 72 63 99 87 95 92 138 94 100 245 83 109 112 87 139 8 131 6 117 53 68 255 22 163 135 152 61 93 74 271 150 80 147 5 94 121
286 20 1492 48 108 73 116 129 7 22 121 137 36 17 109 123 250 93 126 148 271 27 281 94 92 81 235 133 176 140 207 117 93 95 21 100 164 24 148 134 104 130 161
287 20 1470 10 106 81 282 113 14 121 168 41 26 16 154 76 150 105 152 149 207 136 43 101 26 118 231 118 170 85 239 110 149 84 104 124 57 103 43 29 266 118 264
288 20 1699 102 123 149 233 131 59 111 6 93 299 143 20 113 216 140 220 80 297 150 40 43 19 108 149 39 244 148 196 104 138 51 16 91 79 58 184 145 202 125 156
289 20 1432 118 167 148 23 32 280 33 214 31 96 129 131 79 264 53 167 128 245 39 129 131 5 61 170 112 243 104 222 127 98 100 3 125 29 21 83 143 255 77 119
290 20 1366 97 267 96 45 79 32 44 140 15 68 68 242 42 107 70 253 122 203 45 207 83 162 102 229 112 185 133 57 108 10 95 263 140 27 40 184 106 11 111 246
291 20 1444 50 159 127 17 133 151 104 21 133 161 19 196 68 212 88 52 61 89 44 90 118 66 75 93 132 21 143 114 126 207 111 102 27 125 31 154 144 175 72 277
292 20 1444 44 21 110 195 109 96 27 200 68 170 77 74 109 41 55 39 135 92 102 234 99 233 74 136 66 67 78 34 84 248 91 36 97 164 135 258 126 92 119 213
293 20 1152 25 283 108 128 82 7 81 297 51 126 16 178 93 98 8 109 107 163 59 279 112 264 132 104 18 189 40 200 140 23 83 212 139 218 105 196 25 285 16 286
294 20 1492 89 297 122 197 143 90 107 199 89 283 111 104 69 37 101 268 83 58 33 171 131 287 31 157 127 105 34 70 93 296 118 13 62 155 123 91 68 174 131 68
295 20 1516 127 200 130 181 149 283 93 185 42 50 61 129 115 182 99 50 22 18 107 193 88 228 127 138 85 245 66 174 48 162 118 159 127 260 118 43 33 279 141 264
296 20 1584 99 156 47 205 116 24 140 79 139 96 74 283 33 293 111 10 105 92 120 81 91 256 122 129 99 190 120 269 145 287 121 236 150 66 19 271 80 117 50 84
297 20 1510 142 122 56 147 94 75 103 15 142 41 129 192 63 177 122 295 40 293 102 164 64 227 109 298 39 183 78 152 106 54 45 57 122 150 106 19 123 112 103 41
298 20 1500 50 250 131 150 106 150 101 42 138 98 149 33 57 90 65 284 40 30 117 115 72 295 10 16 84 12 109 197 127 296 129 281 130 77 55 114 124 70 81 257
299 20 1439 48 175 81 117 27 198 148 62 125 275 8 272 138 255 90 43 88 72 133 258 60 108 111 175 30 65 70 21 96 194 128 35 55 82 142 222 140 264 81 227
300 20 1350 144 245 81 115 11 38 77 269 125 254 94 204 53 56 88 255 133 29 109 255 102 31 49 147 85 74 128 296 88 247 76 262 28 114 62 91 131 116 24 117
