1 20 939 129 52 25 78 63 181 114 171 22 81 66 27 69 198 59 121 69 240 45 89 47 197 10 100 131 256 50 172 68 57 26 106 39 264 71 59 49 90 22 283
2 20 784 7 64 121 286 53 213 45 26 6 182 39 235 38 92 39 42 34 261 42 100 103 231 65 205 28 31 8 15 118 193 92 280 75 279 12 132 50 283 6 61
3 20 940 30 233 41 252 78 233 35 266 55 166 89 189 18 239 60 30 79 272 35 19 111 192 82 239 49 267 54 276 102 198 52 103 4 193 23 93 80 129 99 255
4 20 760 45 156 19 127 81 131 9 233 89 283 13 50 44 85 27 190 97 21 30 168 101 160 56 89 71 295 32 37 33 147 27 141 24 297 44 244 58 77 50 94
5 20 776 93 36 20 150 30 216 2 172 60 71 19 282 57 150 114 99 14 78 2 95 136 284 125 85 23 87 28 18 4 118 61 83 1 2 32 270 94 63 56 289
6 20 720 52 100 103 295 22 62 11 147 67 20 6 36 35 46 19 116 80 67 41 43 5 265 83 266 80 287 36 50 7 69 6 46 88 132 61 63 86 231 12 190
7 20 775 31 270 32 123 46 270 42 45 31 226 31 260 11 275 103 214 10 252 61 60 21 258 106 234 32 60 52 235 12 119 106 237 89 287 4 227 129 129 20 273
8 20 724 5 184 21 259 64 40 20 139 17 61 83 186 72 82 12 36 35 10 42 158 65 293 66 273 7 187 11 23 62 39 38 86 130 261 28 221 46 79 82 155
9 20 812 15 159 14 69 29 71 94 152 86 232 75 6 19 20 113 252 5 126 20 285 59 37 81 162 78 18 50 50 1 71 61 196 13 265 95 291 61 25 47 203
10 20 723 55 97 97 233 47 213 5 36 2 111 53 3 73 270 139 186 20 147 36 123 42 90 17 41 71 214 4 233 57 190 11 223 72 149 4 148 61 30 38 238
11 20 859 22 118 71 278 26 205 68 280 106 290 91 61 1 115 25 99 70 87 130 162 20 73 2 92 5 251 54 26 28 273 26 237 83 111 36 134 92 240 118 283
12 20 765 20 77 82 161 37 118 82 120 3 137 64 54 33 278 25 255 49 126 107 149 32 98 55 270 85 25 8 16 13 222 78 284 52 275 16 252 93 252 23 137
13 20 880 64 67 40 259 71 274 45 104 78 23 68 157 60 90 2 280 78 153 54 221 30 167 63 108 122 210 58 298 22 34 37 10 62 167 99 174 36 115 12 175
14 20 902 117 121 13 235 70 74 63 8 54 56 14 54 37 14 4 29 74 294 91 27 25 236 113 60 37 212 29 187 123 77 5 298 1 95 19 168 117 46 122 205
15 20 889 73 106 48 216 23 143 73 59 37 285 41 16 87 77 2 218 81 239 44 63 49 56 71 192 54 176 105 240 44 98 4 50 13 44 119 84 50 285 94 137
16 20 612 84 60 9 66 45 40 95 32 40 182 52 147 77 225 11 170 60 91 1 49 88 3 7 47 6 147 29 21 10 189 38 70 87 254 6 13 7 190 14 164
17 20 989 96 18 72 91 107 36 45 111 20 13 77 47 19 208 96 282 92 276 74 150 51 146 40 59 89 265 98 280 13 166 78 16 29 122 68 64 18 46 55 150
18 20 707 3 242 42 77 53 76 88 168 91 5 29 191 48 31 94 168 48 61 69 129 34 111 21 15 27 115 42 142 39 135 39 105 15 283 35 10 16 228 51 61
19 20 840 89 141 4 230 128 215 70 277 10 7 31 43 1 231 19 48 96 13 21 129 60 2 23 279 143 128 18 57 23 121 95 82 27 196 100 97 31 74 62 112
20 20 698 112 120 16 7 55 149 15 111 44 234 27 98 100 30 5 248 51 20 15 224 27 81 21 19 6 2 15 154 39 14 85 192 64 16 58 174 67 253 51 48
21 20 1096 2 228 95 289 123 65 24 230 20 269 61 56 138 137 124 155 13 91 71 55 81 161 86 206 68 164 142 44 19 18 31 267 70 288 53 203 121 260 29 64
22 20 676 63 229 29 29 60 252 44 188 66 250 29 70 54 24 30 68 11 32 41 103 109 139 51 248 24 133 50 129 63 78 3 99 24 170 35 170 21 37 38 37
23 20 855 20 168 10 252 28 61 63 95 87 244 49 43 19 83 39 205 81 152 93 224 31 1 22 156 37 284 79 45 43 105 132 203 90 219 71 53 67 186 8 260
24 20 1136 65 110 100 127 22 209 47 15 31 45 43 101 18 292 58 32 106 154 3 116 120 296 137 20 103 196 101 187 124 133 19 154 50 152 75 145 97 109 101 299
25 20 795 26 223 77 276 29 254 36 113 44 176 43 66 32 171 23 257 94 276 96 163 4 53 54 272 10 150 130 67 82 103 132 96 1 215 50 267 16 31 15 299
26 20 961 97 104 79 271 22 65 86 247 120 146 6 65 39 246 80 74 55 195 90 216 55 97 87 161 109 27 3 234 4 207 35 214 79 247 22 119 40 196 94 172
27 20 894 9 70 132 108 30 134 1 72 44 6 134 288 126 157 23 299 4 259 36 78 28 53 67 80 53 35 66 281 109 268 56 232 92 208 53 166 40 44 15 205
28 20 983 81 287 61 163 34 142 118 143 64 101 132 46 62 31 104 151 85 47 132 123 86 235 51 83 15 108 41 246 9 193 18 114 62 203 30 292 13 50 31 138
29 20 800 56 225 35 20 1 230 49 53 37 283 2 43 98 251 58 141 1 270 79 99 42 213 33 70 5 89 111 288 78 82 79 273 78 188 28 186 19 133 111 191
30 20 1090 141 31 138 270 133 199 28 80 17 200 98 124 10 32 116 209 30 223 6 211 103 17 109 85 39 292 8 128 106 216 26 266 50 44 107 153 15 192 83 231
31 20 758 20 232 6 151 83 165 61 6 4 294 9 202 91 229 6 56 128 12 108 35 6 193 75 2 37 257 115 236 29 63 29 162 10 41 9 271 90 233 32 41
32 20 766 31 161 78 12 91 20 15 37 46 185 108 284 1 189 29 174 37 267 11 243 66 251 88 189 84 171 18 234 66 5 75 216 8 7 33 221 5 84 68 213
33 20 968 106 50 51 31 46 228 117 44 93 133 42 120 67 94 18 30 66 185 34 138 92 93 53 70 46 35 7 24 81 237 108 121 8 25 53 156 21 217 102 48
34 20 801 14 138 41 103 77 194 51 142 93 287 114 288 55 119 30 223 47 1 75 185 41 111 59 294 5 13 25 272 2 86 104 141 51 222 55 43 31 219 32 300
35 20 941 110 198 50 287 34 149 3 124 95 72 98 38 33 282 64 300 21 174 78 178 6 93 46 204 27 47 29 96 118 155 68 62 75 195 47 165 110 10 65 49
36 20 463 1 293 47 275 36 116 22 58 7 96 25 3 36 24 37 187 100 234 15 292 37 134 30 61 25 99 13 191 14 44 49 140 29 290 31 214 20 245 5 288
37 20 780 49 257 17 26 3 23 10 211 61 198 55 162 75 153 21 150 20 32 9 88 28 53 36 174 127 230 30 153 36 203 143 250 112 51 40 252 16 60 87 161
38 20 908 23 77 88 113 38 107 120 95 30 42 85 146 14 34 26 152 143 288 115 48 51 285 119 182 24 114 15 285 60 45 22 241 81 270 27 271 44 18 10 110
39 20 527 16 160 24 170 38 130 89 46 41 142 5 133 87 171 9 164 11 210 4 83 20 262 11 2 10 97 6 71 56 57 29 292 14 82 141 199 4 35 44 220
40 20 907 24 66 8 3 83 241 16 240 123 47 59 154 47 16 111 86 13 97 63 225 74 191 117 187 77 180 51 231 25 69 87 48 6 130 1 124 116 85 33 66
41 20 600 1 104 28 148 62 269 30 121 11 220 125 158 18 144 13 230 31 82 35 84 17 214 106 103 24 259 19 140 28 201 5 77 132 143 8 248 16 198 41 127
42 20 1128 29 190 59 13 107 274 23 185 94 119 58 150 9 80 46 300 82 278 123 149 99 242 83 194 36 294 49 251 116 45 94 119 78 167 139 34 16 251 71 262
43 20 840 15 54 27 262 6 92 103 279 10 15 18 220 55 81 127 151 106 250 52 111 16 59 29 25 125 119 14 110 67 275 67 184 33 206 24 134 136 83 20 136
44 20 631 73 86 87 123 35 39 15 20 22 168 75 187 13 195 31 109 17 294 8 16 39 33 9 87 10 77 27 23 38 165 44 161 6 110 55 171 85 230 100 40
45 20 727 28 280 55 161 137 89 37 207 98 143 22 255 23 158 112 35 28 54 87 26 30 123 13 90 33 167 4 80 26 205 58 113 1 138 67 127 15 181 35 24
46 20 904 57 130 125 241 60 267 119 128 60 51 19 229 73 284 47 21 99 108 65 218 10 193 15 258 115 245 7 224 25 11 79 175 11 140 1 252 137 220 6 230
47 20 862 59 184 87 242 92 139 54 104 28 207 49 210 69 102 45 79 3 139 79 120 48 119 64 39 5 189 109 54 23 79 107 277 39 283 3 197 102 25 13 94
48 20 854 12 5 79 106 42 25 101 52 68 90 35 143 7 205 17 236 33 250 41 81 95 172 19 162 24 254 59 134 99 71 97 215 89 154 52 10 14 170 85 53
49 20 920 3 76 114 224 24 157 5 98 82 121 2 264 28 131 4 44 142 51 18 160 35 94 80 246 143 206 92 139 63 275 47 193 147 95 35 264 30 285 56 240
50 20 854 70 294 53 152 91 238 24 241 64 84 100 146 33 25 11 175 7 36 36 290 76 200 56 186 31 220 9 78 77 8 25 16 98 120 91 197 43 137 73 211
51 20 837 72 61 3 178 8 204 113 197 13 59 4 186 86 262 21 12 72 35 4 205 22 61 96 220 125 71 62 164 58 166 51 97 94 48 12 217 54 59 77 214
52 20 700 45 123 71 155 117 289 88 267 52 291 12 250 14 181 7 276 7 212 26 41 2 97 102 288 20 72 72 228 80 14 64 119 22 204 15 179 13 132 47 196
53 20 796 8 286 122 49 51 153 90 121 1 201 129 15 35 296 117 144 21 39 39 32 139 276 3 89 62 34 56 86 1 181 17 126 17 139 6 243 69 281 13 290
54 20 924 17 80 89 152 110 196 37 258 77 223 79 135 77 6 51 296 73 120 9 184 31 95 77 103 11 205 45 92 26 145 8 272 27 298 134 209 143 117 35 188
55 20 938 47 179 25 291 147 193 72 174 41 72 16 162 15 35 64 256 90 50 95 69 44 282 69 22 68 80 9 61 128 208 4 253 5 189 25 293 120 88 89 99
56 20 727 43 82 36 118 2 160 42 271 10 153 64 280 52 170 17 160 94 226 44 160 47 288 134 43 32 136 16 188 36 119 43 232 35 82 54 239 57 98 51 56
57 20 944 71 177 121 111 48 52 9 247 2 37 125 89 15 21 58 159 39 265 109 230 23 298 58 101 72 48 5 100 8 114 93 219 128 212 77 111 48 294 72 277
58 20 916 71 39 53 91 57 11 57 26 38 1 38 160 20 44 97 54 92 107 11 276 5 244 31 42 30 148 121 173 25 158 41 236 140 17 37 112 75 158 107 119
59 20 831 95 248 10 262 7 125 18 137 97 184 43 56 48 135 92 268 85 70 13 6 34 131 5 13 16 49 25 177 86 299 79 243 92 111 73 8 55 233 66 126
60 20 818 76 273 24 71 68 40 61 33 83 199 130 295 19 110 62 211 40 189 20 211 7 239 50 121 69 220 76 138 33 300 131 192 25 162 7 293 9 190 33 292
61 20 844 13 168 47 49 123 211 27 232 24 150 35 183 86 283 104 146 12 297 71 220 67 93 117 277 64 56 99 202 18 188 12 49 58 188 9 293 25 138 44 161
62 20 817 77 89 85 240 65 98 46 49 61 243 10 2 52 296 65 142 4 221 64 180 76 42 16 114 70 246 54 236 48 52 12 58 11 184 80 94 1 160 125 19
63 20 779 28 15 65 129 48 11 63 175 36 36 3 19 111 178 76 229 9 261 33 137 60 126 7 35 88 172 64 21 52 208 73 195 9 186 34 75 93 61 22 44
64 20 795 50 28 97 283 4 53 119 242 17 174 41 246 85 127 17 62 37 150 55 138 83 269 52 230 65 285 19 161 73 72 29 232 14 63 73 226 11 268 53 24
65 20 1075 65 184 24 190 67 174 121 2 90 198 19 5 94 135 72 149 106 209 50 81 55 271 77 174 98 202 37 13 82 1 48 47 65 190 36 249 6 56 132 191
66 20 1122 69 52 29 190 115 289 82 189 126 241 118 135 17 163 99 144 25 116 30 84 133 134 69 300 65 275 95 25 51 261 74 279 36 10 23 167 2 103 145 18
67 20 790 77 193 119 155 75 181 5 209 32 292 26 5 117 245 50 256 10 54 9 148 4 147 21 173 4 222 8 112 117 52 61 269 28 290 67 147 131 225 27 158
68 20 552 2 83 1 271 72 260 9 195 33 270 131 159 19 191 16 105 5 153 72 217 15 11 4 92 12 213 16 182 89 9 27 169 75 199 16 144 16 122 61 291
69 20 961 73 253 33 76 138 141 33 234 94 254 122 245 23 4 18 157 64 129 110 299 11 231 139 129 46 184 43 174 45 7 4 253 31 140 30 58 117 119 28 1
70 20 948 55 97 13 101 110 258 31 66 9 5 79 60 121 80 131 70 36 290 4 41 84 136 29 18 28 2 50 227 19 29 89 278 58 99 75 119 83 36 81 264
71 20 668 86 114 41 91 3 296 50 184 26 114 11 69 7 4 2 215 112 279 4 249 79 213 55 253 13 260 28 153 20 116 43 297 7 140 111 201 104 120 34 74
72 20 832 70 138 125 83 30 176 102 92 7 214 1 46 114 190 96 253 9 260 47 233 27 276 15 108 5 123 84 211 35 40 65 134 55 267 74 167 48 99 32 21
73 20 728 20 156 35 270 70 270 51 177 74 53 10 155 3 276 132 5 63 199 6 70 39 164 100 117 50 124 30 267 112 198 29 49 10 237 31 21 32 66 14 35
74 20 975 36 59 60 271 45 90 4 267 59 294 22 168 61 192 67 98 1 102 11 5 101 62 41 169 67 56 107 76 121 23 33 37 9 265 122 210 131 284 121 22
75 20 656 24 252 15 99 35 235 12 193 54 255 58 60 105 58 3 69 25 65 7 297 57 6 17 4 18 103 52 21 7 34 108 185 114 208 1 107 89 180 20 226
76 20 1221 43 106 89 98 123 105 91 102 110 162 100 239 23 2 124 88 91 112 76 45 139 253 109 144 13 146 137 7 46 41 9 158 2 252 129 39 55 188 18 74
77 20 820 56 245 105 105 34 253 50 13 33 66 55 30 38 76 59 300 89 97 46 112 74 268 45 38 14 14 41 82 34 188 59 233 106 155 29 106 21 139 37 221
78 20 996 4 49 80 112 81 56 53 71 129 63 64 175 94 268 54 293 51 174 5 225 52 242 76 23 132 100 12 113 23 21 133 75 70 126 51 207 48 91 33 83
79 20 734 5 224 92 124 8 19 72 233 15 247 47 271 71 42 36 294 28 227 22 84 11 249 88 233 45 113 103 110 113 151 21 270 28 138 29 158 70 241 14 214
80 20 918 54 191 13 248 123 71 50 272 124 51 21 240 77 137 51 262 46 254 50 148 112 141 11 175 26 212 1 187 53 43 98 56 73 22 62 251 33 13 70 135
81 20 802 12 23 52 280 85 240 2 179 67 161 25 234 5 12 59 129 97 74 26 57 41 37 105 22 51 237 146 117 39 228 43 5 58 124 36 74 29 135 25 109
82 20 763 46 66 27 213 71 232 7 42 84 233 5 249 76 253 20 113 13 19 45 122 24 259 97 193 38 59 94 218 11 189 7 84 46 270 62 166 81 102 100 12
83 20 886 13 112 60 33 3 130 3 137 91 65 27 173 139 81 88 76 70 271 15 217 87 186 17 23 82 15 34 134 91 215 49 276 47 299 105 119 65 247 22 193
84 20 690 80 62 3 281 18 247 74 245 59 78 29 184 29 175 48 188 34 168 11 266 30 116 66 92 28 209 53 220 41 279 45 233 80 229 25 186 108 136 2 225
85 20 883 74 209 65 277 50 69 76 140 98 67 95 263 9 270 81 50 17 222 27 163 73 32 78 102 82 101 34 186 30 285 31 190 43 213 13 150 51 60 77 93
86 20 872 9 296 97 129 6 277 9 92 98 144 3 256 93 286 29 76 56 137 45 84 86 248 52 200 67 79 65 53 60 116 81 221 28 102 82 97 102 67 22 252
87 20 844 30 91 67 198 81 241 7 285 136 251 84 291 52 241 84 114 18 21 74 12 5 16 28 291 61 164 38 43 98 290 39 31 71 185 55 207 10 14 17 208
88 20 629 124 280 42 183 16 250 62 27 38 121 26 276 21 256 49 10 41 225 31 83 11 15 9 205 5 132 68 134 55 8 4 64 45 26 26 81 85 59 29 234
89 20 892 16 165 68 279 49 9 76 39 4 138 59 72 76 52 99 164 55 9 89 245 70 52 53 286 27 203 83 5 20 2 43 236 11 7 47 169 116 138 55 74
90 20 827 15 81 65 269 120 3 112 161 3 20 60 58 2 220 24 206 81 126 132 1 47 261 22 100 99 130 17 208 78 152 49 107 11 214 4 73 3 199 90 297
91 20 1039 12 183 57 159 40 271 58 241 103 9 51 195 73 104 62 92 85 234 25 119 97 155 124 273 75 57 136 4 90 49 7 230 4 117 103 234 40 189 57 45
92 20 980 7 223 1 56 103 22 83 33 16 252 104 255 64 54 39 250 89 151 38 224 47 263 95 273 82 257 110 3 44 185 58 124 66 225 11 11 113 88 56 236
93 20 764 59 185 30 208 86 215 71 186 61 249 38 138 77 21 14 84 30 154 28 157 21 155 41 44 76 246 58 238 62 288 42 113 8 231 54 80 63 120 37 214
94 20 714 73 198 3 17 13 136 2 127 54 238 68 99 48 4 64 300 114 105 8 96 15 154 41 188 54 296 15 16 50 86 50 152 74 142 86 230 7 112 54 119
95 20 839 3 97 35 212 1 151 109 283 25 125 60 278 42 250 26 107 75 46 37 118 64 22 69 184 3 9 98 205 54 170 4 238 87 14 24 188 129 54 104 257
96 20 955 52 26 22 273 99 255 97 50 106 299 43 148 64 234 144 157 52 250 1 65 37 46 6 157 20 42 58 241 62 235 30 295 48 182 99 151 94 58 60 143
97 20 777 77 34 98 148 131 96 38 23 1 63 62 128 15 78 43 78 16 263 56 171 3 186 123 109 19 131 41 223 9 111 32 73 38 264 77 150 46 161 47 188
98 20 788 36 188 51 214 55 59 21 52 14 119 89 88 57 169 21 45 54 212 10 52 114 108 31 260 5 274 37 277 38 14 47 299 4 158 134 58 73 124 94 93
99 20 775 28 266 36 183 116 119 6 237 36 222 57 170 27 114 61 38 22 113 6 40 64 183 44 159 44 126 58 203 88 107 75 156 7 147 28 14 112 217 54 265
100 20 886 71 200 20 187 4 127 112 292 12 156 72 217 7 171 33 154 17 18 139 208 36 275 138 159 28 48 58 76 17 230 42 279 98 4 81 83 55 272 68 247
101 20 680 33 249 50 281 44 49 32 114 53 133 78 167 72 8 35 203 2 58 57 178 51 239 38 92 26 141 63 91 27 245 25 282 10 148 92 145 9 178 53 3
102 20 774 25 236 96 151 31 180 3 128 17 188 89 21 1 203 60 139 16 65 121 272 1 113 40 194 43 53 35 99 21 94 92 97 39 44 109 57 50 117 79 235
103 20 871 38 19 92 22 65 9 77 210 106 220 52 1 59 6 84 201 55 38 40 181 14 299 29 153 33 141 5 173 59 51 131 85 99 86 2 113 42 222 7 295
104 20 724 79 96 18 208 32 281 23 170 47 156 27 99 47 145 78 237 55 151 29 285 3 142 4 22 45 69 121 131 88 12 7 255 70 119 56 192 59 219 18 299
105 20 910 144 171 15 6 75 194 29 249 75 278 58 127 39 193 34 280 109 91 91 66 70 293 39 129 9 175 7 284 66 41 23 221 26 240 4 101 124 84 101 137
106 20 622 23 261 9 55 97 62 9 217 42 178 52 286 19 104 79 143 90 217 19 78 27 232 99 253 16 169 3 73 30 177 4 73 20 25 27 31 30 274 83 16
107 20 737 40 264 107 73 20 200 44 293 5 247 46 13 89 84 14 113 51 245 10 66 61 122 87 277 35 202 49 102 15 201 52 97 64 93 74 268 34 261 25 215
108 20 807 79 211 20 259 35 21 15 166 62 102 24 243 28 290 140 246 79 271 102 182 129 55 27 49 35 266 41 103 3 163 42 99 35 236 16 245 4 93 93 51
109 20 790 143 211 6 253 24 129 59 94 42 295 19 110 12 114 5 31 29 171 109 146 2 1 60 296 13 123 95 69 31 30 52 152 124 44 51 144 59 175 53 103
110 20 1016 94 12 99 107 78 286 16 8 122 136 26 248 74 203 118 12 38 230 43 162 85 224 108 206 100 65 70 164 2 236 34 157 8 223 49 118 49 235 58 178
111 20 818 33 154 18 169 36 87 47 228 73 16 4 98 25 57 72 31 96 198 85 267 33 44 49 276 134 53 100 38 15 8 71 256 40 76 29 57 58 88 5 290
112 20 825 5 21 37 221 71 119 108 180 6 74 47 28 4 78 40 46 99 148 51 198 107 270 46 56 6 246 80 33 52 67 34 172 45 282 74 34 26 37 94 298
113 20 644 91 150 11 79 14 225 26 26 4 123 26 18 68 222 21 208 26 174 20 158 122 200 111 34 44 203 16 292 56 11 65 105 17 79 28 178 28 203 12 52
114 20 836 68 295 118 162 33 262 42 199 70 260 104 267 69 54 6 66 59 150 1 192 1 169 31 273 55 185 78 241 36 201 17 245 12 70 45 15 135 175 65 250
115 20 747 83 126 35 268 45 98 42 7 64 69 42 22 71 252 17 62 41 213 14 107 36 263 67 242 10 171 69 252 17 57 47 238 47 24 59 197 61 16 67 189
116 20 725 3 172 71 80 48 106 135 197 82 83 30 296 23 201 23 241 26 239 11 175 9 82 106 231 3 232 54 130 19 20 41 143 113 217 35 2 32 239 43 196
117 20 808 63 32 54 206 147 81 64 173 3 260 27 75 45 297 73 158 72 164 2 199 37 95 50 250 46 43 1 212 41 294 104 23 38 217 46 144 84 281 13 63
118 20 576 55 135 36 202 31 201 14 149 39 124 24 213 25 195 6 181 7 254 87 153 23 51 11 69 86 30 25 102 49 32 20 254 19 34 89 64 13 194 62 162
119 20 579 69 251 141 283 18 172 94 242 81 56 32 145 16 136 7 201 23 136 36 210 31 55 4 35 15 22 14 201 28 288 11 163 28 32 5 60 53 98 18 239
120 20 944 5 75 91 60 101 81 24 104 146 39 51 228 28 71 77 134 96 117 71 104 41 249 35 129 117 104 33 109 116 107 31 169 65 3 5 297 36 145 12 221
121 20 1076 119 293 94 114 41 201 132 147 92 114 52 259 72 6 104 7 27 249 37 50 80 298 4 287 43 238 60 201 121 192 14 238 127 208 53 197 62 199 12 6
122 20 922 17 180 31 25 73 36 101 219 147 55 105 7 112 128 7 151 11 156 29 174 12 124 48 141 83 300 21 291 108 178 72 53 64 71 49 261 54 248 9 222
123 20 938 78 123 50 137 94 171 126 217 63 151 104 174 61 244 45 172 32 4 117 300 7 127 111 278 27 87 51 128 86 195 35 24 14 178 28 143 22 194 22 270
124 20 1035 21 194 78 152 6 210 9 94 59 85 89 18 10 7 118 208 78 115 14 215 38 63 87 290 43 198 125 222 115 252 26 178 69 161 120 144 111 184 78 234
125 20 716 48 172 10 107 89 134 67 166 39 203 76 290 16 43 131 38 6 2 17 215 3 244 27 133 125 81 34 220 19 143 101 78 15 142 9 255 23 23 41 183
126 20 736 18 24 7 72 27 275 100 237 36 177 15 230 92 56 61 60 24 123 6 65 83 71 6 160 70 239 30 204 8 193 109 215 79 48 60 296 50 43 40 11
127 20 809 31 143 40 52 104 110 19 11 58 227 1 295 126 292 93 59 56 118 75 106 14 91 62 22 18 178 9 114 1 160 74 218 86 186 61 288 2 68 82 186
128 20 1004 58 215 89 21 112 234 43 211 91 104 31 184 17 167 113 184 46 43 68 279 75 125 98 27 83 25 20 238 42 251 22 277 46 200 81 33 97 294 24 279
129 20 866 10 187 34 130 84 130 22 99 54 229 73 92 104 177 59 288 22 203 104 292 119 89 105 280 2 155 45 193 12 221 10 287 129 98 38 300 2 90 55 106
130 20 708 19 195 1 296 65 95 32 142 36 207 39 210 7 184 76 256 25 37 9 76 128 32 69 73 78 300 40 67 99 102 3 13 87 111 24 118 24 275 24 299
131 20 775 11 245 31 141 108 154 72 176 101 93 32 194 89 6 43 159 66 74 101 86 74 293 49 286 58 1 7 146 42 139 7 25 3 88 61 140 4 92 10 26
132 20 893 101 156 63 92 61 216 16 18 123 13 22 265 17 159 41 22 10 201 25 144 52 168 6 284 58 176 43 63 70 178 38 211 116 40 104 295 100 288 51 261
133 20 876 79 92 117 212 45 27 51 218 79 69 74 222 42 212 126 20 17 244 62 72 8 269 31 250 50 64 40 119 134 216 20 163 14 277 28 165 3 10 76 245
134 20 730 83 23 19 165 28 51 9 73 8 212 74 298 79 3 53 168 25 195 65 287 25 109 110 122 40 131 81 172 7 176 12 233 50 168 28 22 86 250 31 136
135 20 965 17 134 43 40 101 134 60 140 12 233 119 61 2 30 65 291 115 246 30 212 17 240 100 85 103 97 29 65 34 265 90 283 123 112 16 243 20 135 111 158
136 20 870 29 238 32 73 87 282 101 130 4 296 80 293 93 82 68 254 31 275 90 83 4 109 15 191 88 100 53 105 131 232 88 176 6 176 13 63 57 77 18 209
137 20 823 44 145 10 121 125 212 73 61 121 73 58 255 99 161 26 99 26 137 20 117 46 10 37 19 14 205 83 106 98 145 34 263 25 189 40 98 13 205 37 88
138 20 735 81 125 70 67 23 15 75 232 10 123 42 138 11 72 106 159 19 228 1 72 108 16 28 45 24 299 14 283 141 94 35 11 31 160 27 97 40 74 33 84
139 20 833 65 25 29 239 1 13 1 80 112 94 85 167 20 140 71 19 54 248 108 116 20 276 60 185 1 184 24 24 142 51 11 133 104 153 71 33 46 163 17 3
140 20 1004 11 232 18 293 80 68 58 294 31 124 8 73 141 226 85 67 16 181 55 105 63 245 44 112 108 46 133 288 41 222 57 120 84 56 78 63 9 77 135 165
141 20 716 47 189 86 283 79 137 26 136 33 171 60 176 9 12 73 79 5 102 3 200 14 247 20 174 4 278 112 214 97 128 51 296 63 43 3 276 65 32 45 167
142 20 1011 101 70 19 256 130 165 43 297 26 83 109 105 50 293 128 287 57 171 45 299 109 163 61 297 11 92 13 160 31 19 122 8 8 188 90 246 63 99 48 144
143 20 810 31 38 115 159 31 84 36 250 68 90 22 162 32 51 16 143 59 265 68 214 48 51 18 189 57 51 96 92 36 28 4 212 56 37 47 9 74 167 99 275
144 20 687 44 216 89 227 70 189 21 262 7 144 20 160 9 276 43 288 80 254 46 202 57 298 22 300 73 14 34 292 36 35 41 246 12 297 4 254 98 204 53 292
145 20 842 35 294 38 105 126 131 101 291 116 72 5 90 55 201 112 206 34 190 57 193 71 231 32 221 65 163 82 201 50 191 20 217 14 7 15 66 11 173 14 44
146 20 920 73 76 131 133 9 55 35 28 12 289 45 167 95 1 124 81 104 254 1 212 125 85 44 105 80 60 36 257 74 271 33 62 4 209 77 149 32 176 16 249
147 20 893 19 268 6 209 45 2 116 89 12 156 94 188 88 125 61 103 55 209 80 262 71 237 17 50 29 296 88 221 2 35 68 243 37 9 77 179 55 152 97 184
148 20 1079 27 297 61 58 44 218 5 258 88 150 92 143 17 114 112 145 47 275 26 146 125 70 132 248 83 251 58 99 22 71 60 149 103 165 39 68 120 239 88 287
149 20 805 31 88 49 246 4 277 2 110 32 151 100 43 81 145 37 41 52 170 14 138 110 171 16 238 77 105 36 91 110 162 24 155 44 35 51 93 110 118 27 82
150 20 720 9 86 3 140 41 153 105 163 9 188 49 5 4 58 40 218 20 286 32 18 46 55 29 102 41 249 31 99 41 22 77 232 95 282 86 84 79 48 63 179
151 20 812 39 67 16 79 61 121 56 158 26 243 94 161 2 30 125 237 49 293 87 169 86 138 92 59 48 163 9 237 2 142 127 200 35 92 54 289 6 89 1 81
152 20 782 37 215 38 244 70 157 30 109 73 119 20 191 38 126 27 159 23 224 70 9 35 226 59 174 6 236 16 29 37 123 64 77 143 36 85 217 35 176 72 24
153 20 1070 88 184 77 78 69 283 101 295 103 279 70 111 44 235 81 5 112 183 55 249 49 133 95 232 23 40 101 125 36 23 38 11 3 224 23 156 126 257 44 195
154 20 781 110 120 2 68 10 210 83 152 12 234 70 184 2 59 126 177 4 198 7 79 22 167 55 102 42 276 30 69 27 140 23 22 117 154 76 75 119 136 40 20
155 20 778 78 80 41 101 23 114 82 246 56 5 78 245 31 166 63 51 21 202 17 108 19 300 20 93 108 91 49 19 55 243 40 272 69 237 1 182 71 189 51 94
156 20 1132 73 220 93 298 2 91 84 136 38 193 70 230 81 216 82 168 106 161 134 168 68 167 59 27 30 290 83 141 56 9 58 134 105 171 24 13 78 208 91 159
157 20 916 1 212 64 75 75 100 121 242 21 182 29 101 115 150 8 269 27 77 117 108 11 185 65 254 84 4 24 121 129 46 13 299 76 113 83 10 34 32 48 282
158 20 862 53 259 22 63 101 15 82 276 50 123 2 57 40 223 65 100 79 161 62 168 6 165 44 300 78 91 9 147 83 53 65 193 7 188 123 243 85 141 22 83
159 20 885 49 284 5 274 73 61 12 1 103 51 4 60 65 79 76 231 28 163 57 262 78 121 21 285 37 210 25 166 4 238 50 62 111 297 65 92 120 11 124 277
160 20 656 1 235 25 208 73 147 71 140 56 20 106 253 13 164 112 155 2 105 53 20 17 235 38 197 44 41 50 123 57 245 8 4 8 84 7 133 66 232 14 110
161 20 910 75 88 67 99 72 287 74 156 59 276 7 256 4 276 1 70 70 247 107 48 21 105 95 141 8 267 33 54 71 240 112 298 82 254 43 103 29 260 108 246
162 20 958 63 240 65 198 67 61 37 123 73 277 11 136 74 22 95 238 31 22 97 23 75 24 68 281 82 215 7 174 4 136 15 266 145 215 89 142 72 254 28 211
163 20 949 100 213 71 181 71 128 108 20 140 148 37 255 59 90 50 186 50 163 16 293 30 261 15 112 62 263 45 29 46 69 52 200 23 77 73 15 79 254 60 106
164 20 621 95 31 66 203 30 194 59 156 72 48 76 194 87 202 19 282 7 64 24 229 6 104 17 172 7 204 13 39 4 56 29 219 7 50 51 152 25 130 83 175
165 20 860 68 135 66 100 38 289 94 172 74 89 94 9 50 258 10 210 62 251 104 106 64 46 3 43 42 94 18 189 92 253 20 228 41 96 3 242 117 296 16 205
166 20 780 96 261 48 220 131 227 43 300 44 206 87 289 44 76 23 117 56 245 5 279 14 110 43 100 103 44 15 218 31 232 51 267 70 251 16 85 1 44 55 43
167 20 804 12 45 89 103 5 58 11 132 71 218 79 150 5 84 105 189 87 64 17 246 6 121 69 41 53 160 47 298 32 66 95 207 60 4 44 208 112 58 7 92
168 20 719 11 58 14 174 39 257 26 214 65 8 82 196 20 279 76 177 76 99 78 211 28 262 32 9 4 136 125 123 36 21 2 203 38 248 11 195 74 255 62 76
169 20 1002 132 244 93 269 102 234 51 111 22 38 22 98 76 108 95 101 60 8 3 221 52 175 93 144 22 270 48 156 18 292 69 211 85 15 32 168 40 43 138 133
170 20 592 51 146 81 192 3 171 4 80 50 229 38 23 13 271 2 278 84 140 26 23 34 92 78 24 12 36 3 72 40 276 34 242 33 213 136 40 3 12 15 182
171 20 690 5 172 65 256 32 182 66 46 120 80 48 202 77 225 20 238 43 286 93 214 47 299 42 211 41 263 43 251 44 294 22 292 15 241 8 151 12 258 20 142
172 20 902 45 178 106 277 99 220 99 151 41 79 53 60 8 24 70 79 44 78 110 75 73 291 8 235 23 58 79 41 17 196 54 161 24 17 8 116 24 147 143 152
173 20 782 20 190 30 140 64 141 52 4 108 3 34 68 13 11 106 17 131 7 28 37 68 106 82 203 1 253 11 295 80 237 6 118 6 124 3 33 109 127 26 114
174 20 995 27 95 19 240 121 93 146 56 110 295 126 209 64 19 88 146 13 282 62 15 94 248 22 210 25 295 12 159 32 180 71 46 85 219 23 45 68 23 36 226
175 20 740 51 286 81 293 29 27 7 148 66 194 115 4 26 73 16 88 79 260 49 220 26 117 10 66 59 211 3 49 89 135 55 235 46 225 103 152 6 261 10 173
176 20 819 71 213 109 22 7 208 81 29 26 190 70 105 14 207 5 64 38 79 86 118 44 177 57 78 69 120 115 52 22 13 68 136 59 231 63 54 10 90 10 68
177 20 664 51 111 57 249 86 131 69 292 15 79 96 273 8 130 13 158 6 214 16 1 4 2 36 47 14 172 33 49 114 218 79 277 48 118 18 146 10 100 58 154
178 20 888 65 270 61 160 7 136 28 252 62 160 13 109 7 277 99 28 89 187 57 137 75 98 7 263 88 84 112 89 48 181 99 4 56 241 9 128 81 25 48 149
179 20 722 12 196 19 41 27 280 95 119 54 83 128 141 43 83 14 75 16 149 48 64 2 91 93 177 31 235 141 52 82 117 4 276 30 59 12 97 38 54 14 238
180 20 982 65 197 138 58 103 228 6 116 100 227 33 143 7 78 44 2 107 270 35 86 71 70 65 68 21 2 21 37 6 143 45 114 74 125 31 201 126 106 130 191
181 20 796 23 159 105 241 68 36 31 285 51 178 40 73 104 27 40 91 55 192 68 207 100 189 46 119 44 136 50 6 1 231 12 74 47 79 1 143 54 146 56 46
182 20 747 73 62 42 228 19 269 28 260 109 13 67 12 52 119 45 120 27 7 133 249 9 159 55 269 36 175 2 281 98 156 4 115 52 259 53 37 13 72 17 235
183 20 704 110 77 24 80 79 269 54 110 53 274 31 8 3 197 27 14 66 186 4 64 91 157 7 143 104 63 49 285 21 297 28 81 38 261 7 126 12 176 72 202
184 20 907 24 123 17 47 71 279 74 219 98 72 4 106 17 232 51 263 98 153 65 243 99 231 39 105 85 8 27 207 89 234 57 41 15 232 131 9 55 52 18 229
185 20 712 35 124 32 36 5 188 18 38 66 267 50 279 47 299 50 166 113 44 5 198 53 291 44 3 4 107 40 232 11 236 44 263 69 157 5 189 108 187 91 88
186 20 1072 88 106 9 56 71 128 4 189 136 237 122 21 41 63 54 97 41 13 60 253 106 128 54 5 83 207 81 245 91 128 39 180 36 116 6 54 121 80 98 285
187 20 656 98 284 25 46 6 14 18 143 27 108 53 169 70 147 24 190 70 5 24 115 30 49 41 263 1 290 51 128 95 27 9 29 48 26 37 298 65 36 29 54
188 20 1068 71 194 95 185 41 46 39 253 123 9 121 158 69 293 114 115 6 10 72 68 94 275 68 67 47 28 123 96 28 254 43 224 28 140 53 126 91 234 10 136
189 20 780 4 265 101 240 98 101 45 209 54 108 48 8 13 55 3 244 107 292 9 290 54 37 16 292 45 135 22 236 52 63 21 31 75 239 89 96 105 208 14 142
190 20 866 73 230 56 293 47 219 15 138 86 209 61 252 66 83 55 203 2 188 89 44 109 126 36 273 31 28 55 28 91 235 52 50 38 88 5 54 27 171 89 226
191 20 679 19 96 25 267 9 158 129 71 46 175 63 60 48 227 110 282 71 204 56 275 39 80 39 78 54 241 19 37 24 172 25 70 31 276 14 35 6 35 22 178
192 20 739 81 123 77 127 57 21 39 62 85 258 26 282 33 136 34 72 48 72 29 271 68 293 91 113 68 237 6 46 11 99 14 132 19 2 29 103 22 58 87 82
193 20 785 9 50 121 243 3 296 32 47 35 21 85 300 95 11 14 245 129 101 3 187 48 82 14 183 19 261 72 57 26 85 61 261 93 37 27 196 47 188 49 267
194 20 900 21 275 63 268 68 238 94 5 33 249 93 44 138 197 15 296 7 97 71 80 36 289 27 35 12 38 18 38 75 1 81 174 48 98 88 235 91 216 47 251
195 20 777 116 267 90 239 49 40 7 89 5 155 42 35 52 37 9 230 37 271 63 224 107 116 93 29 94 288 38 179 19 232 41 149 10 87 31 23 68 126 1 268
196 20 832 10 118 73 113 70 236 109 249 81 64 11 12 58 176 33 59 6 239 112 229 127 81 6 123 19 31 54 277 108 255 22 146 1 161 32 226 38 234 70 94
197 20 639 77 262 10 213 40 48 38 274 26 158 3 300 87 72 64 245 16 211 15 291 13 178 34 240 29 149 45 113 18 45 3 27 94 116 112 36 24 255 51 261
198 20 828 52 258 127 161 15 234 131 270 116 63 2 173 1 234 29 112 59 149 53 107 21 231 43 236 42 279 3 202 127 192 58 294 12 275 19 194 114 31 11 92
199 20 676 65 281 5 188 95 50 108 138 12 114 18 231 96 8 10 233 24 63 4 3 41 49 5 272 103 230 30 82 9 238 79 147 89 281 10 146 32 17 10 196
200 20 788 30 124 35 83 34 5 66 192 47 121 82 252 4 287 39 13 42 165 35 160 12 295 71 137 53 22 28 85 97 236 58 176 50 179 86 248 81 25 35 30
201 20 813 108 229 92 129 37 238 2 29 66 206 117 108 47 11 18 84 3 171 25 190 38 193 106 236 53 8 5 252 112 67 79 247 40 56 51 84 14 244 4 41
202 20 631 18 136 68 25 15 96 31 234 90 132 23 224 35 2 100 72 29 271 9 174 35 275 29 245 33 161 23 190 3 20 52 255 47 49 25 229 12 272 112 114
203 20 749 50 216 55 225 49 68 12 225 55 147 70 41 137 168 72 141 4 117 30 278 29 231 107 28 92 19 26 114 28 295 47 104 11 118 34 188 5 126 24 76
204 20 906 35 147 14 176 32 70 86 209 33 47 18 291 75 171 96 91 46 255 71 50 63 290 52 271 5 72 105 115 65 157 85 73 55 43 24 192 132 207 41 231
205 20 947 10 280 23 294 81 246 23 230 20 190 24 89 85 29 78 182 115 21 77 64 35 163 79 77 121 72 11 77 87 283 1 284 98 141 99 290 13 187 104 87
206 20 948 115 213 88 240 10 177 41 22 13 102 2 238 34 284 32 205 18 180 37 269 90 166 19 236 132 233 141 78 29 250 92 291 92 216 56 256 128 192 16 263
207 20 872 127 182 34 54 34 110 6 177 82 238 118 52 6 46 36 29 60 56 52 279 14 284 94 215 73 100 66 96 55 136 69 98 103 196 31 63 17 26 13 30
208 20 986 11 47 23 82 74 203 84 188 8 235 106 35 20 1 39 162 82 91 47 124 44 92 95 236 112 161 91 126 49 96 8 42 115 180 87 162 128 39 10 161
209 20 561 1 131 67 126 11 120 23 274 115 254 54 46 20 208 5 294 20 122 13 134 16 14 50 69 23 265 69 172 1 143 96 145 7 269 59 123 5 246 47 130
210 20 913 75 36 87 76 63 292 46 220 5 220 43 232 87 62 72 17 4 1 35 74 40 151 122 72 1 220 62 118 113 289 30 197 36 158 15 227 123 191 83 238
211 20 718 56 120 37 288 29 277 3 162 62 173 17 238 60 17 35 41 3 194 87 129 105 168 36 217 28 114 91 172 57 155 62 71 14 275 4 200 72 113 40 115
212 20 742 95 167 67 270 36 210 22 272 19 149 22 169 1 228 68 62 76 212 31 89 124 235 22 221 50 185 81 56 2 190 70 88 72 172 23 200 15 30 32 88
213 20 1062 56 261 6 136 112 242 8 263 102 42 37 223 140 167 64 268 67 122 114 5 45 166 49 220 125 216 36 63 2 29 47 172 21 299 67 57 99 68 131 254
214 20 941 52 106 59 221 45 119 32 52 16 123 114 140 69 272 5 294 132 211 121 262 82 52 54 88 28 187 16 120 72 149 25 204 109 243 16 157 35 161 95 104
215 20 734 28 223 11 270 63 91 23 250 51 225 27 164 9 157 49 121 44 79 44 231 32 143 118 119 13 173 91 242 33 269 57 95 6 287 118 276 33 82 68 125
216 20 888 57 140 7 269 76 259 34 20 29 14 19 246 7 69 32 82 101 157 46 72 82 235 29 30 33 281 110 187 80 83 23 233 50 29 129 194 80 268 86 132
217 20 1033 10 35 53 57 125 1 95 58 60 27 95 168 93 241 19 31 26 94 69 222 53 137 125 14 120 255 92 291 8 183 9 102 92 290 1 210 113 88 34 213
218 20 936 44 171 70 231 67 221 85 96 92 169 66 158 53 32 8 219 80 270 13 33 72 190 37 256 106 249 125 217 39 273 54 154 66 70 43 266 13 254 37 271
219 20 842 9 114 113 85 71 48 21 182 30 96 44 124 45 251 124 6 12 43 58 32 59 216 86 85 1 283 49 196 85 137 56 131 106 289 8 175 5 189 71 161
220 20 817 16 251 29 179 3 187 136 262 70 40 93 263 83 68 121 81 5 275 81 141 15 153 105 205 24 19 4 35 41 84 84 92 9 236 10 67 52 281 41 4
221 20 1004 70 35 23 97 91 197 88 206 68 203 124 13 82 84 82 166 69 170 121 115 83 217 1 196 6 253 25 19 22 209 32 161 57 121 109 183 99 91 4 241
222 20 1026 46 84 42 6 69 37 78 59 62 160 147 220 131 45 34 70 64 163 69 250 36 28 78 20 12 112 59 17 71 258 40 191 97 280 111 7 12 75 25 207
223 20 543 5 283 94 274 35 253 66 105 50 288 90 210 28 296 19 115 3 79 4 139 33 57 42 18 1 271 65 214 5 48 68 115 34 143 15 229 6 110 16 29
224 20 952 134 67 39 199 97 194 31 2 35 211 20 46 39 293 15 169 84 95 90 15 141 80 34 171 50 73 75 169 64 109 34 143 39 243 34 28 108 282 28 84
225 20 762 115 158 82 66 7 94 20 284 8 263 26 297 40 200 54 280 36 144 9 28 70 38 70 210 46 16 77 136 13 90 98 14 97 145 45 26 1 172 39 266
226 20 732 17 76 27 207 98 190 10 259 110 88 37 68 56 143 98 138 49 90 36 236 9 193 86 62 48 180 16 275 50 222 53 188 6 114 52 227 23 145 35 267
227 20 1045 65 174 73 63 32 179 23 154 3 121 66 106 124 105 88 213 14 130 44 220 61 296 85 29 95 175 133 161 137 152 23 129 25 103 78 246 51 219 87 90
228 20 816 1 173 20 166 11 41 94 215 85 56 59 30 57 237 128 294 57 90 28 28 61 19 65 144 64 153 5 273 17 298 86 67 44 242 19 289 41 94 78 205
229 20 749 34 231 50 228 28 258 30 128 22 220 142 195 6 221 49 61 1 15 56 158 44 21 39 191 117 270 24 216 91 110 65 209 14 223 83 134 37 163 5 285
230 20 804 88 31 4 31 48 117 28 152 13 40 35 25 92 123 45 39 27 1 30 41 12 159 11 138 47 3 59 172 55 36 75 154 81 169 114 174 121 35 20 190
231 20 857 16 6 60 53 78 114 118 143 11 53 46 135 95 65 31 198 1 102 41 169 128 276 36 111 24 286 74 116 2 297 109 187 12 191 9 27 94 38 87 36
232 20 938 21 191 50 300 64 274 64 179 84 181 136 200 42 218 62 65 8 17 3 52 141 289 74 137 42 29 50 143 93 245 103 223 26 57 17 81 25 263 68 187
233 20 1106 13 132 80 68 100 65 80 35 145 255 92 2 99 195 64 263 72 122 37 24 52 198 52 2 45 7 58 292 98 21 117 27 130 13 10 268 10 281 29 120
234 20 690 55 29 7 172 10 144 73 232 71 43 10 286 14 75 74 224 23 170 27 206 46 66 118 206 24 195 5 173 109 226 45 69 8 105 17 183 94 109 33 155
235 20 879 16 193 11 220 57 286 38 284 1 180 87 175 77 12 50 111 88 60 4 56 94 77 109 254 12 293 17 8 67 295 83 202 107 278 5 89 101 259 75 225
236 20 864 68 88 59 278 74 53 4 229 60 167 37 200 126 139 13 122 42 281 68 55 57 290 9 181 7 10 126 118 4 75 45 20 123 204 5 148 65 29 88 88
237 20 936 51 119 136 277 52 33 4 62 3 119 126 2 80 273 56 10 33 12 73 213 116 118 23 161 12 89 38 173 102 49 65 256 104 148 24 187 38 44 35 211
238 20 800 29 188 103 33 24 57 119 230 51 3 65 99 116 34 135 291 16 132 30 19 19 231 51 42 37 241 4 56 3 30 73 138 99 137 15 245 4 151 7 161
239 20 631 2 40 49 30 58 125 69 276 28 95 17 149 56 101 22 8 13 263 25 175 23 161 14 76 20 70 118 259 68 278 29 130 80 164 22 270 54 273 22 118
240 20 871 30 76 104 8 78 248 38 93 56 181 63 135 93 299 91 51 43 190 42 140 61 117 10 14 3 298 19 18 55 280 41 227 4 32 36 242 110 142 112 138
241 20 818 124 279 25 83 28 90 33 7 10 187 52 50 9 139 17 69 122 139 74 55 106 63 20 249 20 89 40 195 93 113 15 28 11 93 68 53 110 104 46 139
242 20 783 74 140 22 140 48 224 77 137 27 6 5 42 11 13 5 220 41 6 49 272 33 78 63 45 63 163 64 143 115 249 119 69 51 297 2 155 48 58 62 139
243 20 816 4 20 58 13 16 59 64 31 27 153 11 82 9 187 66 45 57 267 15 29 117 170 23 247 32 119 132 208 141 155 57 294 54 98 34 63 67 219 36 91
244 20 936 9 249 64 60 87 156 12 294 103 131 143 251 28 293 21 293 107 16 18 293 129 274 40 13 3 204 110 208 122 33 32 96 105 240 8 152 11 195 18 273
245 20 988 12 46 25 176 6 125 107 34 80 19 73 108 99 168 96 192 101 87 82 219 40 249 84 150 49 105 58 286 42 94 3 243 46 244 119 209 87 90 26 174
246 20 763 133 194 120 12 79 247 9 281 34 170 33 248 88 179 57 20 24 128 55 280 56 245 71 230 23 273 5 219 35 298 47 138 10 260 39 290 13 104 23 30
247 20 852 12 283 74 33 37 272 35 118 64 253 7 29 52 256 48 134 24 253 57 150 2 229 20 91 119 173 84 152 77 20 91 237 79 118 3 66 59 177 122 13
248 20 749 42 82 79 76 85 105 89 179 67 127 40 4 19 32 25 168 14 268 46 35 92 32 45 234 16 104 48 155 23 88 92 143 4 293 39 294 21 257 51 59
249 20 748 11 180 111 17 37 249 114 214 11 264 6 81 28 94 36 145 70 161 11 15 56 285 92 88 17 96 136 226 11 251 13 199 14 258 68 129 15 158 78 69
250 20 1072 87 189 10 20 70 239 95 76 93 161 108 26 53 33 21 188 133 44 69 108 27 199 23 139 36 260 114 156 32 161 89 295 34 187 118 43 33 229 96 203
251 20 1012 3 96 2 166 14 287 29 113 55 148 141 196 27 8 121 92 52 68 45 17 2 211 61 49 29 247 112 231 108 85 87 254 80 278 144 152 96 220 58 96
252 20 727 23 255 1 133 33 268 107 94 55 79 98 275 24 138 53 106 98 6 10 10 96 125 17 63 41 179 5 12 17 138 17 5 56 26 30 287 14 112 114 223
253 20 798 26 173 75 115 43 127 14 96 5 225 103 48 82 170 33 173 52 102 5 90 77 74 77 223 92 95 37 200 51 52 77 118 36 212 3 273 50 63 60 189
254 20 929 53 123 10 187 58 168 79 158 135 258 37 275 2 227 4 5 95 187 65 144 66 253 13 92 90 7 37 119 64 202 110 70 98 172 92 246 26 120 28 163
255 20 674 57 157 23 172 125 79 59 167 22 291 3 248 22 72 126 148 65 187 28 62 38 250 67 57 15 95 13 239 15 82 44 286 22 69 36 217 51 166 12 214
256 20 656 9 231 40 14 66 76 4 129 48 190 30 62 100 105 55 30 70 145 48 13 14 96 92 267 71 167 4 287 13 205 26 56 21 47 3 264 78 245 28 191
257 20 744 12 214 5 39 71 184 69 167 1 295 10 58 20 88 146 194 15 255 58 136 94 41 112 72 56 181 16 106 37 87 19 92 94 71 56 67 13 167 26 106
258 20 796 50 229 92 177 36 228 57 215 29 247 89 158 45 35 1 82 21 146 33 186 85 229 68 4 7 162 10 71 74 201 84 169 40 20 96 155 60 72 19 267
259 20 1051 13 9 18 278 101 140 68 153 54 64 85 99 42 36 62 123 105 168 131 84 111 259 58 135 38 222 88 211 92 164 20 229 107 44 58 70 24 47 39 114
260 20 972 137 5 55 5 102 56 103 143 128 262 103 192 41 293 52 64 85 228 36 197 18 202 68 168 9 87 63 237 33 205 38 280 9 274 15 45 11 28 110 153
261 20 932 31 188 39 157 44 119 93 10 142 253 15 49 17 42 14 53 83 153 51 29 13 122 59 297 80 123 125 73 99 41 106 63 16 174 35 232 16 183 88 273
262 20 785 28 145 57 261 44 139 3 55 12 76 56 183 25 84 6 53 74 173 93 62 111 90 34 60 101 230 15 45 71 9 92 21 14 274 30 8 30 138 86 120
263 20 1022 123 179 88 68 67 277 101 275 110 207 87 100 98 119 45 279 55 242 37 246 17 255 16 162 11 208 124 23 89 189 56 275 29 16 62 136 51 245 12 8
264 20 870 87 104 17 87 129 163 16 152 90 93 77 271 1 80 4 5 57 121 20 44 22 7 123 123 9 42 96 272 28 250 58 126 3 271 124 281 57 92 70 235
265 20 679 42 246 18 176 11 207 34 93 56 21 51 164 127 148 17 104 21 161 82 6 38 14 30 168 24 258 74 35 10 159 32 272 50 26 35 118 66 4 31 148
266 20 635 67 104 27 57 48 43 122 266 33 264 3 213 20 59 40 6 58 299 8 20 38 216 11 220 71 297 1 40 112 244 3 196 47 138 53 115 6 202 26 156
267 20 820 33 167 3 23 119 280 118 214 29 273 22 131 72 264 98 167 23 245 112 129 20 5 90 170 39 243 47 222 24 98 51 3 26 29 1 174 8 255 91 194
268 20 958 17 147 58 53 73 122 81 46 109 107 81 253 29 203 106 207 68 162 49 229 39 185 18 57 34 158 128 80 45 11 40 246 80 250 101 159 24 17 18 151
269 20 1065 95 266 132 196 83 212 63 52 90 89 107 90 33 66 76 93 19 21 8 114 25 207 40 102 41 259 120 154 7 175 79 277 17 266 107 21 124 200 66 217
270 20 940 42 41 96 39 16 92 49 234 52 233 77 136 85 67 60 36 54 164 16 258 25 92 32 213 55 210 9 169 87 264 69 7 70 297 88 124 135 178 58 98
271 20 899 15 34 92 279 39 264 19 104 133 189 111 200 11 23 68 212 12 218 46 196 126 285 135 286 50 187 2 194 29 197 8 90 44 199 62 283 40 104 82 37
272 20 843 8 160 17 166 122 18 65 111 20 287 120 157 24 105 117 70 58 296 33 13 89 155 28 91 83 174 20 68 66 144 24 200 21 181 2 283 58 71 79 229
273 20 870 44 75 29 74 63 228 24 138 66 245 85 174 103 162 33 159 24 260 33 43 118 279 10 264 15 192 73 61 37 218 72 277 59 6 5 211 77 283 118 293
274 20 913 10 40 31 81 60 256 29 129 52 190 31 269 6 287 30 236 1 66 132 271 71 117 101 84 71 180 12 87 113 205 123 283 22 192 111 293 49 164 87 227
275 20 996 112 183 103 89 29 150 45 19 28 112 48 41 92 42 45 150 50 42 13 98 2 33 94 90 86 284 111 30 34 115 79 295 141 16 67 12 42 197 24 296
276 20 996 21 77 96 161 38 128 63 164 70 117 124 198 3 62 26 275 143 272 13 255 61 43 63 72 18 258 91 108 40 175 121 65 81 21 55 194 23 35 96 82
277 20 940 11 264 70 227 70 115 140 38 74 269 26 254 57 204 98 56 63 255 18 29 42 255 33 29 23 296 63 247 75 262 11 268 89 91 20 116 127 117 66 221
278 20 904 21 156 57 42 4 97 32 191 88 1 113 292 8 25 80 249 120 89 30 252 88 155 38 241 1 185 26 95 102 176 39 105 103 26 85 299 35 89 60 31
279 20 828 49 288 122 20 14 262 56 18 88 101 92 230 42 102 39 101 54 180 38 140 64 46 58 43 27 98 61 66 85 295 38 236 62 295 29 201 3 196 14 259
280 20 770 45 14 86 158 21 141 62 22 34 123 7 171 2 184 128 146 38 113 10 279 57 105 29 242 28 297 67 125 38 33 77 1 11 257 109 202 74 39 40 137
281 20 729 57 84 61 235 48 167 57 16 22 248 49 114 71 9 41 13 107 299 45 152 80 97 44 163 39 36 38 188 33 129 6 220 41 221 24 143 25 157 24 55
282 20 638 29 29 46 113 75 53 59 76 13 93 85 154 3 238 41 135 12 10 45 239 22 33 68 155 47 86 12 198 5 180 12 258 42 119 131 42 22 214 29 205
283 20 778 54 40 34 164 1 137 108 139 73 227 11 6 40 93 25 173 91 13 85 238 35 66 27 150 29 135 108 214 5 286 21 132 24 211 35 142 50 181 117 294
284 20 899 47 1 122 63 101 56 62 194 59 233 12 6 145 230 82 288 30 281 20 161 7 274 7 195 11 268 60 9 104 238 19 7 34 45 26 60 44 113 132 34
285 20 696 33 299 1 283 63 96 71 50 3 58 9 22 110 115 41 204 34 38 44 166 48 143 112 2 49 220 24 266 14 285 70 47 75 1 1 51 61 268 8 243
286 20 969 121 69 71 129 1 92 68 16 23 121 95 166 67 247 8 204 16 272 111 101 7 280 35 121 11 213 83 178 131 23 31 224 89 130 14 163 124 151 106 116
287 20 774 18 225 72 125 7 73 120 98 10 111 114 11 116 48 104 257 1 121 34 76 68 298 21 183 45 112 34 143 7 218 50 23 12 1 37 19 93 263 5 103
288 20 727 28 286 30 98 8 45 68 267 82 157 4 93 53 99 88 277 28 68 24 33 25 96 48 235 64 31 14 230 36 72 60 249 6 162 66 146 59 245 118 142
289 20 816 58 67 65 100 8 37 2 250 32 299 12 264 64 102 106 52 15 11 134 214 98 151 10 42 103 56 10 47 128 121 28 71 9 157 59 275 74 266 5 206
290 20 893 62 51 73 278 107 209 11 297 76 175 53 225 21 96 99 245 17 175 16 102 89 246 17 187 6 177 114 190 96 275 90 132 10 249 69 29 61 275 30 184
291 20 846 23 101 93 249 7 174 21 178 37 183 80 84 6 57 35 2 44 149 110 85 92 36 5 286 10 246 107 243 46 92 19 254 40 163 87 194 104 281 92 110
292 20 891 7 157 18 47 119 181 64 146 6 196 28 4 104 31 54 69 86 243 107 185 86 197 43 39 27 1 34 232 47 219 36 276 125 16 86 236 20 226 17 276
293 20 852 49 139 44 56 50 80 10 127 41 21 135 117 28 85 37 199 15 242 48 64 120 78 100 204 5 59 17 285 48 113 72 21 58 279 91 284 90 266 8 35
294 20 967 74 153 112 274 113 253 67 80 95 129 17 59 16 97 73 192 95 11 33 149 79 132 85 155 55 270 11 44 23 18 23 48 50 46 116 251 26 293 46 231
295 20 824 101 30 37 257 76 189 65 53 37 178 75 240 88 9 3 18 44 110 32 192 6 45 87 262 30 282 104 175 6 231 58 215 10 99 24 213 3 36 145 92
296 20 763 83 197 69 120 16 54 130 275 2 31 51 281 35 96 54 93 58 217 54 207 39 245 38 251 24 228 70 286 17 177 128 55 37 31 6 90 17 212 26 64
297 20 908 100 221 27 209 32 58 2 295 126 56 84 108 19 252 36 166 30 143 54 59 81 140 18 207 22 225 92 119 42 39 62 20 126 100 94 175 61 208 28 16
298 20 851 80 260 98 206 88 133 16 64 87 287 107 22 10 122 19 31 80 257 11 55 35 267 82 128 71 290 1 171 29 130 78 95 6 207 24 117 58 233 84 298
299 20 839 13 140 111 43 59 178 18 257 36 282 75 185 18 82 147 41 1 265 49 230 31 247 100 103 10 132 75 83 100 278 36 6 93 41 36 145 29 163 12 137
300 20 958 81 176 124 22 3 17 25 204 1 146 87 85 61 283 125 212 32 164 47 209 38 227 57 128 14 177 115 79 93 35 49 75 17 154 46 6 139 83 44 261
